# q (1/Angstrom), Intensity (arb)
2.029070354705860696e-02 1.769806767428885905e+02
2.133125244372399004e-02 1.505462888411922791e+02
2.237180134038937659e-02 1.319669949233043553e+02
2.341235023705475968e-02 1.202340253307793603e+02
2.445289913372014276e-02 1.119766882208770085e+02
2.549344803038552584e-02 1.020430848163546358e+02
2.653399692705091240e-02 9.158385892258279171e+01
2.757454582371629548e-02 8.321464979191516420e+01
2.861509472038167856e-02 8.002391042749060546e+01
2.965564361704706164e-02 7.545615238372626266e+01
3.069619251371244473e-02 7.107143895433421221e+01
3.173674141037782781e-02 6.802704072737346053e+01
3.277729030704321089e-02 6.560061921590677514e+01
3.381783920370859398e-02 6.246664699875000792e+01
3.485838810037397706e-02 6.107481368158471469e+01
3.589893699703936014e-02 5.938718850036541852e+01
3.693948589370474322e-02 5.762869200826848015e+01
3.798003479037012631e-02 5.620575422857864822e+01
3.902058368703550939e-02 5.550009277697449761e+01
4.006113258370089247e-02 5.619314929017185278e+01
4.110168148036627556e-02 5.667305787917388216e+01
4.214223037703165864e-02 5.590135666024863070e+01
4.318277927369704866e-02 5.648266364806538320e+01
4.422332817036243174e-02 5.754996701918521751e+01
4.526387706702781483e-02 5.753003527701457642e+01
4.630442596369319791e-02 6.010381801684987835e+01
4.734497486035858099e-02 6.277410216728648606e+01
4.838552375702396408e-02 6.522861513058767002e+01
4.942607265368934716e-02 6.921926478074888678e+01
5.046662155035473024e-02 7.395131392091255407e+01
5.150717044702011332e-02 8.154435961214907991e+01
5.254771934368549641e-02 9.081750086814741962e+01
5.358826824035087949e-02 1.023407953403523152e+02
5.462881713701626257e-02 1.184408069558299985e+02
5.566936603368164566e-02 1.419546205048056891e+02
5.670991493034702874e-02 1.803817962402849844e+02
5.775046382701241182e-02 2.414953715372847114e+02
5.879101272367779490e-02 3.356885073216524802e+02
5.983156162034317799e-02 4.646396687806674208e+02
6.087211051700856107e-02 6.292498462347357417e+02
6.191265941367394415e-02 7.820821414589933056e+02
6.295320831033933417e-02 8.501122531507295434e+02
6.399375720700471726e-02 8.282821325128101080e+02
6.503430610367010034e-02 7.585509594381192073e+02
6.607485500033548342e-02 6.617216098473912780e+02
6.711540389700086651e-02 5.615643706562448187e+02
6.815595279366624959e-02 4.684896555558992191e+02
6.919650169033163267e-02 3.876709005420299263e+02
7.023705058699701576e-02 3.176192619095247665e+02
7.127759948366239884e-02 2.604154802428503785e+02
7.231814838032778192e-02 2.126811813308006549e+02
7.335869727699316500e-02 1.704749619097740947e+02
7.439924617365854809e-02 1.356661414669984538e+02
7.543979507032393117e-02 1.076295452357038300e+02
7.648034396698931425e-02 8.358509483017208197e+01
7.752089286365469734e-02 6.513554274863847127e+01
7.856144176032008042e-02 5.181717760351739344e+01
7.960199065698546350e-02 4.085588701844346105e+01
8.064253955365084658e-02 3.168599215105925992e+01
8.168308845031622967e-02 2.533346906380344876e+01
8.272363734698161275e-02 2.025677886005502870e+01
8.376418624364699583e-02 1.583054190556988061e+01
8.480473514031239279e-02 1.353217634090430010e+01
8.584528403697777588e-02 1.206149155589477573e+01
8.688583293364315896e-02 1.051223862073227622e+01
8.792638183030854204e-02 9.657031433155204070e+00
8.896693072697392513e-02 9.243233614214041438e+00
9.000747962363930821e-02 8.918506949156352448e+00
9.104802852030469129e-02 8.771343318297581959e+00
9.208857741697007437e-02 8.799551172588529369e+00
9.312912631363545746e-02 8.939798091318273521e+00
9.416967521030084054e-02 9.595344093763571891e+00
9.521022410696622362e-02 1.029590081298712789e+01
9.625077300363160671e-02 1.109254473186344114e+01
9.729132190029698979e-02 1.340408609016883901e+01
9.833187079696237287e-02 1.677972378202724713e+01
9.937241969362775595e-02 2.092433871633433284e+01
1.004129685902931390e-01 2.665252607417274078e+01
1.014535174869585221e-01 3.201849811511885946e+01
1.024940663836239052e-01 3.386341429628883759e+01
1.035346152802892883e-01 3.455181126492507104e+01
1.045751641769546714e-01 3.524509783226297799e+01
1.056157130736200545e-01 3.467787515565265011e+01
1.066562619702854375e-01 3.343845328821231533e+01
1.076968108669508206e-01 3.190250693321932118e+01
1.087373597636162037e-01 2.960845909115765551e+01
1.097779086602815868e-01 2.837166400258958276e+01
1.108184575569469699e-01 2.784517375662475303e+01
1.118590064536123529e-01 2.771410619949413956e+01
1.128995553502777360e-01 2.780955038601836549e+01
1.139401042469431191e-01 2.794310834588761594e+01
1.149806531436085022e-01 2.913694032158240077e+01
1.160212020402738853e-01 3.167850695937616479e+01
1.170617509369392684e-01 3.569468723555360867e+01
1.181022998336046514e-01 3.951622599511411238e+01
1.191428487302700345e-01 4.128265194954503414e+01
1.201833976269354176e-01 4.091877484635548257e+01
1.212239465236008007e-01 4.000061022222581641e+01
1.222644954202661838e-01 3.923685845229421432e+01
1.233050443169315669e-01 3.778318992314474656e+01
1.243455932135969499e-01 3.521486117749697087e+01
1.253861421102623330e-01 3.222340839439261373e+01
1.264266910069277161e-01 2.857622484605540336e+01
1.274672399035930992e-01 2.595057366204201088e+01
1.285077888002584823e-01 2.321932342056395271e+01
1.295483376969238654e-01 2.058680427661182932e+01
1.305888865935892484e-01 1.848037798737207282e+01
1.316294354902546315e-01 1.629029035759737098e+01
1.326699843869200146e-01 1.407836942309501183e+01
1.337105332835853977e-01 1.206914282208241218e+01
1.347510821802507808e-01 9.579992656009196139e+00
1.357916310769161639e-01 8.709944860594440286e+00
1.368321799735815469e-01 8.446200766051241260e+00
1.378727288702469300e-01 6.792909704867113874e+00
1.389132777669123131e-01 5.701853553674979480e+00
1.399538266635776962e-01 4.913842318824293898e+00
1.409943755602430793e-01 4.419057018398163450e+00
1.420349244569084624e-01 3.922889050218621776e+00
1.430754733535738454e-01 3.352912553361306891e+00
1.441160222502392285e-01 3.138888387762754917e+00
1.451565711469046116e-01 3.208307396068029504e+00
1.461971200435699947e-01 3.057798405686199317e+00
1.472376689402353778e-01 2.650074198719657659e+00
1.482782178369007609e-01 2.759653950092573638e+00
1.493187667335661439e-01 3.378107943053354489e+00
1.503593156302315270e-01 3.555156927015723056e+00
1.513998645268969101e-01 3.092805082217243040e+00
1.524404134235622932e-01 3.273388990228411899e+00
1.534809623202276763e-01 3.379249729511080602e+00
1.545215112168930593e-01 4.037103965901930991e+00
1.555620601135584424e-01 5.244229208694452637e+00
1.566026090102238255e-01 6.026576972332222226e+00
1.576431579068892086e-01 6.927675434722623038e+00
1.586837068035545917e-01 7.351516738349157976e+00
1.597242557002199748e-01 7.254930197251859170e+00
1.607648045968853578e-01 7.518524383212543682e+00
1.618053534935507409e-01 7.054439644813026433e+00
1.628459023902161240e-01 6.866838377559727036e+00
1.638864512868815071e-01 6.476946619948002137e+00
1.649270001835468902e-01 6.260077835249237665e+00
1.659675490802122733e-01 6.191159027483415400e+00
1.670080979768776563e-01 5.935223241584932197e+00
1.680486468735430672e-01 5.549446360210129825e+00
1.690891957702084503e-01 5.056874225288670033e+00
1.701297446668738333e-01 4.727682741009488154e+00
1.711702935635392164e-01 5.301836496569801938e+00
1.722108424602045995e-01 5.789104332738499892e+00
1.732513913568699826e-01 5.363218120400222944e+00
1.742919402535353657e-01 5.288267429397482289e+00
1.753324891502007488e-01 5.377529572513939371e+00
1.763730380468661318e-01 5.309121747694710791e+00
1.774135869435315149e-01 4.922117854181479402e+00
1.784541358401968980e-01 4.596814997809335779e+00
1.794946847368622811e-01 4.383356578665107861e+00
1.805352336335276642e-01 4.519699246874633758e+00
1.815757825301930473e-01 4.639477826088548085e+00
1.826163314268584303e-01 4.188923473844450740e+00
1.836568803235238134e-01 4.198934325153434344e+00
1.846974292201891965e-01 4.268786737541613974e+00
1.857379781168545796e-01 3.961781123601667787e+00
1.867785270135199627e-01 3.658886312295766885e+00
1.878190759101853458e-01 3.582761290631466977e+00
1.888596248068507288e-01 3.232406463182918799e+00
1.899001737035161119e-01 3.118178598363858356e+00
1.909407226001814950e-01 3.173772799002616551e+00
1.919812714968468781e-01 2.918959759764877759e+00
1.930218203935122612e-01 2.462190992961431846e+00
1.940623692901776443e-01 2.684880760050241122e+00
1.951029181868430273e-01 2.473882316742585630e+00
1.961434670835084104e-01 2.165133690096411101e+00
1.971840159801737935e-01 2.186360613415608611e+00
1.982245648768391766e-01 2.468882909178848450e+00
1.992651137735045597e-01 2.125688102014429148e+00
2.003056626701699428e-01 1.903645003353457099e+00
2.013462115668353813e-01 2.054589835786565288e+00
2.023867604635007644e-01 1.919042798044873877e+00
2.034273093601661475e-01 1.813499704557287373e+00
2.044678582568315306e-01 1.687746292988460795e+00
2.055084071534969137e-01 1.591088091231164015e+00
2.065489560501622968e-01 1.687695580412473362e+00
2.075895049468276798e-01 1.521130445958878141e+00
2.086300538434930629e-01 1.231104255539023029e+00
2.096706027401584460e-01 1.367215374000242178e+00
2.107111516368238291e-01 1.836523202882990091e+00
2.117517005334892122e-01 2.023704009752904653e+00
2.127922494301545953e-01 1.887289882903360194e+00
2.138327983268199783e-01 1.905411769890072549e+00
2.148733472234853614e-01 1.739957861654087168e+00
2.159138961201507445e-01 1.530157968578212291e+00
2.169544450168161276e-01 1.551872981833476217e+00
2.179949939134815107e-01 1.613780484935549708e+00
2.190355428101468938e-01 1.734115130765278678e+00
2.200760917068122768e-01 1.867524858762724449e+00
2.211166406034776599e-01 2.018833806781493934e+00
2.221571895001430430e-01 1.931130664649661099e+00
2.231977383968084261e-01 1.363167955900305373e+00
2.242382872934738092e-01 1.558942120000565978e+00
2.252788361901391923e-01 1.773984965021298876e+00
2.263193850868045753e-01 1.595174866694943461e+00
2.273599339834699584e-01 1.712429446997141724e+00
2.284004828801353415e-01 1.831545755538417808e+00
2.294410317768007246e-01 1.614536566363128145e+00
2.304815806734661077e-01 1.658592160394444903e+00
2.315221295701314908e-01 1.871103787308680211e+00
2.325626784667968738e-01 1.692459060210723010e+00
2.336032273634622569e-01 1.473983961830668932e+00
2.346437762601276400e-01 1.356962154060877168e+00
2.356843251567930231e-01 1.783835639568913223e+00
2.367248740534584062e-01 1.861073873462007811e+00
2.377654229501237892e-01 1.626611291029288253e+00
2.388059718467891723e-01 1.662395866155918611e+00
2.398465207434545554e-01 1.551900034612412327e+00
2.408870696401199385e-01 1.740091768139848227e+00
2.419276185367853216e-01 1.430156484617910451e+00
2.429681674334507047e-01 1.100735735457433861e+00
2.440087163301160877e-01 1.291721352255922994e+00
2.450492652267814708e-01 1.047295128995688884e+00
2.460898141234468539e-01 1.041065473426122878e+00
2.471303630201122370e-01 1.149918927088904752e+00
2.481709119167776201e-01 1.202527550668243350e+00
2.492114608134430032e-01 1.049076832741750565e+00
2.502520097101083585e-01 9.578987038680217836e-01
2.512925586067737416e-01 9.429128406332623058e-01
2.523331075034391247e-01 8.630954827213059843e-01
2.533736564001045077e-01 8.448688715644863123e-01
2.544142052967698908e-01 8.814279322213387502e-01
2.554547541934352739e-01 9.152723481408102657e-01
2.564953030901006570e-01 9.024500569654811954e-01
2.575358519867660401e-01 8.910447715800593471e-01
2.585764008834314231e-01 7.275156174341290694e-01
2.596169497800968062e-01 6.897468789891725294e-01
2.606574986767621893e-01 1.028260846691686936e+00
2.616980475734275724e-01 9.141649924200727639e-01
2.627385964700929555e-01 8.313744071375026579e-01
2.637791453667583386e-01 7.009004682076032111e-01
2.648196942634237216e-01 8.164300670967676865e-01
2.658602431600891047e-01 9.416894313221995105e-01
2.669007920567544878e-01 9.929251729869434939e-01
2.679413409534198709e-01 8.432097373071769653e-01
2.689818898500852540e-01 6.638696966332133798e-01
2.700224387467506371e-01 7.449669796902469443e-01
2.710629876434160201e-01 1.058541054495538702e+00
2.721035365400814032e-01 1.006437561251736668e+00
2.731440854367467863e-01 1.006819443046389040e+00
2.741846343334121694e-01 7.558593162690669942e-01
2.752251832300775525e-01 7.809623961528551206e-01
2.762657321267429356e-01 6.891188132848391490e-01
2.773062810234083186e-01 5.416628516570689555e-01
2.783468299200737017e-01 7.248318783074871874e-01
2.793873788167390848e-01 6.863700838642152746e-01
2.804279277134044679e-01 7.020128485527692419e-01
2.814684766100698510e-01 8.161225152031015284e-01
2.825090255067352341e-01 5.668679272712537909e-01
2.835495744034006171e-01 8.087233232621855450e-01
2.845901233000660002e-01 8.925651215089125401e-01
2.856306721967313833e-01 8.281839343531274267e-01
2.866712210933967664e-01 7.727525375079515868e-01
2.877117699900621495e-01 6.623523477651005464e-01
2.887523188867275326e-01 6.715681849886081523e-01
2.897928677833929156e-01 6.334907700975804801e-01
2.908334166800582987e-01 8.092867780192953830e-01
2.918739655767236818e-01 7.651951343050775733e-01
2.929145144733890649e-01 6.375026246736119617e-01
2.939550633700544480e-01 5.567954133358590241e-01
2.949956122667198311e-01 3.447236516766771786e-01
2.960361611633852141e-01 2.498061750256610480e-01
2.970767100600505972e-01 4.328280172672194226e-01
2.981172589567159803e-01 4.978526960599261031e-01
2.991578078533813634e-01 4.435543756423321327e-01
3.001983567500468020e-01 5.651018964805807343e-01
3.012389056467121851e-01 7.717550211712982389e-01
3.022794545433775681e-01 4.195534155627598238e-01
3.033200034400429512e-01 2.256569039815552458e-01
3.043605523367083343e-01 4.333064077387405177e-01
3.054011012333737174e-01 7.240211153835396374e-01
3.064416501300391005e-01 5.947993233351311915e-01
3.074821990267044836e-01 6.325977496950585532e-01
3.085227479233698666e-01 6.414599123783091272e-01
3.095632968200352497e-01 6.442071209582422853e-01
3.106038457167006328e-01 6.615677913388680054e-01
3.116443946133660159e-01 5.462828677400075605e-01
3.126849435100313990e-01 4.804588862955156969e-01
3.137254924066967821e-01 5.969432662704150516e-01
3.147660413033621651e-01 6.320789576139240751e-01
3.158065902000275482e-01 5.368241052802851243e-01
3.168471390966929313e-01 5.410326864467336350e-01
3.178876879933583144e-01 4.469234692874763937e-01
3.189282368900236975e-01 4.106776135530445515e-01
3.199687857866890806e-01 4.774303955451095760e-01
3.210093346833544636e-01 8.232885869932466960e-01
3.220498835800198467e-01 6.871907371693737332e-01
3.230904324766852298e-01 3.053891388097618176e-01
3.241309813733506129e-01 4.633078722228383128e-01
3.251715302700159960e-01 3.566266682761991547e-01
3.262120791666813790e-01 4.224413319244568754e-01
3.272526280633467621e-01 3.156053690925162414e-01
3.282931769600121452e-01 4.013073386021375200e-01
3.293337258566775283e-01 6.781846778820650457e-01
3.303742747533429114e-01 7.277153960969791058e-01
3.314148236500082945e-01 6.310931226684175499e-01
3.324553725466736775e-01 4.327159722597677671e-01
3.334959214433390606e-01 5.729512363404474229e-01
3.345364703400044437e-01 6.013009244911735607e-01
3.355770192366698268e-01 5.681368149173628979e-01
3.366175681333352099e-01 5.973872029774547343e-01
3.376581170300005930e-01 4.252447862533159650e-01
3.386986659266659760e-01 3.759595606915659971e-01
3.397392148233313591e-01 4.577146740398809754e-01
3.407797637199967422e-01 3.175947080647176790e-01
3.418203126166621253e-01 2.105084197858104744e-01
3.428608615133275084e-01 3.251744232541113888e-01
3.439014104099928915e-01 4.180717418346837633e-01
3.449419593066582745e-01 4.192536646734872363e-01
3.459825082033236576e-01 4.868594615600976283e-01
3.470230570999890407e-01 3.929451482265982065e-01
3.480636059966544238e-01 2.308819290806489732e-01
3.491041548933198069e-01 1.697461157420967481e-01
3.501447037899851900e-01 1.129464676042921667e-01
3.511852526866505730e-01 3.420307888302893673e-01
3.522258015833159561e-01 4.006237871559719110e-01
3.532663504799813392e-01 2.751047354353381991e-01
3.543068993766467223e-01 2.322649601363231397e-01
3.553474482733121054e-01 9.802630986383675804e-02
3.563879971699774885e-01 2.517436659937004606e-01
3.574285460666428715e-01 2.072212204594308105e-01
3.584690949633082546e-01 1.979889196851409849e-01
3.595096438599736377e-01 5.210154762467276157e-01
3.605501927566390208e-01 6.551949078404248894e-01
3.615907416533044039e-01 6.577873069356847680e-01
3.626312905499697870e-01 6.554219879885891942e-01
3.636718394466351700e-01 2.529066232054120178e-01
3.647123883433005531e-01 4.310461773585032574e-01
3.657529372399659362e-01 5.518510346889264895e-01
3.667934861366313193e-01 6.392360877143836717e-01
3.678340350332967024e-01 6.015777288279267054e-01
3.688745839299620854e-01 8.145411454963067399e-01
3.699151328266274685e-01 8.185953183628811303e-01
3.709556817232928516e-01 5.022647409428095955e-01
3.719962306199582347e-01 7.453502023674332122e-01
3.730367795166236178e-01 3.373964472611667986e-01
3.740773284132890009e-01 3.328614167876331464e-01
3.751178773099543839e-01 2.776304467926955510e-01
3.761584262066197670e-01 2.771115714223526538e-01
3.771989751032851501e-01 3.110033234486841991e-01
3.782395239999505332e-01 2.218512472701164029e-01
3.792800728966159163e-01 2.282172017573884659e-01
3.803206217932812994e-01 2.741459267659891452e-01
3.813611706899466824e-01 2.260479490752302922e-01
3.824017195866120655e-01 4.205596560309601273e-01
3.834422684832774486e-01 3.991033516596083075e-01
3.844828173799428317e-01 4.292719198603229813e-01
3.855233662766082148e-01 3.183959579753903313e-01
3.865639151732735979e-01 1.834045917126019276e-01
3.876044640699389809e-01 2.381208010205106973e-01
3.886450129666043640e-01 3.810443518948609665e-01
3.896855618632697471e-01 3.415103742057219449e-01
3.907261107599351302e-01 2.173649722280330820e-01
3.917666596566005133e-01 2.228233802899097782e-01
3.928072085532658964e-01 4.600991682884014722e-02
3.938477574499312794e-01 5.662454481614886959e-02
3.948883063465966625e-01 1.735948792511052829e-01
3.959288552432620456e-01 9.137405786977126354e-02
3.969694041399274287e-01 1.484101863986850844e-01
3.980099530365928118e-01 9.385805988977935499e-02
3.990505019332581949e-01 4.278055854616056308e-01
4.000910508299235779e-01 4.534513811808551509e-01
4.011315997265889610e-01 2.626751193925720429e-01
4.021721486232543441e-01 3.209923829072174328e-01
4.032126975199197272e-01 2.219061070105077249e-01
4.042532464165851103e-01 2.076445589161259875e-01
4.052937953132504934e-01 1.782373710066735839e-01
4.063343442099158764e-01 3.364262947909324453e-01
4.073748931065812595e-01 6.291581849519829461e-01
4.084154420032466426e-01 4.524752256657826877e-01
4.094559908999120257e-01 8.503607184343664471e-02
4.104965397965774088e-01 5.994608014942315322e-02
4.115370886932427918e-01 2.309238610531849645e-01
4.125776375899081749e-01 3.972862379042538805e-01
4.136181864865735580e-01 3.478539632434660689e-01
4.146587353832389411e-01 2.713553699636470640e-01
4.156992842799043242e-01 2.442897639375338770e-01
4.167398331765697073e-01 2.227186201615545258e-01
4.177803820732350903e-01 2.093801211286319131e-01
4.188209309699004734e-01 2.828682697630213738e-01
4.198614798665658565e-01 2.962112348333612033e-01
4.209020287632312396e-01 2.998098779393316704e-01
4.219425776598966227e-01 2.843853646431959703e-01
4.229831265565620058e-01 3.536647023283983060e-01
4.240236754532273888e-01 4.279083422597302899e-01
4.250642243498927719e-01 5.936118508543621886e-01
4.261047732465581550e-01 5.146986379859050942e-01
4.271453221432235381e-01 4.669840538849818756e-01
4.281858710398889212e-01 5.730912808202681674e-01
4.292264199365543043e-01 4.124190235529638926e-01
4.302669688332196873e-01 2.418241262650582257e-01
4.313075177298850704e-01 2.753198873815847492e-01
4.323480666265504535e-01 2.670463623907615158e-01
4.333886155232158366e-01 2.326570375214984665e-01
4.344291644198812197e-01 2.156595331990978082e-01
4.354697133165466028e-01 1.901719145959468449e-01
4.365102622132119858e-01 2.351545510695878249e-01
4.375508111098773689e-01 2.108286451053729138e-01
4.385913600065427520e-01 2.625925854415740446e-01
4.396319089032081351e-01 4.350964984224177101e-01
4.406724577998735182e-01 5.666541911536313592e-01
4.417130066965389013e-01 4.634588492516193980e-01
4.427535555932042843e-01 2.756791840026373563e-01
4.437941044898696674e-01 0.000000000000000000e+00
4.448346533865350505e-01 7.448582495009503646e-02
4.458752022832004336e-01 2.494706641932928903e-01
4.469157511798658167e-01 1.728035584255174228e-01
4.479563000765311997e-01 1.503066130263874811e-01
4.489968489731965828e-01 2.320426094577037190e-01
4.500373978698619659e-01 2.983849767755408777e-01
4.510779467665273490e-01 4.132628170357861563e-01
4.521184956631927321e-01 5.382457995636720227e-01
4.531590445598581152e-01 5.850987198060337846e-01
4.541995934565234982e-01 4.695873512578145892e-01
4.552401423531888813e-01 3.869517358174334731e-01
4.562806912498542644e-01 3.823351282239784155e-01
4.573212401465196475e-01 4.779157972681211675e-01
4.583617890431850306e-01 3.906732776696415499e-01
4.594023379398504137e-01 2.823835085857275828e-01
4.604428868365157967e-01 3.992417235617296001e-01
4.614834357331811798e-01 5.365057227862877198e-01
4.625239846298465629e-01 3.989556679123005267e-01
4.635645335265119460e-01 4.142250660809772000e-01
4.646050824231773291e-01 4.153194578118650782e-01
4.656456313198427122e-01 2.588780044859575469e-01
4.666861802165080952e-01 2.891411255664202429e-01
4.677267291131734783e-01 2.370457944835528963e-01
4.687672780098388614e-01 3.686704028670639843e-01
4.698078269065042445e-01 2.236688299486324638e-01
4.708483758031696276e-01 1.896518500485804282e-01
4.718889246998350107e-01 1.298947933985878933e-01
4.729294735965003937e-01 1.366378878970415656e-01
4.739700224931657768e-01 2.995377865711184029e-01
4.750105713898311599e-01 1.935184208996716393e-01
4.760511202864965430e-01 2.629580540718450266e-01
4.770916691831619261e-01 3.878785982118095887e-01
4.781322180798273092e-01 2.211257313515204714e-01
4.791727669764926922e-01 1.035210114368112500e-01
4.802133158731580753e-01 1.381102172377168813e-01
4.812538647698234584e-01 2.807341927790218961e-01
4.822944136664888415e-01 2.857747200144409305e-01
4.833349625631542246e-01 1.706045884356583997e-01
4.843755114598196077e-01 2.137440744598109177e-01
4.854160603564849907e-01 1.966507760304061492e-01
4.864566092531503738e-01 2.406770029355911333e-01
4.874971581498157569e-01 3.975889823639811027e-01
4.885377070464811400e-01 3.640730843613475542e-01
4.895782559431465231e-01 3.578831323019784350e-01
4.906188048398119061e-01 3.115636026475847586e-01
4.916593537364772892e-01 2.975664691771235937e-01
4.926999026331426723e-01 3.182883461500303213e-01
4.937404515298080554e-01 2.571496642307806724e-01
4.947810004264734385e-01 1.791089120698146075e-01
4.958215493231388216e-01 4.045329386343041733e-01
4.968620982198042046e-01 1.880059126141375714e-01
4.979026471164695877e-01 2.572641016903922662e-01
4.989431960131349708e-01 3.362672460139997099e-01
4.999837449098003539e-01 4.449124390406424823e-01
5.010242938064657370e-01 3.214735309455498680e-01
5.020648427031311201e-01 1.742592602951695824e-01
5.031053915997965031e-01 1.639664104861182636e-01
5.041459404964618862e-01 2.194036493670026289e-01
5.051864893931272693e-01 3.264758336971347319e-01
5.062270382897926524e-01 2.972871391197422497e-01
5.072675871864580355e-01 2.969667039326040481e-01
5.083081360831234186e-01 2.523084582361079242e-01
5.093486849797888016e-01 2.323355265341469078e-01
5.103892338764541847e-01 2.724484107693214696e-01
5.114297827731195678e-01 3.661068371277842459e-01
5.124703316697849509e-01 4.136344431596796767e-01
5.135108805664503340e-01 3.319544437864223596e-01
5.145514294631157171e-01 2.459064901581768936e-01
5.155919783597811001e-01 1.952921578179669382e-01
5.166325272564464832e-01 1.915452869849580964e-01
5.176730761531118663e-01 1.940217136681674504e-01
5.187136250497772494e-01 7.069549159215782197e-02
5.197541739464426325e-01 2.653175913883316639e-01
5.207947228431080156e-01 2.065526214289512552e-01
5.218352717397733986e-01 3.008207834546183790e-01
5.228758206364387817e-01 3.368040278302260049e-01
5.239163695331041648e-01 2.525217996061002168e-01
5.249569184297695479e-01 3.805763180399210910e-01
5.259974673264349310e-01 2.655468923270767334e-01
5.270380162231003141e-01 4.361060274481154408e-01
5.280785651197656971e-01 4.266655315828344897e-01
5.291191140164310802e-01 3.666990694972120934e-01
5.301596629130964633e-01 3.433872608902923673e-01
5.312002118097618464e-01 3.325768797015307143e-01
5.322407607064272295e-01 2.980501231981627086e-01
5.332813096030926125e-01 2.698789696825016904e-01
5.343218584997581067e-01 3.969458231551747929e-01
5.353624073964233787e-01 4.353985528729111820e-01
5.364029562930888728e-01 3.054226060448392843e-01
5.374435051897541449e-01 2.563778694707075090e-01
5.384840540864196390e-01 2.555791170646912747e-01
5.395246029830849110e-01 3.836369579141418740e-01
5.405651518797504052e-01 3.467086697947081575e-01
5.416057007764156772e-01 2.796897264048112675e-01
5.426462496730811713e-01 2.796401024808083946e-01
5.436867985697464434e-01 4.955694602678910599e-01
5.447273474664119375e-01 4.723726540643653493e-01
5.457678963630772095e-01 3.695275283561088031e-01
5.468084452597427036e-01 5.540582747497388993e-01
5.478489941564079757e-01 4.265563606745921277e-01
5.488895430530734698e-01 3.095921302227679917e-01
5.499300919497387419e-01 2.298293547668457393e-01
5.509706408464042360e-01 2.472706825280752696e-01
5.520111897430695080e-01 3.786628234051363506e-01
5.530517386397350021e-01 4.825789525366310784e-01
5.540922875364002742e-01 5.917204700356322178e-01
5.551328364330657683e-01 3.494190774255123699e-01
5.561733853297310404e-01 2.631241615628674424e-01
5.572139342263965345e-01 3.002564687591657844e-01
5.582544831230618065e-01 4.499959173098631027e-01
5.592950320197273006e-01 4.103368900657784479e-01
5.603355809163925727e-01 4.765713734666050527e-01
5.613761298130580668e-01 3.729322867577593570e-01
5.624166787097233389e-01 4.759820097907088154e-01
5.634572276063888330e-01 6.419138856375710134e-01
5.644977765030541050e-01 7.372562162465818858e-01
5.655383253997195991e-01 5.695365908424570023e-01
5.665788742963848712e-01 5.032961407537221987e-01
5.676194231930503653e-01 5.207962062866897668e-01
5.686599720897156374e-01 4.319474258869497874e-01
5.697005209863811315e-01 4.646077560673589346e-01
5.707410698830464035e-01 5.609645405320478062e-01
5.717816187797118976e-01 6.967946175847323786e-01
5.728221676763771697e-01 5.529698730854519795e-01
5.738627165730426638e-01 4.182269090800758704e-01
5.749032654697079359e-01 3.533324205468595380e-01
5.759438143663734300e-01 3.942774745816137738e-01
5.769843632630387020e-01 4.255928586354649212e-01
5.780249121597041961e-01 3.975015618472923506e-01
5.790654610563694682e-01 5.323369638546964211e-01
5.801060099530349623e-01 7.414885669494140075e-01
5.811465588497002344e-01 5.847402098594010056e-01
5.821871077463657285e-01 4.067468551607369420e-01
5.832276566430310005e-01 4.809454493096225747e-01
5.842682055396964946e-01 5.786292495238782863e-01
5.853087544363617667e-01 4.859787304953435694e-01
5.863493033330272608e-01 5.469188161798967940e-01
5.873898522296925329e-01 4.870845227091749052e-01
5.884304011263580270e-01 3.379533431818870781e-01
5.894709500230232990e-01 4.369268005564386215e-01
5.905114989196887931e-01 4.712512754678179761e-01
5.915520478163540652e-01 5.115573888043876138e-01
5.925925967130195593e-01 3.898356865125975901e-01
5.936331456096848314e-01 4.561922876189399290e-01
5.946736945063503255e-01 3.922280656992924719e-01
5.957142434030155975e-01 3.587028301794319418e-01
5.967547922996810916e-01 3.538109781059581849e-01
5.977953411963463637e-01 4.115580388871009632e-01
5.988358900930118578e-01 4.407810613863816229e-01
5.998764389896771299e-01 4.886223084052474519e-01
