# q (1/Angstrom), I (arb)
3.028500007152557655e-02 1.940105937644801415e+01
3.085500021457673533e-02 1.940482296546860397e+01
3.142500035762788718e-02 1.911882596346163510e+01
3.199500050067904250e-02 1.900381825946029224e+01
3.256500064373019782e-02 1.903882400858356760e+01
3.313500078678135313e-02 1.908026402275111977e+01
3.370500092983251539e-02 1.900924674914292822e+01
3.427500107288366377e-02 1.898497413262419542e+01
3.484500121593482602e-02 1.895254193769828177e+01
3.541500135898597440e-02 1.866222851456845078e+01
3.598500150203713666e-02 1.879981455289790659e+01
3.655500164508829197e-02 1.900120941897220916e+01
3.712500178813944729e-02 1.913951517684463965e+01
3.769500193119060261e-02 1.901529008072406413e+01
3.826500207424176486e-02 1.875695343737458742e+01
3.883500221729291324e-02 1.869604650168276905e+01
3.940500236034407550e-02 1.859895724876934864e+01
3.997500250339522387e-02 1.852902428976281968e+01
4.054500264644638613e-02 1.846086420452515497e+01
4.111500278949753451e-02 1.818128934310681899e+01
4.168500293254869676e-02 1.808656257955106739e+01
4.225500307559985208e-02 1.818940264835654474e+01
4.282500321865100740e-02 1.828941386470257413e+01
4.339500336170216271e-02 1.819770350576265727e+01
4.396500350475332497e-02 1.801971942360032486e+01
4.453500364780447335e-02 1.792490388157590431e+01
4.510500379085563560e-02 1.781680065447215000e+01
4.567500393390679092e-02 1.763512631335493452e+01
4.624500407695794624e-02 1.757516423305404984e+01
4.681500422000909462e-02 1.757816307669815359e+01
4.738500436306025687e-02 1.765561262042239221e+01
4.795500450611141219e-02 1.769270117931052155e+01
4.852500464916256750e-02 1.750969035918308592e+01
4.909500479221372282e-02 1.727621098794251964e+01
4.966500493526487814e-02 1.718412510011718197e+01
5.023500507831603346e-02 1.723726773571679161e+01
5.080500522136719571e-02 1.720082379596880173e+01
5.137500536441835103e-02 1.711123595138358411e+01
5.194500550746949941e-02 1.696211202066187695e+01
5.251500565052065472e-02 1.690659477280095757e+01
5.308500579357181698e-02 1.708186729639156454e+01
5.365500593662297230e-02 1.707268485680057779e+01
5.422500607967412067e-02 1.683241681580966542e+01
5.479500622272528987e-02 1.658773716751972671e+01
5.536500636577643825e-02 1.655137632290360017e+01
5.593500650882759356e-02 1.655376780715963392e+01
5.650500665187874194e-02 1.647662690378505346e+01
5.707500679492991114e-02 1.626967239166834744e+01
5.764500693798105951e-02 1.624556011735037586e+01
5.821500708103222177e-02 1.613361457769176610e+01
5.878500722408337709e-02 1.597256095212429017e+01
5.935500736713453240e-02 1.572530231408922319e+01
5.992500751018568078e-02 1.555179461684651798e+01
6.049500765323683610e-02 1.554441970696885988e+01
6.106500779628799835e-02 1.557931054595561449e+01
6.163500793933916061e-02 1.548798216636925318e+01
6.220500808239031593e-02 1.537606224767230145e+01
6.277500822544146430e-02 1.518206851271918367e+01
6.334500836849261962e-02 1.506605987635757771e+01
6.391500851154377494e-02 1.503005299409985440e+01
6.448500865459493026e-02 1.497615723529171206e+01
6.505500879764608557e-02 1.502415142259117786e+01
6.562500894069725477e-02 1.509394254743774155e+01
6.619500908374841008e-02 1.497283190154201904e+01
6.676500922679955152e-02 1.471519707681012790e+01
6.733500936985070684e-02 1.457466109576754576e+01
6.790500951290186216e-02 1.455315441569912593e+01
6.847500965595303135e-02 1.443821274658893472e+01
6.904500979900417279e-02 1.428780490642828127e+01
6.961500994205534198e-02 1.426301811134855768e+01
7.018501008510649730e-02 1.412695483529656215e+01
7.075501022815765262e-02 1.406135708157212605e+01
7.132501037120879406e-02 1.401145648141531908e+01
7.189501051425994937e-02 1.396134785302878711e+01
7.246501065731111857e-02 1.383440462563300244e+01
7.303501080036227389e-02 1.366503423806194206e+01
7.360501094341342920e-02 1.350905901946028465e+01
7.417501108646458452e-02 1.340990102873112377e+01
7.474501122951573984e-02 1.330111494893062840e+01
7.531501137256689515e-02 1.316364411842831217e+01
7.588501151561805047e-02 1.303958562578818103e+01
7.645501165866920579e-02 1.291014684250529498e+01
7.702501180172037498e-02 1.286824353837660340e+01
7.759501194477153030e-02 1.282335052712008405e+01
7.816501208782267174e-02 1.267215960305794908e+01
7.873501223087382705e-02 1.262580309269244339e+01
7.930501237392498237e-02 1.271501188551449246e+01
7.987501251697615157e-02 1.261721525092902496e+01
8.044501266002730688e-02 1.240449909223316638e+01
8.101501280307846220e-02 1.218372993792470638e+01
8.158501294612961752e-02 1.208178430215026466e+01
8.215501308918077283e-02 1.206437712709951882e+01
8.272501323223191427e-02 1.203144945370446450e+01
8.329501337528306959e-02 1.201097065485771864e+01
8.386501351833425266e-02 1.188437976900013737e+01
8.443501366138539410e-02 1.178818744284507147e+01
8.500501380443654942e-02 1.168388020293857466e+01
8.557501394748770474e-02 1.146458482940830592e+01
8.614501409053886005e-02 1.123814996308164993e+01
8.671501423359001537e-02 1.120474661569593167e+01
8.728501437664115681e-02 1.118469152574125047e+01
8.785501451969233988e-02 1.104613445340091360e+01
8.842501466274349520e-02 1.084633895192337860e+01
8.899501480579463664e-02 1.079611245373392592e+01
8.956501494884579195e-02 1.074624826253445420e+01
9.013501509189694727e-02 1.073865170038725836e+01
9.070501523494810259e-02 1.061125790687568582e+01
9.127501537799927178e-02 1.060885007820474257e+01
9.184501552105042710e-02 1.061946263666511570e+01
9.241501566410158242e-02 1.047068009114563836e+01
9.298501580715273773e-02 1.027149553618506062e+01
9.355501595020387917e-02 1.022616906819144944e+01
9.412501609325503449e-02 1.012340952200978705e+01
9.469501623630618981e-02 9.961938010351556017e+00
9.526501637935735900e-02 9.820213816929257433e+00
9.583501652240851432e-02 9.699134048855412971e+00
9.640501666545966963e-02 9.578461910677564362e+00
9.697501680851082495e-02 9.546232917493039594e+00
9.754501695156198027e-02 9.621123790412827503e+00
9.811501709461312171e-02 9.508231828085484949e+00
9.868501723766430478e-02 9.436484804631675161e+00
9.925501738071546010e-02 9.347963081548581243e+00
9.982501752376660153e-02 9.228675302099318856e+00
1.003950176668177569e-01 9.160698988060733683e+00
1.009650178098689122e-01 9.103630329252045073e+00
1.015350179529200675e-01 9.120769462192445332e+00
1.021050180959712228e-01 9.035499168636068390e+00
1.026750182390223920e-01 8.818073794002330601e+00
1.032450183820735473e-01 8.741441804418993655e+00
1.038150185251247026e-01 8.717506362216024485e+00
1.043850186681758441e-01 8.670198080387976347e+00
1.049550188112269994e-01 8.560105276478989111e+00
1.055250189542781547e-01 8.408541930990079294e+00
1.060950190973293239e-01 8.273237948869979874e+00
1.066650192403804792e-01 8.073675874793902807e+00
1.072350193834316345e-01 7.988889729230315595e+00
1.078050195264827898e-01 7.878401180721901653e+00
1.083750196695339452e-01 7.845107452384212365e+00
1.089450198125850866e-01 7.752253231341821760e+00
1.095150199556362419e-01 7.612808384960462860e+00
1.100850200986874250e-01 7.569882356527696032e+00
1.106550202417385664e-01 7.504682601964482558e+00
1.112250203847897218e-01 7.399697889171854115e+00
1.117950205278408771e-01 7.319907792949194913e+00
1.123650206708920324e-01 7.262411328979020197e+00
1.129350208139431877e-01 7.169409986417349501e+00
1.135050209569943291e-01 7.061628825545966492e+00
1.140750211000455122e-01 6.821150453793773494e+00
1.146450212430966675e-01 6.742388293479574912e+00
1.152150213861478090e-01 6.720593957243369942e+00
1.157850215291989643e-01 6.629493215250693794e+00
1.163550216722501196e-01 6.588631379927463172e+00
1.169250218153012749e-01 6.589787752743315963e+00
1.174950219583524441e-01 6.563887887524433751e+00
1.180650221014035994e-01 6.536604616545808710e+00
1.186350222444547547e-01 6.446047106202389188e+00
1.192050223875059101e-01 6.323714800155951110e+00
1.197750225305570515e-01 6.272297696881025786e+00
1.203450226736082068e-01 6.230985166892153870e+00
1.209150228166593621e-01 6.225921163282155391e+00
1.214850229597105313e-01 6.178385467854759838e+00
1.220550231027616866e-01 6.055037276539234625e+00
1.226250232458128420e-01 5.931058400239475503e+00
1.231950233888639973e-01 5.831145879806719279e+00
1.237650235319151526e-01 5.780562708481092216e+00
1.243350236749662940e-01 5.658081633409715039e+00
1.249050238180174771e-01 5.409460612217888098e+00
1.254750239610686324e-01 5.228404805679378597e+00
1.260450241041197739e-01 5.147034165580858911e+00
1.266150242471709431e-01 5.009145541018327208e+00
1.271850243902220845e-01 4.991664746989354029e+00
1.277550245332732259e-01 5.065933886766682548e+00
1.283250246763243951e-01 5.172107229156832631e+00
1.288950248193755643e-01 5.101678796700991114e+00
1.294650249624267058e-01 4.937111018314087829e+00
1.300350251054778750e-01 4.833645300029481007e+00
1.306050252485290164e-01 4.795971127225271857e+00
1.311750253915801856e-01 4.741154701743496958e+00
1.317450255346313270e-01 4.632055437280012455e+00
1.323150256776824685e-01 4.572782801703109357e+00
1.328850258207336377e-01 4.442822017484061803e+00
1.334550259637848069e-01 4.441515496806829333e+00
1.340250261068359483e-01 4.440421933864474369e+00
1.345950262498871175e-01 4.327485473886785172e+00
1.351650263929382589e-01 4.237015128098160943e+00
1.357350265359894281e-01 4.270187816877257347e+00
1.363050266790405696e-01 4.249514847006953033e+00
1.368750268220917110e-01 4.124286645297271292e+00
1.374450269651429080e-01 3.962280836729224376e+00
1.380150271081940494e-01 3.938903082216157259e+00
1.385850272512451908e-01 3.966367228632385888e+00
1.391550273942963600e-01 3.930390939931914573e+00
1.397250275373475015e-01 3.780365308587349205e+00
1.402950276803986707e-01 3.647552472900528642e+00
1.408650278234498399e-01 3.561671726917630565e+00
1.414350279665009813e-01 3.507358239204371841e+00
1.420050281095521505e-01 3.498479785005986997e+00
1.425750282526032919e-01 3.505053033780900051e+00
1.431450283956544334e-01 3.541087721183753700e+00
1.437150285387056026e-01 3.545188781573976655e+00
1.442850286817567440e-01 3.511210091851584281e+00
1.448550288248079132e-01 3.457614658936805085e+00
1.454250289678590824e-01 3.340504556556780358e+00
1.459950291109102238e-01 3.299699309288655513e+00
1.465650292539613930e-01 3.268595484008926633e+00
1.471350293970125345e-01 3.208668026748934921e+00
1.477050295400636759e-01 3.098403401742174879e+00
1.482750296831148729e-01 3.007417444864085354e+00
1.488450298261660143e-01 2.968435905719296386e+00
1.494150299692171557e-01 2.915805403012985408e+00
1.499850301122683249e-01 2.885764647805793004e+00
1.505550302553194664e-01 2.861309975906454639e+00
1.511250303983706356e-01 2.836737434402774483e+00
1.516950305414217770e-01 2.715956540475819025e+00
1.522650306844729462e-01 2.608260100579279595e+00
1.528350308275241154e-01 2.563147091170776548e+00
1.534050309705752568e-01 2.551581871096683329e+00
1.539750311136264260e-01 2.591918029498007314e+00
1.545450312566775675e-01 2.559147670021740595e+00
1.551150313997287089e-01 2.552289439974000373e+00
1.556850315427799059e-01 2.556877654994675453e+00
1.562550316858310473e-01 2.480584294428837211e+00
1.568250318288821887e-01 2.461263695643541638e+00
1.573950319719333579e-01 2.445930199857560439e+00
1.579650321149844994e-01 2.453385878616202831e+00
1.585350322580356686e-01 2.403375918280385548e+00
1.591050324010868100e-01 2.307666491999334824e+00
1.596750325441379792e-01 2.228296425356468546e+00
1.602450326871891484e-01 2.185672054328666292e+00
1.608150328302402898e-01 2.134496133800439566e+00
1.613850329732914313e-01 2.088921951187458603e+00
1.619550331163426005e-01 2.078615192577654369e+00
1.625250332593937419e-01 2.050531576245820276e+00
1.630950334024449111e-01 1.983794410250059315e+00
1.636650335454960803e-01 1.922904617420133633e+00
1.642350336885472217e-01 1.952832053326236661e+00
1.648050338315983909e-01 1.971576751721158871e+00
1.653750339746495324e-01 1.886973620965676446e+00
1.659450341177006738e-01 1.857864154266422929e+00
1.665150342607518430e-01 1.859391268177869705e+00
1.670850344038030122e-01 1.780367405789061053e+00
1.676550345468541536e-01 1.668343891499720399e+00
1.682250346899053228e-01 1.602830571644737745e+00
1.687950348329564643e-01 1.590109465456329474e+00
1.693650349760076335e-01 1.610590819132511342e+00
1.699350351190587749e-01 1.585657838885790483e+00
1.705050352621099163e-01 1.508293378557613806e+00
1.710750354051611133e-01 1.442538164198268191e+00
1.716450355482122547e-01 1.446691842965243779e+00
1.722150356912633962e-01 1.459753291037841905e+00
1.727850358343145654e-01 1.456176754871233214e+00
1.733550359773657068e-01 1.426780462811997552e+00
1.739250361204168760e-01 1.344872204793521320e+00
1.744950362634680452e-01 1.300842571612331966e+00
1.750650364065191866e-01 1.311353341822638185e+00
1.756350365495703558e-01 1.261930130509586689e+00
1.762050366926214973e-01 1.225553081653295351e+00
1.767750368356726387e-01 1.212962926553011300e+00
1.773450369787238079e-01 1.224056053549368528e+00
1.779150371217749493e-01 1.241324145872393814e+00
1.784850372648261185e-01 1.194340244245179150e+00
1.790550374078772877e-01 1.149268529850711928e+00
1.796250375509284292e-01 1.107042600116070474e+00
1.801950376939795984e-01 1.054355133592988381e+00
1.807650378370307398e-01 1.070860652083254649e+00
1.813350379800818812e-01 1.060323844745084898e+00
1.819050381231330782e-01 1.055475290721894055e+00
1.824750382661842196e-01 1.063956776865317977e+00
1.830450384092353611e-01 1.048102466939816679e+00
1.836150385522865303e-01 1.026640162408821055e+00
1.841850386953376717e-01 9.840611831251848685e-01
1.847550388383888409e-01 1.002150110680467776e+00
1.853250389814399823e-01 1.006040204204513344e+00
1.858950391244911515e-01 9.686474272426472965e-01
1.864650392675423207e-01 8.921682234055978711e-01
1.870350394105934622e-01 8.142750311584592282e-01
1.876050395536446036e-01 8.057697820666405164e-01
1.881750396966957728e-01 7.975470758941369809e-01
1.887450398397469142e-01 8.120134998513961477e-01
1.893150399827980834e-01 8.108940306933796194e-01
1.898850401258492526e-01 8.528491165034317589e-01
1.904550402689003941e-01 8.939863284645177544e-01
1.910250404119515633e-01 8.672951539384818886e-01
1.915950405550027047e-01 8.227832527379632666e-01
1.921650406980538461e-01 7.968044453951144135e-01
1.927350408411050153e-01 7.980332016398961059e-01
1.933050409841561845e-01 7.666232139941335788e-01
1.938750411272073260e-01 6.813233512229572852e-01
1.944450412702584952e-01 6.432374711005905965e-01
1.950150414133096366e-01 6.689654477488922169e-01
1.955850415563608058e-01 7.436922261069760509e-01
1.961550416994119472e-01 7.580317944733749869e-01
1.967250418424630887e-01 6.940212556289360180e-01
1.972950419855142856e-01 6.558188504575603872e-01
1.978650421285654271e-01 6.470927130467600819e-01
1.984350422716165685e-01 6.412585527624088400e-01
1.990050424146677377e-01 6.337269967746621546e-01
1.995750425577188791e-01 6.432118933418706774e-01
2.001450427007700483e-01 6.587209242307672241e-01
2.007150428438212453e-01 6.919486517564799044e-01
2.012850429868723590e-01 6.105685600430241777e-01
2.018550431299235282e-01 5.415376043045121435e-01
2.024250432729746696e-01 5.767573119244211455e-01
2.029950434160258388e-01 6.110533431503917257e-01
2.035650435590769802e-01 6.213778232390083645e-01
2.041350437021281494e-01 5.768196475738847084e-01
2.047050438451793186e-01 4.923415676253277695e-01
2.052750439882304601e-01 4.723492783533451700e-01
2.058450441312816293e-01 5.393762573852569631e-01
2.064150442743327707e-01 5.388987585946196646e-01
2.069850444173839399e-01 5.295008246727661572e-01
2.075550445604350536e-01 4.919724806070640000e-01
2.081250447034862505e-01 4.971306773274264401e-01
2.086950448465374197e-01 4.981634166577144640e-01
2.092650449895885334e-01 5.151092975119659911e-01
2.098350451326397303e-01 4.851172062353548142e-01
2.104050452756908440e-01 4.820764082817952101e-01
2.109750454187420132e-01 4.787161428561539367e-01
2.115450455617931547e-01 4.739900443402085273e-01
2.121150457048443239e-01 4.543981790959712441e-01
2.126850458478954931e-01 4.209786907107790910e-01
2.132550459909466345e-01 4.025346334659580805e-01
2.138250461339978037e-01 4.607829338178568435e-01
2.143950462770489451e-01 4.603417792882815718e-01
2.149650464201001143e-01 4.374613172491272906e-01
2.155350465631512835e-01 4.835265938592634427e-01
2.161050467062024250e-01 5.555208975130909721e-01
2.166750468492535942e-01 4.988774612845325862e-01
2.172450469923047356e-01 4.112884648570194202e-01
2.178150471353559048e-01 3.720795007176782576e-01
2.183850472784070185e-01 3.495887406880093806e-01
2.189550474214582154e-01 3.597835985276240933e-01
2.195250475645093846e-01 3.846210981325732803e-01
2.200950477075604983e-01 4.087755938703949710e-01
2.206650478506116952e-01 4.243917422785514759e-01
2.212350479936628089e-01 3.937067466882240296e-01
2.218050481367139781e-01 3.461110971206196041e-01
2.223750482797651196e-01 3.628170712970550937e-01
2.229450484228162888e-01 3.827119956789211130e-01
2.235150485658674580e-01 3.407663966842982006e-01
2.240850487089185994e-01 3.240628508123286622e-01
2.246550488519697686e-01 3.763467251193866048e-01
2.252250489950209100e-01 4.222078070425716589e-01
2.257950491380720792e-01 4.145007249210763689e-01
2.263650492811232207e-01 3.715846935712256993e-01
2.269350494241743899e-01 3.950015651757361468e-01
2.275050495672255590e-01 4.053183938053059876e-01
2.280750497102767005e-01 4.058738556299452682e-01
2.286450498533278697e-01 4.322794209546110267e-01
2.292150499963789834e-01 4.282444209974372029e-01
2.297850501394301803e-01 4.219755703838679040e-01
2.303550502824812940e-01 4.405761701218224857e-01
2.309250504255324632e-01 4.214916337141616509e-01
2.314950505685836046e-01 3.764863345968123554e-01
2.320650507116347738e-01 3.861773751686001788e-01
2.326350508546859430e-01 4.154000511325008915e-01
2.332050509977370845e-01 3.841678763217224457e-01
2.337750511407882537e-01 3.505610960426572831e-01
2.343450512838393951e-01 3.321329123341456580e-01
2.349150514268905643e-01 3.075276043974071172e-01
2.354850515699417057e-01 2.724517483157065101e-01
2.360550517129928749e-01 2.614129479347546692e-01
2.366250518560440441e-01 3.024715616802211571e-01
2.371950519990951856e-01 3.668274361903307579e-01
2.377650521421463548e-01 3.691896720649694430e-01
2.383350522851974684e-01 3.729103026108546715e-01
2.389050524282486654e-01 3.490049632080705067e-01
2.394750525712997791e-01 3.472678410439371532e-01
2.400450527143509483e-01 3.753015166719748663e-01
2.406150528574021452e-01 3.605137508046674100e-01
2.411850530004532589e-01 3.752757655922636104e-01
2.417550531435044281e-01 3.852362807328830741e-01
2.423250532865555695e-01 3.532165096081847366e-01
2.428950534296067387e-01 3.743943866656849195e-01
2.434650535726578802e-01 3.943503769313743135e-01
2.440350537157090494e-01 4.386763069231776058e-01
2.446050538587602186e-01 3.997380695744396917e-01
2.451750540018113600e-01 3.844325160183146295e-01
2.457450541448625292e-01 3.931221753236506800e-01
2.463150542879136706e-01 3.702532803308322684e-01
2.468850544309648398e-01 3.625292480010564589e-01
2.474550545740160090e-01 3.679891650560200844e-01
2.480250547170671505e-01 3.483098691816834958e-01
2.485950548601183197e-01 3.124742736202072990e-01
2.491650550031694333e-01 2.947200646108143474e-01
2.497350551462206303e-01 2.898284709884713095e-01
2.503050552892717717e-01 3.197982543962503144e-01
2.508750554323229132e-01 3.602810943000527288e-01
2.514450555753741101e-01 4.003205548238639722e-01
2.520150557184252516e-01 3.813943153917271900e-01
2.525850558614763930e-01 3.799301013778126901e-01
2.531550560045275344e-01 4.012124944177344332e-01
2.537250561475787314e-01 3.834353828085781402e-01
2.542950562906298173e-01 3.910797637927139192e-01
2.548650564336810143e-01 4.364458594514957213e-01
2.554350565767322112e-01 4.257460727105275566e-01
2.560050567197832971e-01 4.068224278931893423e-01
2.565750568628344941e-01 3.892832239586319076e-01
2.571450570058856355e-01 3.904433511636575815e-01
2.577150571489367770e-01 3.853289053347310755e-01
2.582850572919879184e-01 4.189493917859330452e-01
2.588550574350391154e-01 4.263131959658288395e-01
2.594250575780902568e-01 4.313972741947829093e-01
2.599950577211413982e-01 4.226975310476248637e-01
2.605650578641925952e-01 3.844082719463877140e-01
2.611350580072437366e-01 3.254694720208917147e-01
2.617050581502948781e-01 3.287267100471140679e-01
2.622750582933460750e-01 3.570777069220163469e-01
2.628450584363972165e-01 4.005673820034338917e-01
2.634150585794483579e-01 4.117533708672418413e-01
2.639850587224994993e-01 4.576017745984763962e-01
2.645550588655506963e-01 4.721331961163528490e-01
2.651250590086017822e-01 4.271014508040664737e-01
2.656950591516529792e-01 3.487418415665288762e-01
2.662650592947041761e-01 3.757723265150438863e-01
2.668350594377552620e-01 4.586912700148566557e-01
2.674050595808064590e-01 4.515976958946907871e-01
2.679750597238576004e-01 3.917388244280779475e-01
2.685450598669087419e-01 3.392586784355344776e-01
2.691150600099598833e-01 3.575241488830478431e-01
2.696850601530110803e-01 3.733247463015061385e-01
2.702550602960622217e-01 3.435102662808127150e-01
2.708250604391133631e-01 3.434216047014402307e-01
2.713950605821645601e-01 4.071598674249301553e-01
2.719650607252157015e-01 4.143213827013880746e-01
2.725350608682668430e-01 3.445362245478520435e-01
2.731050610113179844e-01 3.468804572370416395e-01
2.736750611543691813e-01 4.250914269907504206e-01
2.742450612974203228e-01 4.449697888061763251e-01
2.748150614404714642e-01 4.176465417357952958e-01
2.753850615835226612e-01 4.092209579028569522e-01
2.759550617265737471e-01 4.020865949560743502e-01
2.765250618696249441e-01 3.950471929734220566e-01
2.770950620126760855e-01 3.716033249022991924e-01
2.776650621557272269e-01 3.686619935173744977e-01
2.782350622987784239e-01 3.679166834946840936e-01
2.788050624418295653e-01 4.092842000331309293e-01
2.793750625848807068e-01 4.090833927901407208e-01
2.799450627279318482e-01 4.084576604536991340e-01
2.805150628709830452e-01 4.256145659015793115e-01
2.810850630140341866e-01 4.230441193272476141e-01
2.816550631570853280e-01 3.935379654203430277e-01
2.822250633001365250e-01 3.828304113650702334e-01
2.827950634431876664e-01 3.594523688654405191e-01
2.833650635862388079e-01 3.332099348388020132e-01
2.839350637292899493e-01 3.506181404897965592e-01
2.845050638723411462e-01 4.115805396226193125e-01
2.850750640153922877e-01 3.946386332982854128e-01
2.856450641584434291e-01 3.583174777799627009e-01
2.862150643014946261e-01 3.332866206796580855e-01
2.867850644445457120e-01 3.495825730930164355e-01
2.873550645875969090e-01 3.970402216121016181e-01
2.879250647306480504e-01 4.061558722559581724e-01
2.884950648736991918e-01 4.473293388295012107e-01
2.890650650167503888e-01 4.762588121488420256e-01
2.896350651598015302e-01 4.648243260442903591e-01
2.902050653028526717e-01 4.205172464450939174e-01
2.907750654459038131e-01 3.677191194919373629e-01
2.913450655889550100e-01 3.359557004324429386e-01
2.919150657320061515e-01 3.056632981831910456e-01
2.924850658750572929e-01 2.849323780911348081e-01
2.930550660181084899e-01 3.211949482913603049e-01
2.936250661611596313e-01 4.064795068190640848e-01
2.941950663042107728e-01 4.424305073110161857e-01
2.947650664472619142e-01 4.554478190555535377e-01
2.953350665903131111e-01 4.182825682196167350e-01
2.959050667333641971e-01 3.717187630275589072e-01
2.964750668764153940e-01 3.737232670361443354e-01
2.970450670194665910e-01 4.122429648211429765e-01
2.976150671625176769e-01 4.298308934117720526e-01
2.981850673055688739e-01 3.816314179572906085e-01
2.987550674486200153e-01 2.977325082246409238e-01
2.993250675916711567e-01 2.815850540234663413e-01
2.998950677347223537e-01 3.340971379104509253e-01
3.004650678777734951e-01 3.464638938591484418e-01
3.010350680208246921e-01 3.570481149354343131e-01
3.016050681638757780e-01 3.855324277865825877e-01
3.021750683069269749e-01 3.718571479056222984e-01
3.027450684499781164e-01 3.857258528646880791e-01
3.033150685930292578e-01 3.733609288581583030e-01
3.038850687360804548e-01 3.457367965814377442e-01
3.044550688791315962e-01 3.491506766879624024e-01
3.050250690221827377e-01 3.483436834097126678e-01
3.055950691652338791e-01 3.509136525174127996e-01
3.061650693082850760e-01 3.665484950143742537e-01
3.067350694513362175e-01 3.370646493049314074e-01
3.073050695943873589e-01 3.340894302872001731e-01
3.078750697374385559e-01 3.431227043898594786e-01
3.084450698804896973e-01 3.229822869576786104e-01
3.090150700235408388e-01 3.058720011385638315e-01
3.095850701665919802e-01 2.814207652443734275e-01
3.101550703096431771e-01 3.256139395841408657e-01
3.107250704526942631e-01 3.483307100235784048e-01
3.112950705957454600e-01 3.685482895280962623e-01
3.118650707387966570e-01 3.518626476039514728e-01
3.124350708818477429e-01 3.586083494375209568e-01
3.130050710248989398e-01 3.613670634229890766e-01
3.135750711679500813e-01 3.369660103721514588e-01
3.141450713110012227e-01 3.269947905364354312e-01
3.147150714540524197e-01 3.422725825709811431e-01
3.152850715971035611e-01 3.376372300069903076e-01
3.158550717401547026e-01 3.573016913023536745e-01
3.164250718832058440e-01 3.637554071358124475e-01
3.169950720262570409e-01 4.231741945518479042e-01
3.175650721693081824e-01 4.046969001086040407e-01
3.181350723123593238e-01 3.643470155862722493e-01
3.187050724554105208e-01 3.150068901025342427e-01
3.192750725984616622e-01 3.347464232568420073e-01
3.198450727415128036e-01 3.236941537268727132e-01
3.204150728845639451e-01 2.692480525794991308e-01
3.209850730276151420e-01 2.985275453364053533e-01
3.215550731706662280e-01 3.462911779181148120e-01
3.221250733137174249e-01 3.682206445031148689e-01
3.226950734567686219e-01 3.832253807450456407e-01
3.232650735998197078e-01 3.966613014208135723e-01
3.238350737428709047e-01 3.524021891822677333e-01
3.244050738859220462e-01 3.289341405242716121e-01
3.249750740289731876e-01 3.277616867507546772e-01
3.255450741720243291e-01 3.321047133939671880e-01
3.261150743150755260e-01 3.181075051143302801e-01
3.266850744581266675e-01 3.586646982415615525e-01
3.272550746011778089e-01 3.652961474023612709e-01
3.278250747442290058e-01 3.376311810686658532e-01
3.283950748872801473e-01 3.253984435291314981e-01
3.289650750303312887e-01 2.901788426841704904e-01
3.295350751733824302e-01 2.372590414576052353e-01
3.301050753164336271e-01 1.937492902806745576e-01
3.306750754594847685e-01 2.345879902996088617e-01
3.312450756025359100e-01 2.903785131431924071e-01
3.318150757455871069e-01 2.989156373066172989e-01
3.323850758886381929e-01 2.887546267163827451e-01
3.329550760316893898e-01 3.008563201697285194e-01
3.335250761747405868e-01 3.028917693834927150e-01
3.340950763177916727e-01 3.075639139590329307e-01
3.346650764608428696e-01 3.081039266347005423e-01
3.352350766038940111e-01 3.450390749136751367e-01
3.358050767469451525e-01 3.509537342579136521e-01
3.363750768899962940e-01 3.463603763835187976e-01
3.369450770330474909e-01 2.952471162817325023e-01
3.375150771760986323e-01 2.837248523314421789e-01
3.380850773191497738e-01 2.961244438388810352e-01
3.386550774622009707e-01 2.784925063034080495e-01
3.392250776052521122e-01 3.202043404463239540e-01
3.397950777483032536e-01 3.165485945577053428e-01
3.403650778913543951e-01 2.828702752579310697e-01
3.409350780344055920e-01 2.561986081486615774e-01
3.415050781774567334e-01 2.360324053819482515e-01
3.420750783205078749e-01 2.518971166282639729e-01
3.426450784635590718e-01 2.186810069559967928e-01
3.432150786066101578e-01 1.973337797802514615e-01
3.437850787496613547e-01 1.754212343736121227e-01
3.443550788927124962e-01 1.667608800589590601e-01
3.449250790357636376e-01 1.925550165532357028e-01
3.454950791788148345e-01 2.532747011080331845e-01
3.460650793218659760e-01 3.111475148087201603e-01
3.466350794649171174e-01 2.991590120157852084e-01
3.472050796079682589e-01 3.119454711590066154e-01
3.477750797510194558e-01 3.441126529781008969e-01
3.483450798940705972e-01 2.974960148013714445e-01
3.489150800371217387e-01 2.246822010312641282e-01
3.494850801801729356e-01 8.613262812508892807e-02
3.500550803232240771e-01 1.614036208576479225e-01
3.506250804662752185e-01 2.412078991957855578e-01
3.511950806093263600e-01 2.524688039438558462e-01
3.517650807523775569e-01 2.834075949181062981e-01
3.523350808954286983e-01 2.933370004824187305e-01
3.529050810384798398e-01 2.579392765532269038e-01
3.534750811815310367e-01 2.177055815022939100e-01
3.540450813245821227e-01 2.297595155001630474e-01
3.546150814676333196e-01 2.299541837374228237e-01
3.551850816106844611e-01 2.424483030942905515e-01
3.557550817537356025e-01 2.526255718429926134e-01
3.563250818967867994e-01 2.467118014780727009e-01
3.568950820398379409e-01 2.457581690651693407e-01
3.574650821828890823e-01 2.670611754451073239e-01
3.580350823259402238e-01 2.888088681570977201e-01
3.586050824689914207e-01 2.557166344850401174e-01
3.591750826120425621e-01 2.245557934347850448e-01
3.597450827550937036e-01 2.291606339306788698e-01
3.603150828981449005e-01 2.284166526364934668e-01
3.608850830411960420e-01 2.239863050461288196e-01
3.614550831842471834e-01 2.391249266039991994e-01
3.620250833272983249e-01 2.329520174786487985e-01
3.625950834703495218e-01 2.294533048388220919e-01
3.631650836134006077e-01 2.569723901699330071e-01
3.637350837564518047e-01 2.541616427968556025e-01
3.643050838995030016e-01 2.282302389206343207e-01
3.648750840425540876e-01 2.070433532837583357e-01
3.654450841856052845e-01 2.391122838558974451e-01
3.660150843286564259e-01 2.338590430460758540e-01
3.665850844717075674e-01 2.146984967126321919e-01
3.671550846147587643e-01 2.359243816672673688e-01
3.677250847578099058e-01 2.433113661838586239e-01
3.682950849008610472e-01 1.999461926281469459e-01
3.688650850439121887e-01 1.792117995867368307e-01
3.694350851869633856e-01 1.890385504257565685e-01
3.700050853300145270e-01 2.331438486525652110e-01
3.705750854730656685e-01 2.437527797133167695e-01
3.711450856161168654e-01 2.445504361528190174e-01
3.717150857591680069e-01 2.687120824758579829e-01
3.722850859022191483e-01 2.611506853968386110e-01
3.728550860452702898e-01 2.483740969874119742e-01
3.734250861883214867e-01 2.386813228301143397e-01
3.739950863313725726e-01 2.367545697185722275e-01
3.745650864744237696e-01 2.287721806563478566e-01
3.751350866174749665e-01 2.345143477263427201e-01
3.757050867605260525e-01 2.270196618476720829e-01
3.762750869035772494e-01 2.134509410809819485e-01
3.768450870466283908e-01 2.578893085807898444e-01
3.774150871896795323e-01 3.101425614896395899e-01
3.779850873327306737e-01 2.768192121145993667e-01
3.785550874757818707e-01 2.496841106469975813e-01
3.791250876188330121e-01 2.924652132062082188e-01
3.796950877618841536e-01 2.952082138169078718e-01
3.802650879049353505e-01 2.980641441695137672e-01
3.808350880479864919e-01 2.830886258720184401e-01
3.814050881910376334e-01 2.544804455065339255e-01
3.819750883340887748e-01 2.209528516070502491e-01
3.825450884771399718e-01 2.503046207971166837e-01
3.831150886201911132e-01 2.523871327191731240e-01
3.836850887632422547e-01 2.271583371357248637e-01
3.842550889062934516e-01 2.106639512733803343e-01
3.848250890493445375e-01 2.456873766704372741e-01
3.853950891923957345e-01 2.297194693097690532e-01
3.859650893354469314e-01 2.160956980264945315e-01
3.865350894784980174e-01 2.058758970353746776e-01
3.871050896215492143e-01 2.252470455619732803e-01
3.876750897646003557e-01 2.304924377633490451e-01
3.882450899076514972e-01 1.957676214055457109e-01
3.888150900507026386e-01 2.165576633981842747e-01
3.893850901937538356e-01 2.389893706089125658e-01
3.899550903368049770e-01 2.361885477086662632e-01
3.905250904798561185e-01 2.271263150810547415e-01
3.910950906229073154e-01 2.226032378130362588e-01
3.916650907659584568e-01 2.216504275010198199e-01
3.922350909090095983e-01 1.985317648629330023e-01
3.928050910520607397e-01 1.928258660502741861e-01
3.933750911951119367e-01 2.299819044792990042e-01
3.939450913381630781e-01 2.387080672585533136e-01
3.945150914812142195e-01 1.988003236953908015e-01
3.950850916242654165e-01 1.970518352715799892e-01
3.956550917673165024e-01 2.296079056386606254e-01
3.962250919103676994e-01 2.418213827912918390e-01
3.967950920534188408e-01 2.442965924036606395e-01
3.973650921964699823e-01 2.368078634788997050e-01
3.979350923395211792e-01 1.874426480166544451e-01
3.985050924825723206e-01 1.671356225240536730e-01
3.990750926256234621e-01 1.898060954639593234e-01
3.996450927686746035e-01 2.042962551885292299e-01
4.002150929117258560e-01 2.165733943186225474e-01
4.007850930547769974e-01 2.163162564554195200e-01
4.013550931978280834e-01 2.359025148256854720e-01
4.019250933408792803e-01 2.418877846658133990e-01
4.024950934839304217e-01 2.498134105430622753e-01
4.030650936269816187e-01 2.286590604648424119e-01
4.036350937700327046e-01 2.158230709184927321e-01
4.042050939130839016e-01 2.382527090752422083e-01
4.047750940561350430e-01 2.037325546421051570e-01
4.053450941991862400e-01 2.012434615020701756e-01
4.059150943422373814e-01 2.040863041326783645e-01
4.064850944852884673e-01 1.671898927315531580e-01
4.070550946283396643e-01 1.506247557852731234e-01
4.076250947713908612e-01 1.594441738929077701e-01
4.081950949144420027e-01 1.489710038650482460e-01
4.087650950574931996e-01 1.712876127592970477e-01
4.093350952005442855e-01 2.148658926607573960e-01
4.099050953435954270e-01 2.638544612362423436e-01
4.104750954866466239e-01 2.486855364875371066e-01
4.110450956296978209e-01 2.461522444824009170e-01
4.116150957727489068e-01 2.383081044481247801e-01
4.121850959158000482e-01 2.370135863796924980e-01
4.127550960588512452e-01 2.259147139288373296e-01
4.133250962019023866e-01 2.068356384066287745e-01
4.138950963449535836e-01 2.065392522124813723e-01
4.144650964880046695e-01 2.529350993872192532e-01
4.150350966310558665e-01 2.524526024750581854e-01
4.156050967741070079e-01 2.862798433591660086e-01
4.161750969171582049e-01 3.233708376508452886e-01
4.167450970602093463e-01 2.695036299507123090e-01
4.173150972032604322e-01 2.438986733435815069e-01
4.178850973463116292e-01 1.928447657301752827e-01
4.184550974893628261e-01 1.594271839434391325e-01
4.190250976324139676e-01 1.440883037403271061e-01
4.195950977754651645e-01 9.551938634004564221e-02
4.201650979185162504e-01 1.054987008666614656e-01
4.207350980615673919e-01 1.676610230958228698e-01
4.213050982046185888e-01 1.871417854469541453e-01
4.218750983476697858e-01 2.067982159971091249e-01
4.224450984907208717e-01 2.576223634868171075e-01
4.230150986337720131e-01 2.599982387879791190e-01
4.235850987768232101e-01 2.601883060908019019e-01
4.241550989198743515e-01 2.695656319409902579e-01
4.247250990629255485e-01 2.740105846889502317e-01
4.252950992059766344e-01 2.555914931223259856e-01
4.258650993490278314e-01 2.231525917347365606e-01
4.264350994920789728e-01 1.955268989060918727e-01
4.270050996351301698e-01 1.889100808487658156e-01
4.275750997781813112e-01 1.610066791611863835e-01
4.281450999212323971e-01 1.591050795323170064e-01
4.287151000642835941e-01 2.106276284142101218e-01
4.292851002073347910e-01 2.471139315356278843e-01
4.298551003503859325e-01 2.337405040030127168e-01
4.304251004934370184e-01 2.110547839570582340e-01
4.309951006364882153e-01 1.928297461691848014e-01
4.315651007795393568e-01 2.017258069375245100e-01
4.321351009225905537e-01 1.842924983033213948e-01
4.327051010656416397e-01 1.974433764945349168e-01
4.332751012086928366e-01 2.060543227642153141e-01
4.338451013517439780e-01 2.255214784874066680e-01
4.344151014947951750e-01 1.838208147332984765e-01
4.349851016378463164e-01 1.388770643861292342e-01
4.355551017808974024e-01 1.261913026921011038e-01
4.361251019239485993e-01 1.626964733777125360e-01
4.366951020669997963e-01 2.183754515292548604e-01
4.372651022100509377e-01 2.399820816695097392e-01
4.378351023531020236e-01 1.963906544649454133e-01
4.384051024961532206e-01 1.627922178064977743e-01
4.389751026392043620e-01 1.723569528380650695e-01
4.395451027822555590e-01 1.861313753463456067e-01
4.401151029253067559e-01 1.979832140843793553e-01
4.406851030683578418e-01 1.965469791308240843e-01
4.412551032114089833e-01 1.923968574926053776e-01
4.418251033544601802e-01 1.983402637307847272e-01
4.423951034975113217e-01 1.995799947577765465e-01
4.429651036405625186e-01 2.161003574388278281e-01
4.435351037836136046e-01 2.149417494998040468e-01
4.441051039266648015e-01 2.019332310446646517e-01
4.446751040697159429e-01 1.765690779632951291e-01
4.452451042127671399e-01 1.899869263964468757e-01
4.458151043558182813e-01 1.789743597851973789e-01
4.463851044988693673e-01 1.627502886037746066e-01
4.469551046419205642e-01 1.747890356716865767e-01
4.475251047849717612e-01 2.209599963256554389e-01
4.480951049280229026e-01 2.332792802770899954e-01
4.486651050710739885e-01 2.203969837316179792e-01
4.492351052141251855e-01 2.161365145348472794e-01
4.498051053571763269e-01 1.997932140937592749e-01
4.503751055002275239e-01 1.960125476266156852e-01
4.509451056432787208e-01 1.816242300045107783e-01
4.515151057863298067e-01 1.715279061299970209e-01
4.520851059293809482e-01 1.441776874779012729e-01
4.526551060724321451e-01 1.240147514285467878e-01
4.532251062154832866e-01 1.325595622966897480e-01
4.537951063585344835e-01 1.819146237340021344e-01
4.543651065015855695e-01 2.024489996729368357e-01
4.549351066446367664e-01 1.970822342126812288e-01
4.555051067876879078e-01 1.457464885829740098e-01
4.560751069307391048e-01 1.147429534050861122e-01
4.566451070737901907e-01 1.278528409260761833e-01
4.572151072168413322e-01 1.536225233735777351e-01
4.577851073598925291e-01 1.490997589567637505e-01
4.583551075029437261e-01 1.433307114737996102e-01
4.589251076459948675e-01 1.702547440614701202e-01
4.594951077890459534e-01 1.981256392641519426e-01
4.600651079320971504e-01 1.902622910866096362e-01
4.606351080751482918e-01 1.807662763071213874e-01
4.612051082181994888e-01 1.594567132371143003e-01
4.617751083612506857e-01 1.387206471163153765e-01
4.623451085043017716e-01 1.150079739317764194e-01
4.629151086473529131e-01 1.173539356005584011e-01
4.634851087904041100e-01 1.300815024833958944e-01
4.640551089334552515e-01 1.427103322122906803e-01
4.646251090765064484e-01 1.859663934783828410e-01
4.651951092195575344e-01 1.722351629042773169e-01
4.657651093626087313e-01 1.412132558133247784e-01
4.663351095056598727e-01 1.153800924479906342e-01
4.669051096487110697e-01 1.131770296998588776e-01
4.674751097917621556e-01 1.499020173662675148e-01
4.680451099348132971e-01 1.895498160919046882e-01
4.686151100778644940e-01 2.203844479543519697e-01
4.691851102209156910e-01 2.346457809047848286e-01
4.697551103639668324e-01 2.306281981736457709e-01
4.703251105070179183e-01 2.331737933152115971e-01
4.708951106500691153e-01 2.281871714762964132e-01
4.714651107931202567e-01 2.300376852861898413e-01
4.720351109361714537e-01 1.991865491591564563e-01
4.726051110792226506e-01 1.777269034309298945e-01
4.731751112222737365e-01 1.705434056139587540e-01
4.737451113653248780e-01 1.393954002289596872e-01
4.743151115083760749e-01 1.406192728634003686e-01
4.748851116514272164e-01 1.074466379544016803e-01
4.754551117944783023e-01 1.219202053092462990e-01
4.760251119375294993e-01 1.509362717707425361e-01
4.765951120805806962e-01 1.859918908679265570e-01
4.771651122236318376e-01 1.744254314259983119e-01
4.777351123666830346e-01 1.121177307211507213e-01
4.783051125097341205e-01 1.037733022897207036e-01
4.788751126527852620e-01 1.322948589826395960e-01
4.794451127958364589e-01 1.690963834608343319e-01
4.800151129388876559e-01 1.827066347890617948e-01
4.805851130819387973e-01 1.694277794342173848e-01
4.811551132249898832e-01 9.030906995176302132e-02
4.817251133680410802e-01 6.447762143597479678e-02
4.822951135110922216e-01 9.948851412218040480e-02
4.828651136541434186e-01 1.120933944246669256e-01
4.834351137971946155e-01 1.329299166717774483e-01
4.840051139402457014e-01 1.420886042256874759e-01
4.845751140832968429e-01 9.492070660807883087e-02
4.851451142263480398e-01 1.082372938943692020e-01
4.857151143693991813e-01 1.250695005599435916e-01
4.862851145124502672e-01 1.031493431286101270e-01
4.868551146555014641e-01 7.608523896180763302e-02
4.874251147985526611e-01 1.120493679553948851e-01
4.879951149416038025e-01 1.455144578001466016e-01
4.885651150846549995e-01 1.705809732824086211e-01
4.891351152277060854e-01 1.610943832477733650e-01
4.897051153707572269e-01 1.557733488803609845e-01
4.902751155138084238e-01 1.603255070326277121e-01
4.908451156568596208e-01 1.481537786169919713e-01
4.914151157999107622e-01 1.223696647276071303e-01
4.919851159429618481e-01 1.147854170920048489e-01
4.925551160860130451e-01 1.149219567591845959e-01
4.931251162290641865e-01 9.361924918895780934e-02
4.936951163721153835e-01 6.966241946362217163e-02
4.942651165151665804e-01 6.983052911169984611e-02
4.948351166582176663e-01 8.016894911389726985e-02
4.954051168012688078e-01 1.065462720569829713e-01
4.959751169443200047e-01 1.094398635403575071e-01
4.965451170873711462e-01 1.108397274509940189e-01
4.971151172304222321e-01 1.134492495208512253e-01
4.976851173734734290e-01 1.298663058979183660e-01
4.982551175165246260e-01 1.516439500445425637e-01
4.988251176595757674e-01 1.790202971674244026e-01
4.993951178026269644e-01 1.609617757640098290e-01
4.999651179456780503e-01 1.676089317301059367e-01
5.005351180887291918e-01 1.815881507116507976e-01
5.011051182317803887e-01 1.959448119892872597e-01
5.016751183748315857e-01 2.237936964373492543e-01
5.022451185178827826e-01 2.440204534342758080e-01
5.028151186609338685e-01 2.369723053134968893e-01
5.033851188039849545e-01 2.178032038612389698e-01
5.039551189470361514e-01 2.184230296103510938e-01
5.045251190900873484e-01 2.203313362486749583e-01
5.050951192331384343e-01 2.204389733458160805e-01
5.056651193761896312e-01 2.212818852064586395e-01
5.062351195192408282e-01 1.860588074895606070e-01
5.068051196622919141e-01 1.409964158587726502e-01
5.073751198053431111e-01 1.468895485932932843e-01
5.079451199483941970e-01 1.754562453050141357e-01
5.085151200914453939e-01 1.707038649217587079e-01
5.090851202344965909e-01 1.560222206431252090e-01
5.096551203775477878e-01 1.657287405061325103e-01
5.102251205205988738e-01 1.859692294543418001e-01
5.107951206636499597e-01 1.861579496103260567e-01
5.113651208067011567e-01 1.818876772517121765e-01
5.119351209497523536e-01 1.602977367208140436e-01
5.125051210928035506e-01 1.517362865996325638e-01
5.130751212358547475e-01 1.721310107723628136e-01
5.136451213789058334e-01 1.654526894293013584e-01
5.142151215219569194e-01 1.621235974828909576e-01
5.147851216650081163e-01 1.657700447323549042e-01
5.153551218080593133e-01 1.814646042023451145e-01
5.159251219511103992e-01 1.923879266366714802e-01
5.164951220941615961e-01 1.716656849360767012e-01
5.170651222372127931e-01 1.308075528630716633e-01
5.176351223802638790e-01 1.011176122923416187e-01
5.182051225233150760e-01 8.571011001426853682e-02
5.187751226663661619e-01 1.252056087816697527e-01
5.193451228094173588e-01 1.337587141811678038e-01
5.199151229524685558e-01 1.195887833928477306e-01
5.204851230955197527e-01 8.676630611632774048e-02
5.210551232385708387e-01 1.073292351723331706e-01
5.216251233816219246e-01 1.420656981821384335e-01
5.221951235246731216e-01 1.560784233702801060e-01
5.227651236677243185e-01 1.611611600079427831e-01
5.233351238107755155e-01 1.515134672254880854e-01
5.239051239538266014e-01 1.514090531574598941e-01
5.244751240968777983e-01 1.259598097657228521e-01
5.250451242399288843e-01 1.350710718218710582e-01
5.256151243829800812e-01 1.385743055915664712e-01
5.261851245260312782e-01 1.299981952375777183e-01
5.267551246690823641e-01 1.380532776019478547e-01
5.273251248121335610e-01 1.403082149648806620e-01
5.278951249551847580e-01 1.581587699234852096e-01
5.284651250982358439e-01 1.716689804294713184e-01
5.290351252412870409e-01 1.793404258589763600e-01
5.296051253843381268e-01 1.848612617516103285e-01
5.301751255273893237e-01 1.752713556691762875e-01
5.307451256704405207e-01 1.602950227314821063e-01
5.313151258134917176e-01 1.404801957285801706e-01
5.318851259565428036e-01 1.404248520664328481e-01
5.324551260995938895e-01 1.408778417673328676e-01
5.330251262426450864e-01 1.302817547592294289e-01
5.335951263856962834e-01 9.972082344668997678e-02
5.341651265287474804e-01 9.597617709193251301e-02
5.347351266717985663e-01 1.157395827537612831e-01
5.353051268148497632e-01 1.447490007073692908e-01
5.358751269579008492e-01 1.421557177504144676e-01
5.364451271009520461e-01 1.391368477819856508e-01
5.370151272440032431e-01 1.106149080652176764e-01
5.375851273870543290e-01 1.253459513947188242e-01
5.381551275301055259e-01 1.322474693292949866e-01
5.387251276731567229e-01 1.490395846196328478e-01
5.392951278162078088e-01 1.535553074963580400e-01
5.398651279592590058e-01 1.321331664189955291e-01
5.404351281023100917e-01 1.382516307372689823e-01
5.410051282453612886e-01 1.675929228574748464e-01
5.415751283884124856e-01 1.559052922768220384e-01
5.421451285314636825e-01 8.407473680732202581e-02
5.427151286745147685e-01 8.968854662263581190e-02
5.432851288175658544e-01 9.484329927118295700e-02
5.438551289606170513e-01 9.457836650632245323e-02
5.444251291036682483e-01 1.120563769396039078e-01
5.449951292467194452e-01 1.078969618972607236e-01
5.455651293897705312e-01 1.371458359546604555e-01
5.461351295328217281e-01 1.651291324163501884e-01
5.467051296758728141e-01 1.300121532657367851e-01
5.472751298189240110e-01 8.108210652543235142e-02
5.478451299619752080e-01 9.563662641473236192e-02
5.484151301050262939e-01 1.018828370884001799e-01
5.489851302480774908e-01 1.094791862589659104e-01
5.495551303911286878e-01 1.072364077749075051e-01
5.501251305341797737e-01 1.116130891246296386e-01
5.506951306772309707e-01 1.222838536478398908e-01
5.512651308202820566e-01 1.596881836800552179e-01
5.518351309633332535e-01 1.680839895759351776e-01
5.524051311063844505e-01 1.543515878225196758e-01
5.529751312494356474e-01 1.313149071204673390e-01
5.535451313924867334e-01 1.276458622094924777e-01
5.541151315355378193e-01 1.212822016671086800e-01
5.546851316785890162e-01 1.251969849412972735e-01
5.552551318216402132e-01 1.372284539298878059e-01
5.558251319646914101e-01 2.032935656553629400e-01
5.563951321077424961e-01 2.211875164540479943e-01
5.569651322507936930e-01 1.688293199585082505e-01
5.575351323938447790e-01 9.122895084759363726e-02
5.581051325368959759e-01 8.263361920041845110e-02
5.586751326799471729e-01 1.231717473940356911e-01
5.592451328229982588e-01 1.326421923835283678e-01
5.598151329660494557e-01 9.906558858382474853e-02
5.603851331091006527e-01 7.646743280133883047e-02
5.609551332521517386e-01 1.098496374479065452e-01
5.615251333952028245e-01 1.149156521501311090e-01
5.620951335382540215e-01 9.835633162595769363e-02
5.626651336813052184e-01 1.132838897715515714e-01
5.632351338243564154e-01 1.009695899993037216e-01
5.638051339674076123e-01 9.355503810056298164e-02
5.643751341104586983e-01 1.033113860744752088e-01
5.649451342535097842e-01 1.175975523149421775e-01
5.655151343965609811e-01 1.193846989017028903e-01
5.660851345396121781e-01 8.042184599847956861e-02
5.666551346826633750e-01 7.766219373614013932e-02
5.672251348257144610e-01 6.911611623232438717e-02
5.677951349687656579e-01 6.328823791074000837e-02
5.683651351118167439e-01 8.642442256441285053e-02
5.689351352548679408e-01 1.104806551635650891e-01
5.695051353979191378e-01 1.177984502067115358e-01
5.700751355409702237e-01 1.230257920188115861e-01
5.706451356840214206e-01 1.008875981877928041e-01
5.712151358270726176e-01 6.935098819697316230e-02
5.717851359701237035e-01 6.964692881158995874e-02
5.723551361131747894e-01 8.721381676551942519e-02
5.729251362562259864e-01 1.056083549919044628e-01
5.734951363992771833e-01 1.168689567525120765e-01
5.740651365423283803e-01 8.335207993418514150e-02
5.746351366853795772e-01 5.365165441283181735e-02
5.752051368284306632e-01 4.956691594931150746e-02
5.757751369714817491e-01 5.610428538712675106e-02
5.763451371145329460e-01 6.634566206743919281e-02
5.769151372575841430e-01 5.165282340700727559e-02
5.774851374006353399e-01 3.768692367181181169e-02
5.780551375436864259e-01 4.849570901696154124e-02
5.786251376867376228e-01 8.783593396659661323e-02
5.791951378297887087e-01 1.213566014112963387e-01
5.797651379728399057e-01 1.214268912750355867e-01
5.803351381158911027e-01 8.344102930274743812e-02
5.809051382589421886e-01 8.471936418019687665e-02
5.814751384019933855e-01 6.847496425040411339e-02
5.820451385450445825e-01 5.034722125669510717e-02
5.826151386880956684e-01 7.146327642366934185e-02
5.831851388311467543e-01 8.903124130418582638e-02
5.837551389741979513e-01 8.812814453679251869e-02
5.843251391172491482e-01 1.028194504964492495e-01
5.848951392603003452e-01 1.169222164716021695e-01
5.854651394033515421e-01 1.182507418953164802e-01
5.860351395464026281e-01 8.860941043424830355e-02
5.866051396894537140e-01 9.974818647926930737e-02
5.871751398325049109e-01 1.051273800458556451e-01
5.877451399755561079e-01 7.867585834214096963e-02
5.883151401186073048e-01 6.662561197649630174e-02
5.888851402616583908e-01 8.176634680553362955e-02
5.894551404047095877e-01 1.044068535520601415e-01
5.900251405477606736e-01 1.082167029940315217e-01
5.905951406908118706e-01 8.796757968363344560e-02
5.911651408338629565e-01 7.773347370950034474e-02
5.917351409769141535e-01 7.189193496436097064e-02
5.923051411199653504e-01 4.355424492688619864e-02
5.928751412630165474e-01 1.350608692475141481e-02
5.934451414060676333e-01 0.000000000000000000e+00
5.940151415491187192e-01 9.184011943986547521e-03
5.945851416921699162e-01 2.009716193705557430e-02
5.951551418352211131e-01 3.129615158709952993e-02
5.957251419782723101e-01 4.615591547976194420e-02
5.962951421213235070e-01 7.217422065613554594e-02
5.968651422643745930e-01 4.473696768963364434e-02
5.974351424074256789e-01 4.113055159466938449e-02
5.980051425504768758e-01 5.784409086664688004e-02
5.985751426935280728e-01 9.636669108139450657e-02
5.991451428365792697e-01 1.003782253040697015e-01
5.997151429796303557e-01 5.283355783329746203e-02
