# q (1/Angstrom), I (arb)
3.028500007152557655e-02 1.744120290561353386e+02
3.085500021457673533e-02 1.729920030055703535e+02
3.142500035762788718e-02 1.714451768253094315e+02
3.199500050067904250e-02 1.701961750526255628e+02
3.256500064373019782e-02 1.688847579629281768e+02
3.313500078678135313e-02 1.675021981939910631e+02
3.370500092983251539e-02 1.653019223093652101e+02
3.427500107288366377e-02 1.636271822330730004e+02
3.484500121593482602e-02 1.630102028804749636e+02
3.541500135898597440e-02 1.617430204021580664e+02
3.598500150203713666e-02 1.596483693591238477e+02
3.655500164508829197e-02 1.573685713201368515e+02
3.712500178813944729e-02 1.558175180098615726e+02
3.769500193119060261e-02 1.545090624867249005e+02
3.826500207424176486e-02 1.532931791094890457e+02
3.883500221729291324e-02 1.518017664012085106e+02
3.940500236034407550e-02 1.502066187932636296e+02
3.997500250339522387e-02 1.485276890644110779e+02
4.054500264644638613e-02 1.464889495461924298e+02
4.111500278949753451e-02 1.448765963929931502e+02
4.168500293254869676e-02 1.434026814699258239e+02
4.225500307559985208e-02 1.415957174523426829e+02
4.282500321865100740e-02 1.399339231318060968e+02
4.339500336170216271e-02 1.386151277534294479e+02
4.396500350475332497e-02 1.372543558468018432e+02
4.453500364780447335e-02 1.356703989216898378e+02
4.510500379085563560e-02 1.341374333002664230e+02
4.567500393390679092e-02 1.325269791559225894e+02
4.624500407695794624e-02 1.308848869788745617e+02
4.681500422000909462e-02 1.290171686516131047e+02
4.738500436306025687e-02 1.274073490407009785e+02
4.795500450611141219e-02 1.262834399513379537e+02
4.852500464916256750e-02 1.247978667379583726e+02
4.909500479221372282e-02 1.230696130825870966e+02
4.966500493526487814e-02 1.210219048952038605e+02
5.023500507831603346e-02 1.190800191539091060e+02
5.080500522136719571e-02 1.177410013791049295e+02
5.137500536441835103e-02 1.166600297534171204e+02
5.194500550746949941e-02 1.152188457482844228e+02
5.251500565052065472e-02 1.141155540351770128e+02
5.308500579357181698e-02 1.129265376856815095e+02
5.365500593662297230e-02 1.118358594870875038e+02
5.422500607967412067e-02 1.102114318258390568e+02
5.479500622272528987e-02 1.080503772696493598e+02
5.536500636577643825e-02 1.064029475972843670e+02
5.593500650882759356e-02 1.052723709053964711e+02
5.650500665187874194e-02 1.039358381369312241e+02
5.707500679492991114e-02 1.024704287497476685e+02
5.764500693798105951e-02 1.011593895299447894e+02
5.821500708103222177e-02 9.984004898266263694e+01
5.878500722408337709e-02 9.809218535601179667e+01
5.935500736713453240e-02 9.641041039712133909e+01
5.992500751018568078e-02 9.501780445111999995e+01
6.049500765323683610e-02 9.395620338244066261e+01
6.106500779628799835e-02 9.296425209167969683e+01
6.163500793933916061e-02 9.160652226578055490e+01
6.220500808239031593e-02 9.006039019728822836e+01
6.277500822544146430e-02 8.850543595426128718e+01
6.334500836849261962e-02 8.697820611371693644e+01
6.391500851154377494e-02 8.530032959831137873e+01
6.448500865459493026e-02 8.369490029293012867e+01
6.505500879764608557e-02 8.196149875737376078e+01
6.562500894069725477e-02 8.012575701495372016e+01
6.619500908374841008e-02 7.854603025867469057e+01
6.676500922679955152e-02 7.712748126675671756e+01
6.733500936985070684e-02 7.542485314233937288e+01
6.790500951290186216e-02 7.367131335132960146e+01
6.847500965595303135e-02 7.219986582577405443e+01
6.904500979900417279e-02 7.054493625847452165e+01
6.961500994205534198e-02 6.888189923008208382e+01
7.018501008510649730e-02 6.746662396122843575e+01
7.075501022815765262e-02 6.583410721041633451e+01
7.132501037120879406e-02 6.426194685696665942e+01
7.189501051425994937e-02 6.275575769262296433e+01
7.246501065731111857e-02 6.106976737698050073e+01
7.303501080036227389e-02 5.941055347662418029e+01
7.360501094341342920e-02 5.801406405879797745e+01
7.417501108646458452e-02 5.664070835078135246e+01
7.474501122951573984e-02 5.528427853717434459e+01
7.531501137256689515e-02 5.395336468390406992e+01
7.588501151561805047e-02 5.279692678095506153e+01
7.645501165866920579e-02 5.178570977137110276e+01
7.702501180172037498e-02 5.080730003114835824e+01
7.759501194477153030e-02 4.962014393061057405e+01
7.816501208782267174e-02 4.847628231120096132e+01
7.873501223087382705e-02 4.733054402145504014e+01
7.930501237392498237e-02 4.625826344786972300e+01
7.987501251697615157e-02 4.516165783979977277e+01
8.044501266002730688e-02 4.411291059070647691e+01
8.101501280307846220e-02 4.312050785553013554e+01
8.158501294612961752e-02 4.200600733198828607e+01
8.215501308918077283e-02 4.097669432649979626e+01
8.272501323223191427e-02 3.990285555298010678e+01
8.329501337528306959e-02 3.882474737231129325e+01
8.386501351833425266e-02 3.783027532618814348e+01
8.443501366138539410e-02 3.708521580290746300e+01
8.500501380443654942e-02 3.631356115784708294e+01
8.557501394748770474e-02 3.543341782607336654e+01
8.614501409053886005e-02 3.484150569819843213e+01
8.671501423359001537e-02 3.427343471418337373e+01
8.728501437664115681e-02 3.339459195823147297e+01
8.785501451969233988e-02 3.242882213672881164e+01
8.842501466274349520e-02 3.144231220690952711e+01
8.899501480579463664e-02 3.061317752892774635e+01
8.956501494884579195e-02 2.989241693075148021e+01
9.013501509189694727e-02 2.923775513349340471e+01
9.070501523494810259e-02 2.874868982475616264e+01
9.127501537799927178e-02 2.814927243764207532e+01
9.184501552105042710e-02 2.733958589739996725e+01
9.241501566410158242e-02 2.659042073294744668e+01
9.298501580715273773e-02 2.594134440399154684e+01
9.355501595020387917e-02 2.527669457857194857e+01
9.412501609325503449e-02 2.447340281831819908e+01
9.469501623630618981e-02 2.374556799154946418e+01
9.526501637935735900e-02 2.326643622344034057e+01
9.583501652240851432e-02 2.284253781466098587e+01
9.640501666545966963e-02 2.251036228845987708e+01
9.697501680851082495e-02 2.219576971734568716e+01
9.754501695156198027e-02 2.157175475953653887e+01
9.811501709461312171e-02 2.098890189430141362e+01
9.868501723766430478e-02 2.035574192732422105e+01
9.925501738071546010e-02 1.979599113075695271e+01
9.982501752376660153e-02 1.928408891513577217e+01
1.003950176668177569e-01 1.878491111715566930e+01
1.009650178098689122e-01 1.840776823442418220e+01
1.015350179529200675e-01 1.797432577826157285e+01
1.021050180959712228e-01 1.748606620488316921e+01
1.026750182390223920e-01 1.704287909912629573e+01
1.032450183820735473e-01 1.658100355868396747e+01
1.038150185251247026e-01 1.615180020210053868e+01
1.043850186681758441e-01 1.574290750487135782e+01
1.049550188112269994e-01 1.538525943148998465e+01
1.055250189542781547e-01 1.512247823259843571e+01
1.060950190973293239e-01 1.480014259005048416e+01
1.066650192403804792e-01 1.443989909866591148e+01
1.072350193834316345e-01 1.407910463801157519e+01
1.078050195264827898e-01 1.377040336592762060e+01
1.083750196695339452e-01 1.345116274823246982e+01
1.089450198125850866e-01 1.312888647081991422e+01
1.095150199556362419e-01 1.277012983502144294e+01
1.100850200986874250e-01 1.244726064997625059e+01
1.106550202417385664e-01 1.208780817496788984e+01
1.112250203847897218e-01 1.172187176087719962e+01
1.117950205278408771e-01 1.135921019791680564e+01
1.123650206708920324e-01 1.114181414456573194e+01
1.129350208139431877e-01 1.085767987151349345e+01
1.135050209569943291e-01 1.064915409203077346e+01
1.140750211000455122e-01 1.038738226007540533e+01
1.146450212430966675e-01 1.014094493482619086e+01
1.152150213861478090e-01 9.804666822464987774e+00
1.157850215291989643e-01 9.497157595078352443e+00
1.163550216722501196e-01 9.336234353635738614e+00
1.169250218153012749e-01 9.258368836166955163e+00
1.174950219583524441e-01 9.052005035509402830e+00
1.180650221014035994e-01 8.753994640722904563e+00
1.186350222444547547e-01 8.428281223065035022e+00
1.192050223875059101e-01 8.241710763778929305e+00
1.197750225305570515e-01 8.015277762191281852e+00
1.203450226736082068e-01 7.777533594445191767e+00
1.209150228166593621e-01 7.647293470187719322e+00
1.214850229597105313e-01 7.384727658963026187e+00
1.220550231027616866e-01 7.097210569818809489e+00
1.226250232458128420e-01 7.010317727449621117e+00
1.231950233888639973e-01 7.037839077068486660e+00
1.237650235319151526e-01 6.944449796067349467e+00
1.243350236749662940e-01 6.717596850850281243e+00
1.249050238180174771e-01 6.436966269239519534e+00
1.254750239610686324e-01 6.241758623951174201e+00
1.260450241041197739e-01 6.090014315373366571e+00
1.266150242471709431e-01 5.954509449002514998e+00
1.271850243902220845e-01 5.726447380474663618e+00
1.277550245332732259e-01 5.580856579852568444e+00
1.283250246763243951e-01 5.495548720973427947e+00
1.288950248193755643e-01 5.325806290995398484e+00
1.294650249624267058e-01 5.136923877869644883e+00
1.300350251054778750e-01 4.996178378473100423e+00
1.306050252485290164e-01 4.989996216025943454e+00
1.311750253915801856e-01 4.856947026477538287e+00
1.317450255346313270e-01 4.697376194595342724e+00
1.323150256776824685e-01 4.508321507215097057e+00
1.328850258207336377e-01 4.358000349282811214e+00
1.334550259637848069e-01 4.272939952558807875e+00
1.340250261068359483e-01 4.206397423242236755e+00
1.345950262498871175e-01 4.257991137129771175e+00
1.351650263929382589e-01 4.265513109578435547e+00
1.357350265359894281e-01 4.086314643709659578e+00
1.363050266790405696e-01 3.894943743250973256e+00
1.368750268220917110e-01 3.809884642513619468e+00
1.374450269651429080e-01 3.700528486580207499e+00
1.380150271081940494e-01 3.618084453210045126e+00
1.385850272512451908e-01 3.517895847149013377e+00
1.391550273942963600e-01 3.299912660897973637e+00
1.397250275373475015e-01 3.154009311963424267e+00
1.402950276803986707e-01 3.139804573535016630e+00
1.408650278234498399e-01 3.176044588751732789e+00
1.414350279665009813e-01 3.164201097616189173e+00
1.420050281095521505e-01 3.119545916736523594e+00
1.425750282526032919e-01 3.047017122311981296e+00
1.431450283956544334e-01 2.956587538185218023e+00
1.437150285387056026e-01 2.798107101961463172e+00
1.442850286817567440e-01 2.679356094972280999e+00
1.448550288248079132e-01 2.606507318515422611e+00
1.454250289678590824e-01 2.582967044353210895e+00
1.459950291109102238e-01 2.583759556479545694e+00
1.465650292539613930e-01 2.623461254639515516e+00
1.471350293970125345e-01 2.565499371280655083e+00
1.477050295400636759e-01 2.444516724777884065e+00
1.482750296831148729e-01 2.337724594075208273e+00
1.488450298261660143e-01 2.278029656770428346e+00
1.494150299692171557e-01 2.226222926515223577e+00
1.499850301122683249e-01 2.152102312547413021e+00
1.505550302553194664e-01 2.053191223535257848e+00
1.511250303983706356e-01 1.968806339048363441e+00
1.516950305414217770e-01 1.955459425222077385e+00
1.522650306844729462e-01 1.962581196751560952e+00
1.528350308275241154e-01 1.956215913410598972e+00
1.534050309705752568e-01 1.897681681657186203e+00
1.539750311136264260e-01 1.821466590120490281e+00
1.545450312566775675e-01 1.797877443865257163e+00
1.551150313997287089e-01 1.763223297396354639e+00
1.556850315427799059e-01 1.753172749561382915e+00
1.562550316858310473e-01 1.714609563382754942e+00
1.568250318288821887e-01 1.720920615378165763e+00
1.573950319719333579e-01 1.688791310840965565e+00
1.579650321149844994e-01 1.645705260681303628e+00
1.585350322580356686e-01 1.638005189983509524e+00
1.591050324010868100e-01 1.668390533622499561e+00
1.596750325441379792e-01 1.626211182160815838e+00
1.602450326871891484e-01 1.556190495469742530e+00
1.608150328302402898e-01 1.466519830340782704e+00
1.613850329732914313e-01 1.412382494162276458e+00
1.619550331163426005e-01 1.450635074792874235e+00
1.625250332593937419e-01 1.451880353876170204e+00
1.630950334024449111e-01 1.369875444215100657e+00
1.636650335454960803e-01 1.398181690074750350e+00
1.642350336885472217e-01 1.382832233883341644e+00
1.648050338315983909e-01 1.363980491088131686e+00
1.653750339746495324e-01 1.404957884930137624e+00
1.659450341177006738e-01 1.369099284723588994e+00
1.665150342607518430e-01 1.308151902444965486e+00
1.670850344038030122e-01 1.303854427622944456e+00
1.676550345468541536e-01 1.314813743330059737e+00
1.682250346899053228e-01 1.314949117302706583e+00
1.687950348329564643e-01 1.327249742102132757e+00
1.693650349760076335e-01 1.371744813145710395e+00
1.699350351190587749e-01 1.413729775679424705e+00
1.705050352621099163e-01 1.299572050754548513e+00
1.710750354051611133e-01 1.297475420043728178e+00
1.716450355482122547e-01 1.300557407049836911e+00
1.722150356912633962e-01 1.254039724492329810e+00
1.727850358343145654e-01 1.183418095699924066e+00
1.733550359773657068e-01 1.169083751697090889e+00
1.739250361204168760e-01 1.156279486900562148e+00
1.744950362634680452e-01 1.140977641608813542e+00
1.750650364065191866e-01 1.145088436307208468e+00
1.756350365495703558e-01 1.161882414243780914e+00
1.762050366926214973e-01 1.155002266100858321e+00
1.767750368356726387e-01 1.162869460385088871e+00
1.773450369787238079e-01 1.169751911463094984e+00
1.779150371217749493e-01 1.159958453431983116e+00
1.784850372648261185e-01 1.135087464940511381e+00
1.790550374078772877e-01 1.103987280577872099e+00
1.796250375509284292e-01 1.066975951567190606e+00
1.801950376939795984e-01 1.005363604746936090e+00
1.807650378370307398e-01 9.268704638915750138e-01
1.813350379800818812e-01 9.493994637291045535e-01
1.819050381231330782e-01 1.074677046197319186e+00
1.824750382661842196e-01 1.128987254189404155e+00
1.830450384092353611e-01 1.068273645693402329e+00
1.836150385522865303e-01 1.026420996011637499e+00
1.841850386953376717e-01 1.012413587855636621e+00
1.847550388383888409e-01 1.025555426352674715e+00
1.853250389814399823e-01 1.076000080152457627e+00
1.858950391244911515e-01 1.039649552620751649e+00
1.864650392675423207e-01 9.857503088966055316e-01
1.870350394105934622e-01 9.512897274547569282e-01
1.876050395536446036e-01 9.503318470223618419e-01
1.881750396966957728e-01 9.737561053467622685e-01
1.887450398397469142e-01 9.579975404154907892e-01
1.893150399827980834e-01 9.189229384134556256e-01
1.898850401258492526e-01 9.137314010663786235e-01
1.904550402689003941e-01 9.669292197044789816e-01
1.910250404119515633e-01 1.002140954010236840e+00
1.915950405550027047e-01 9.955970037153214491e-01
1.921650406980538461e-01 9.860145888994118479e-01
1.927350408411050153e-01 9.891319955345139192e-01
1.933050409841561845e-01 9.218686022927791157e-01
1.938750411272073260e-01 8.844281273315885983e-01
1.944450412702584952e-01 8.847741607773116357e-01
1.950150414133096366e-01 9.186492235416139351e-01
1.955850415563608058e-01 9.734577600542415610e-01
1.961550416994119472e-01 1.030903784478876872e+00
1.967250418424630887e-01 1.029091566291530313e+00
1.972950419855142856e-01 1.004327501261091271e+00
1.978650421285654271e-01 1.000037831255706777e+00
1.984350422716165685e-01 9.232637929286227063e-01
1.990050424146677377e-01 9.242219633104546972e-01
1.995750425577188791e-01 9.918843844307936308e-01
2.001450427007700483e-01 1.038858222038651746e+00
2.007150428438212453e-01 1.080594226169424132e+00
2.012850429868723590e-01 1.065188707832515291e+00
2.018550431299235282e-01 1.010098682317629226e+00
2.024250432729746696e-01 9.617629641015845721e-01
2.029950434160258388e-01 9.096729121870694712e-01
2.035650435590769802e-01 9.606670177123213250e-01
2.041350437021281494e-01 9.913486369476380844e-01
2.047050438451793186e-01 9.546838425246058080e-01
2.052750439882304601e-01 9.524973730535819527e-01
2.058450441312816293e-01 9.766051743487231818e-01
2.064150442743327707e-01 8.988630620369626456e-01
2.069850444173839399e-01 9.079605610177523545e-01
2.075550445604350536e-01 9.672095767660806587e-01
2.081250447034862505e-01 9.688840150001958307e-01
2.086950448465374197e-01 9.570366988611844761e-01
2.092650449895885334e-01 9.573674311156423755e-01
2.098350451326397303e-01 9.332085001979315564e-01
2.104050452756908440e-01 9.408326776036872729e-01
2.109750454187420132e-01 1.009228669987475513e+00
2.115450455617931547e-01 1.000965502889222591e+00
2.121150457048443239e-01 9.898041327736173400e-01
2.126850458478954931e-01 1.018559843423126665e+00
2.132550459909466345e-01 9.281456014722309078e-01
2.138250461339978037e-01 8.893605496582104308e-01
2.143950462770489451e-01 8.920488574225409195e-01
2.149650464201001143e-01 8.919518380776239042e-01
2.155350465631512835e-01 9.158030322954999747e-01
2.161050467062024250e-01 8.988289015968149442e-01
2.166750468492535942e-01 8.809905415476180224e-01
2.172450469923047356e-01 9.225740411537834973e-01
2.178150471353559048e-01 9.587339239891008447e-01
2.183850472784070185e-01 8.578003381819669926e-01
2.189550474214582154e-01 8.171303405416878718e-01
2.195250475645093846e-01 8.777027257562082241e-01
2.200950477075604983e-01 9.115122189499125227e-01
2.206650478506116952e-01 9.427092351093442346e-01
2.212350479936628089e-01 8.719593967990562078e-01
2.218050481367139781e-01 8.383669127740205340e-01
2.223750482797651196e-01 7.656000230105668436e-01
2.229450484228162888e-01 7.076673717514019302e-01
2.235150485658674580e-01 7.336164288007260836e-01
2.240850487089185994e-01 8.070199452435744547e-01
2.246550488519697686e-01 8.510982976943388678e-01
2.252250489950209100e-01 8.344590560538236446e-01
2.257950491380720792e-01 8.420736037343417024e-01
2.263650492811232207e-01 8.302565081465935748e-01
2.269350494241743899e-01 7.794822547404862689e-01
2.275050495672255590e-01 7.826943474650640553e-01
2.280750497102767005e-01 8.123006712463585188e-01
2.286450498533278697e-01 8.213143591933906862e-01
2.292150499963789834e-01 8.352832668231151558e-01
2.297850501394301803e-01 8.591970449323653725e-01
2.303550502824812940e-01 8.508758396291113968e-01
2.309250504255324632e-01 7.788479697265557888e-01
2.314950505685836046e-01 7.402552320150874721e-01
2.320650507116347738e-01 7.098956692074196440e-01
2.326350508546859430e-01 7.385959071882304272e-01
2.332050509977370845e-01 8.187123764351937893e-01
2.337750511407882537e-01 8.475878205193971837e-01
2.343450512838393951e-01 8.680845813312281223e-01
2.349150514268905643e-01 8.395417547837631389e-01
2.354850515699417057e-01 7.719344829289198628e-01
2.360550517129928749e-01 7.838010226274612080e-01
2.366250518560440441e-01 7.525524701404258110e-01
2.371950519990951856e-01 7.330000389540991534e-01
2.377650521421463548e-01 7.912791462537995812e-01
2.383350522851974684e-01 8.369605013189804765e-01
2.389050524282486654e-01 8.256343868370947803e-01
2.394750525712997791e-01 7.560266146087109007e-01
2.400450527143509483e-01 7.455876272795656234e-01
2.406150528574021452e-01 7.161528534916463684e-01
2.411850530004532589e-01 6.865208122222199449e-01
2.417550531435044281e-01 7.541020527350390523e-01
2.423250532865555695e-01 7.463881430999421696e-01
2.428950534296067387e-01 7.793203036690208307e-01
2.434650535726578802e-01 7.259722467207261332e-01
2.440350537157090494e-01 6.466779371070465743e-01
2.446050538587602186e-01 5.701719073387572223e-01
2.451750540018113600e-01 5.621374232605802490e-01
2.457450541448625292e-01 6.073337724044058916e-01
2.463150542879136706e-01 6.829430089963146600e-01
2.468850544309648398e-01 6.777087753496147116e-01
2.474550545740160090e-01 6.099279061334321739e-01
2.480250547170671505e-01 6.011131104922249335e-01
2.485950548601183197e-01 6.771208945875137886e-01
2.491650550031694333e-01 6.713370185624185638e-01
2.497350551462206303e-01 6.377801802064695380e-01
2.503050552892717717e-01 6.444989435465124927e-01
2.508750554323229132e-01 6.072486124345566338e-01
2.514450555753741101e-01 5.543098103830388368e-01
2.520150557184252516e-01 5.808269988992726951e-01
2.525850558614763930e-01 5.891792871605368020e-01
2.531550560045275344e-01 6.328999907977568284e-01
2.537250561475787314e-01 6.909095310513606591e-01
2.542950562906298173e-01 6.362861170117177778e-01
2.548650564336810143e-01 5.618585618615625776e-01
2.554350565767322112e-01 4.785138809440674379e-01
2.560050567197832971e-01 5.053939806045981697e-01
2.565750568628344941e-01 5.372271138437589855e-01
2.571450570058856355e-01 5.413393599150566615e-01
2.577150571489367770e-01 5.866045431404209864e-01
2.582850572919879184e-01 6.113274302920963521e-01
2.588550574350391154e-01 5.821124006401916517e-01
2.594250575780902568e-01 5.861448033769640631e-01
2.599950577211413982e-01 6.402504209209354258e-01
2.605650578641925952e-01 6.333384495850502560e-01
2.611350580072437366e-01 6.831512288816092848e-01
2.617050581502948781e-01 8.896540020034997553e-01
2.622750582933460750e-01 6.364140595317486770e-01
2.628450584363972165e-01 5.639713060162314662e-01
2.634150585794483579e-01 5.548755583952207360e-01
2.639850587224994993e-01 5.378936150247923820e-01
2.645550588655506963e-01 4.642910331412117841e-01
2.651250590086017822e-01 4.269917073889999415e-01
2.656950591516529792e-01 4.491914729409245410e-01
2.662650592947041761e-01 5.336235046309880659e-01
2.668350594377552620e-01 5.536932432363990131e-01
2.674050595808064590e-01 5.775503617745485485e-01
2.679750597238576004e-01 5.541785016452394075e-01
2.685450598669087419e-01 5.147170180025426589e-01
2.691150600099598833e-01 4.955825009884797794e-01
2.696850601530110803e-01 4.754439589132317678e-01
2.702550602960622217e-01 4.611951916929264428e-01
2.708250604391133631e-01 5.137659497657587337e-01
2.713950605821645601e-01 5.045959153743488912e-01
2.719650607252157015e-01 4.728934480383877315e-01
2.725350608682668430e-01 4.699310330705337435e-01
2.731050610113179844e-01 4.956467308064169686e-01
2.736750611543691813e-01 5.160240581080337563e-01
2.742450612974203228e-01 5.198952387961135457e-01
2.748150614404714642e-01 4.840577017388447700e-01
2.753850615835226612e-01 4.848269001129139610e-01
2.759550617265737471e-01 4.974175171491950209e-01
2.765250618696249441e-01 4.890107869498656612e-01
2.770950620126760855e-01 4.658838931368940450e-01
2.776650621557272269e-01 4.613695507894206571e-01
2.782350622987784239e-01 4.457130667125497325e-01
2.788050624418295653e-01 4.401660616065043996e-01
2.793750625848807068e-01 4.264386464485809825e-01
2.799450627279318482e-01 4.226830199965405654e-01
2.805150628709830452e-01 4.365473984176873046e-01
2.810850630140341866e-01 4.317788918294205303e-01
2.816550631570853280e-01 4.311267665552591666e-01
2.822250633001365250e-01 4.341413979625876607e-01
2.827950634431876664e-01 4.071389975918506821e-01
2.833650635862388079e-01 4.215138493340013781e-01
2.839350637292899493e-01 4.120241508816349096e-01
2.845050638723411462e-01 4.249653680655711696e-01
2.850750640153922877e-01 4.324756472391406703e-01
2.856450641584434291e-01 4.054452596639492867e-01
2.862150643014946261e-01 3.674174024520873161e-01
2.867850644445457120e-01 3.747588140689614988e-01
2.873550645875969090e-01 3.583695079484741086e-01
2.879250647306480504e-01 3.640107221952035843e-01
2.884950648736991918e-01 4.141294821741894339e-01
2.890650650167503888e-01 4.485881555547415189e-01
2.896350651598015302e-01 5.194544608484257253e-01
2.902050653028526717e-01 4.495828092730818071e-01
2.907750654459038131e-01 4.186387159142590519e-01
2.913450655889550100e-01 3.749781499384319261e-01
2.919150657320061515e-01 3.373606492904421827e-01
2.924850658750572929e-01 3.637781854630688372e-01
2.930550660181084899e-01 4.235748037137376798e-01
2.936250661611596313e-01 4.051372966673447706e-01
2.941950663042107728e-01 3.425530196984709619e-01
2.947650664472619142e-01 2.923187620110390128e-01
2.953350665903131111e-01 3.122665764287724244e-01
2.959050667333641971e-01 3.591754271836045120e-01
2.964750668764153940e-01 3.753082414330641825e-01
2.970450670194665910e-01 3.355871122691702624e-01
2.976150671625176769e-01 3.291046610004002559e-01
2.981850673055688739e-01 3.260059188914716799e-01
2.987550674486200153e-01 3.266616125762773493e-01
2.993250675916711567e-01 3.065346316899884016e-01
2.998950677347223537e-01 3.021870846228225105e-01
3.004650678777734951e-01 3.297125929918429676e-01
3.010350680208246921e-01 3.413723223688300834e-01
3.016050681638757780e-01 3.144642192672932879e-01
3.021750683069269749e-01 3.285001070318926963e-01
3.027450684499781164e-01 2.937497789895360256e-01
3.033150685930292578e-01 2.785919953614417466e-01
3.038850687360804548e-01 2.632253297536095715e-01
3.044550688791315962e-01 3.107224914612416455e-01
3.050250690221827377e-01 3.800090522217836053e-01
3.055950691652338791e-01 4.202641306529706355e-01
3.061650693082850760e-01 4.254785163061995945e-01
3.067350694513362175e-01 3.966953309642313741e-01
3.073050695943873589e-01 4.020647696146681938e-01
3.078750697374385559e-01 4.071249273516137634e-01
3.084450698804896973e-01 3.623216982844539302e-01
3.090150700235408388e-01 3.538049167537202777e-01
3.095850701665919802e-01 3.683106362737618156e-01
3.101550703096431771e-01 3.878591816190990471e-01
3.107250704526942631e-01 3.589354505931474648e-01
3.112950705957454600e-01 3.466800461213743745e-01
3.118650707387966570e-01 3.196442889320003644e-01
3.124350708818477429e-01 3.179866837426423842e-01
3.130050710248989398e-01 3.345948870633534966e-01
3.135750711679500813e-01 2.882532988018553510e-01
3.141450713110012227e-01 2.958644057473733824e-01
3.147150714540524197e-01 3.178329382529376801e-01
3.152850715971035611e-01 3.248064750030863479e-01
3.158550717401547026e-01 3.505023447197501696e-01
3.164250718832058440e-01 3.678451033657879066e-01
3.169950720262570409e-01 3.797214311522623120e-01
3.175650721693081824e-01 3.701906619719217417e-01
3.181350723123593238e-01 3.421188794944782785e-01
3.187050724554105208e-01 3.365594515218361948e-01
3.192750725984616622e-01 3.550318686270088619e-01
3.198450727415128036e-01 3.471376138957538160e-01
3.204150728845639451e-01 3.533227495006769914e-01
3.209850730276151420e-01 3.405840619339173259e-01
3.215550731706662280e-01 3.694653619552745738e-01
3.221250733137174249e-01 3.470293260259325052e-01
3.226950734567686219e-01 3.007179550869203410e-01
3.232650735998197078e-01 3.303100315473166404e-01
3.238350737428709047e-01 3.579412783537669895e-01
3.244050738859220462e-01 4.006160701594758677e-01
3.249750740289731876e-01 4.422562563589487183e-01
3.255450741720243291e-01 4.414364782581685631e-01
3.261150743150755260e-01 3.806840647587605986e-01
3.266850744581266675e-01 3.408001072534361242e-01
3.272550746011778089e-01 3.335131941395061972e-01
3.278250747442290058e-01 2.737609498225950233e-01
3.283950748872801473e-01 2.893761511709307399e-01
3.289650750303312887e-01 3.494835877617390452e-01
3.295350751733824302e-01 3.630480711711783215e-01
3.301050753164336271e-01 4.219648487526157510e-01
3.306750754594847685e-01 4.555723617533793401e-01
3.312450756025359100e-01 4.282857178982943935e-01
3.318150757455871069e-01 3.506334865963403047e-01
3.323850758886381929e-01 2.785447673594632079e-01
3.329550760316893898e-01 2.900914490581207872e-01
3.335250761747405868e-01 3.239938025284097023e-01
3.340950763177916727e-01 3.137289330924453168e-01
3.346650764608428696e-01 2.532912987561566354e-01
3.352350766038940111e-01 1.775972090072954757e-01
3.358050767469451525e-01 1.770985734605865503e-01
3.363750768899962940e-01 2.046812874244814395e-01
3.369450770330474909e-01 1.876185607826030832e-01
3.375150771760986323e-01 2.529044470430967806e-01
3.380850773191497738e-01 3.146398797449947438e-01
3.386550774622009707e-01 3.548289250010405738e-01
3.392250776052521122e-01 3.272218040095857816e-01
3.397950777483032536e-01 3.265655690877586892e-01
3.403650778913543951e-01 2.741641049405494357e-01
3.409350780344055920e-01 2.750732158771604929e-01
3.415050781774567334e-01 2.873635766785334056e-01
3.420750783205078749e-01 2.928116868141934503e-01
3.426450784635590718e-01 3.069001424892867647e-01
3.432150786066101578e-01 3.192571438403923878e-01
3.437850787496613547e-01 3.522864353096295531e-01
3.443550788927124962e-01 3.129626279755797214e-01
3.449250790357636376e-01 2.536423169172863368e-01
3.454950791788148345e-01 2.671957411710010888e-01
3.460650793218659760e-01 3.064279339413076286e-01
3.466350794649171174e-01 3.019870533708619575e-01
3.472050796079682589e-01 2.970764442760049917e-01
3.477750797510194558e-01 3.069513977985742770e-01
3.483450798940705972e-01 3.010607803802081150e-01
3.489150800371217387e-01 3.178930758562508174e-01
3.494850801801729356e-01 3.543706212730270977e-01
3.500550803232240771e-01 3.439056580404766805e-01
3.506250804662752185e-01 2.861480652000985003e-01
3.511950806093263600e-01 2.567152089395605685e-01
3.517650807523775569e-01 3.333706083427436795e-01
3.523350808954286983e-01 3.391440032061900922e-01
3.529050810384798398e-01 3.102293857910716213e-01
3.534750811815310367e-01 2.995855674329988005e-01
3.540450813245821227e-01 2.835837288344471574e-01
3.546150814676333196e-01 2.617278045524678021e-01
3.551850816106844611e-01 2.241719201457286204e-01
3.557550817537356025e-01 2.258521314763903831e-01
3.563250818967867994e-01 2.341112510858174289e-01
3.568950820398379409e-01 3.131193578812272449e-01
3.574650821828890823e-01 3.575226160410913678e-01
3.580350823259402238e-01 3.341607077492128042e-01
3.586050824689914207e-01 2.929112211346129868e-01
3.591750826120425621e-01 2.412286431580774604e-01
3.597450827550937036e-01 2.671924677454171615e-01
3.603150828981449005e-01 2.325791119641529292e-01
3.608850830411960420e-01 2.406381776258257332e-01
3.614550831842471834e-01 2.513908452990989417e-01
3.620250833272983249e-01 2.762007379780193617e-01
3.625950834703495218e-01 3.076286747275212008e-01
3.631650836134006077e-01 3.014934157918958135e-01
3.637350837564518047e-01 2.624265648472814405e-01
3.643050838995030016e-01 2.685104274381870937e-01
3.648750840425540876e-01 2.864119797738062800e-01
3.654450841856052845e-01 3.382658367021313950e-01
3.660150843286564259e-01 3.542417532084876086e-01
3.665850844717075674e-01 3.555198360794271650e-01
3.671550846147587643e-01 3.340039683454030239e-01
3.677250847578099058e-01 2.948267096901844297e-01
3.682950849008610472e-01 2.992909918691672999e-01
3.688650850439121887e-01 3.040435693000169692e-01
3.694350851869633856e-01 2.787955933991739244e-01
3.700050853300145270e-01 2.837766346272871942e-01
3.705750854730656685e-01 2.908258434915644841e-01
3.711450856161168654e-01 2.435156113674494804e-01
3.717150857591680069e-01 2.509718655595811754e-01
3.722850859022191483e-01 2.544456955679130772e-01
3.728550860452702898e-01 2.622236011811551748e-01
3.734250861883214867e-01 2.661578322688207265e-01
3.739950863313725726e-01 2.741126520976955305e-01
3.745650864744237696e-01 2.151591620678416916e-01
3.751350866174749665e-01 1.927641650539904106e-01
3.757050867605260525e-01 2.208808710003751230e-01
3.762750869035772494e-01 2.889951053717148000e-01
3.768450870466283908e-01 3.080388853989433073e-01
3.774150871896795323e-01 2.704866321581960165e-01
3.779850873327306737e-01 1.858642217473622793e-01
3.785550874757818707e-01 1.667540248080285892e-01
3.791250876188330121e-01 2.338266110786406671e-01
3.796950877618841536e-01 2.777824746199044625e-01
3.802650879049353505e-01 2.712116995090063654e-01
3.808350880479864919e-01 2.369248749486665417e-01
3.814050881910376334e-01 2.251709144747096047e-01
3.819750883340887748e-01 1.935831844740967256e-01
3.825450884771399718e-01 2.126925057708284328e-01
3.831150886201911132e-01 2.185755659623218605e-01
3.836850887632422547e-01 2.365909734377709128e-01
3.842550889062934516e-01 2.438506530929132055e-01
3.848250890493445375e-01 2.392011971865422026e-01
3.853950891923957345e-01 2.343385540197253647e-01
3.859650893354469314e-01 2.288532803958247541e-01
3.865350894784980174e-01 2.367512116431100822e-01
3.871050896215492143e-01 2.622349342153853513e-01
3.876750897646003557e-01 2.262460201575713370e-01
3.882450899076514972e-01 2.227625615164541273e-01
3.888150900507026386e-01 2.140851063858555392e-01
3.893850901937538356e-01 2.153439035245590105e-01
3.899550903368049770e-01 2.162459840745327710e-01
3.905250904798561185e-01 2.379794147174365548e-01
3.910950906229073154e-01 2.375520107820285887e-01
3.916650907659584568e-01 2.040395379506527718e-01
3.922350909090095983e-01 1.929650738004653476e-01
3.928050910520607397e-01 1.921718229373610143e-01
3.933750911951119367e-01 2.226116526870356438e-01
3.939450913381630781e-01 2.168278382433399543e-01
3.945150914812142195e-01 1.817151115816528772e-01
3.950850916242654165e-01 2.003863602192907933e-01
3.956550917673165024e-01 2.428860399336940645e-01
3.962250919103676994e-01 2.352674881852827582e-01
3.967950920534188408e-01 1.684966001214647235e-01
3.973650921964699823e-01 1.374356705422492553e-01
3.979350923395211792e-01 1.915294874374708911e-01
3.985050924825723206e-01 2.734940687808560256e-01
3.990750926256234621e-01 2.826565097050668385e-01
3.996450927686746035e-01 2.947964224907053676e-01
4.002150929117258560e-01 2.854582762814921182e-01
4.007850930547769974e-01 2.542504799229021728e-01
4.013550931978280834e-01 2.452313495550377809e-01
4.019250933408792803e-01 2.310806487586951619e-01
4.024950934839304217e-01 1.746418685786963465e-01
4.030650936269816187e-01 1.594002179675335640e-01
4.036350937700327046e-01 1.380877896770940083e-01
4.042050939130839016e-01 1.665102765155523912e-01
4.047750940561350430e-01 2.406053944618271601e-01
4.053450941991862400e-01 2.477768686162065137e-01
4.059150943422373814e-01 1.997850424442084716e-01
4.064850944852884673e-01 1.855349230425957785e-01
4.070550946283396643e-01 2.009509981092456599e-01
4.076250947713908612e-01 2.047601282253843635e-01
4.081950949144420027e-01 2.103823210881330397e-01
4.087650950574931996e-01 1.832427715836573157e-01
4.093350952005442855e-01 1.938513013350480207e-01
4.099050953435954270e-01 1.893648431196446325e-01
4.104750954866466239e-01 2.016811007830945357e-01
4.110450956296978209e-01 2.261675730234813386e-01
4.116150957727489068e-01 3.245276825073553084e-01
4.121850959158000482e-01 2.871719823718734688e-01
4.127550960588512452e-01 2.260247484094790593e-01
4.133250962019023866e-01 2.116026937325052870e-01
4.138950963449535836e-01 2.080271289237032306e-01
4.144650964880046695e-01 2.193422365706716448e-01
4.150350966310558665e-01 2.156270382955298714e-01
4.156050967741070079e-01 2.248027595840760284e-01
4.161750969171582049e-01 2.433666808292151984e-01
4.167450970602093463e-01 2.267604607763438196e-01
4.173150972032604322e-01 2.187156032213799506e-01
4.178850973463116292e-01 2.071928272054570641e-01
4.184550974893628261e-01 2.466815291315924696e-01
4.190250976324139676e-01 3.045360834341579448e-01
4.195950977754651645e-01 3.159237737301410220e-01
4.201650979185162504e-01 2.565503035860388081e-01
4.207350980615673919e-01 2.021104848165435897e-01
4.213050982046185888e-01 1.859545207940627165e-01
4.218750983476697858e-01 1.647486803226918539e-01
4.224450984907208717e-01 1.815070644870431238e-01
4.230150986337720131e-01 1.675399947234517128e-01
4.235850987768232101e-01 1.444680757630791845e-01
4.241550989198743515e-01 1.661041944282146687e-01
4.247250990629255485e-01 1.982627858413152921e-01
4.252950992059766344e-01 2.011070429150869643e-01
4.258650993490278314e-01 1.852438268392759824e-01
4.264350994920789728e-01 1.907204211050483877e-01
4.270050996351301698e-01 1.665801089759213482e-01
4.275750997781813112e-01 1.499832665630620454e-01
4.281450999212323971e-01 1.728074844981257741e-01
4.287151000642835941e-01 1.705691149896644276e-01
4.292851002073347910e-01 1.653149629956160993e-01
4.298551003503859325e-01 1.503315751378409004e-01
4.304251004934370184e-01 1.787867788232340160e-01
4.309951006364882153e-01 1.907156755545749149e-01
4.315651007795393568e-01 2.207850790404783936e-01
4.321351009225905537e-01 2.886404473605566068e-01
4.327051010656416397e-01 2.793716445680942684e-01
4.332751012086928366e-01 2.445759268910308037e-01
4.338451013517439780e-01 2.649839246244845015e-01
4.344151014947951750e-01 3.039157730911874467e-01
4.349851016378463164e-01 2.886770531887883351e-01
4.355551017808974024e-01 2.391682920735505036e-01
4.361251019239485993e-01 2.208452683802697436e-01
4.366951020669997963e-01 2.350987666094788153e-01
4.372651022100509377e-01 1.997554221970432309e-01
4.378351023531020236e-01 2.257487248750535969e-01
4.384051024961532206e-01 2.362374842543566444e-01
4.389751026392043620e-01 1.621684153085851676e-01
4.395451027822555590e-01 1.279121368051647778e-01
4.401151029253067559e-01 1.533647401062729898e-01
4.406851030683578418e-01 1.910267605926030399e-01
4.412551032114089833e-01 2.100274252029947775e-01
4.418251033544601802e-01 1.808350648214336331e-01
4.423951034975113217e-01 2.014106154112873526e-01
4.429651036405625186e-01 2.318827121134141578e-01
4.435351037836136046e-01 1.745823504465384701e-01
4.441051039266648015e-01 1.618411943094706373e-01
4.446751040697159429e-01 1.761147426478864020e-01
4.452451042127671399e-01 2.068542437985350091e-01
4.458151043558182813e-01 2.024164546691480382e-01
4.463851044988693673e-01 1.849625115779822693e-01
4.469551046419205642e-01 1.661962042004070383e-01
4.475251047849717612e-01 1.456338428733943147e-01
4.480951049280229026e-01 1.457474754611212120e-01
4.486651050710739885e-01 1.035740795842237105e-01
4.492351052141251855e-01 6.491804718329774460e-02
4.498051053571763269e-01 9.341087212128584838e-02
4.503751055002275239e-01 1.261748545338576832e-01
4.509451056432787208e-01 1.569909018312038995e-01
4.515151057863298067e-01 1.511409208161644813e-01
4.520851059293809482e-01 1.132187094688994478e-01
4.526551060724321451e-01 8.024524698947388401e-02
4.532251062154832866e-01 9.326129518331782720e-02
4.537951063585344835e-01 1.156761718635515024e-01
4.543651065015855695e-01 9.302155409213952453e-02
4.549351066446367664e-01 1.139298049509491761e-01
4.555051067876879078e-01 1.536932613872608044e-01
4.560751069307391048e-01 1.540808612467756689e-01
4.566451070737901907e-01 1.573556073582551562e-01
4.572151072168413322e-01 1.683028965984583181e-01
4.577851073598925291e-01 1.750663844979598593e-01
4.583551075029437261e-01 1.255810293575478909e-01
4.589251076459948675e-01 1.566486330109526648e-01
4.594951077890459534e-01 1.785533725661743176e-01
4.600651079320971504e-01 1.627672354328169035e-01
4.606351080751482918e-01 1.585274254188391296e-01
4.612051082181994888e-01 1.831280806465791500e-01
4.617751083612506857e-01 2.032949248847479851e-01
4.623451085043017716e-01 1.997719947959737397e-01
4.629151086473529131e-01 1.827286529036840079e-01
4.634851087904041100e-01 1.915076265528732335e-01
4.640551089334552515e-01 2.214146996244004129e-01
4.646251090765064484e-01 2.712218716824494891e-01
4.651951092195575344e-01 2.801703858854907025e-01
4.657651093626087313e-01 2.386513631980093919e-01
4.663351095056598727e-01 2.245070398920105958e-01
4.669051096487110697e-01 1.766570234107938120e-01
4.674751097917621556e-01 1.444533176009734632e-01
4.680451099348132971e-01 1.452816246364037056e-01
4.686151100778644940e-01 1.519332771825503414e-01
4.691851102209156910e-01 1.039051314963685968e-01
4.697551103639668324e-01 1.090341480463976609e-01
4.703251105070179183e-01 1.629165065142110791e-01
4.708951106500691153e-01 1.927369880464482321e-01
4.714651107931202567e-01 1.738711079908732415e-01
4.720351109361714537e-01 1.365143583955195083e-01
4.726051110792226506e-01 1.593639459241167344e-01
4.731751112222737365e-01 1.868474960583093036e-01
4.737451113653248780e-01 2.234777321961693985e-01
4.743151115083760749e-01 2.449268187065420932e-01
4.748851116514272164e-01 2.446448103654574879e-01
4.754551117944783023e-01 2.030935571600487322e-01
4.760251119375294993e-01 1.897113120994760038e-01
4.765951120805806962e-01 1.940996150133003084e-01
4.771651122236318376e-01 1.772436522287961225e-01
4.777351123666830346e-01 1.631952757131962528e-01
4.783051125097341205e-01 2.009117542623002350e-01
4.788751126527852620e-01 2.342026059449793252e-01
4.794451127958364589e-01 1.943059609334589766e-01
4.800151129388876559e-01 1.443084131666338976e-01
4.805851130819387973e-01 1.846562792030361777e-01
4.811551132249898832e-01 2.172909050580074108e-01
4.817251133680410802e-01 1.809287118993943011e-01
4.822951135110922216e-01 1.314099150024254925e-01
4.828651136541434186e-01 1.056001780892223962e-01
4.834351137971946155e-01 1.364368270936182626e-01
4.840051139402457014e-01 2.078571515750553544e-01
4.845751140832968429e-01 2.331967994975343572e-01
4.851451142263480398e-01 2.115883638475430928e-01
4.857151143693991813e-01 2.158214021069291277e-01
4.862851145124502672e-01 1.846352383949749765e-01
4.868551146555014641e-01 1.526131895958933171e-01
4.874251147985526611e-01 1.145412560485290498e-01
4.879951149416038025e-01 1.332230174557089697e-01
4.885651150846549995e-01 1.570916503363406491e-01
4.891351152277060854e-01 1.912669350650766376e-01
4.897051153707572269e-01 2.236278921109118301e-01
4.902751155138084238e-01 2.008858364912811112e-01
4.908451156568596208e-01 1.949523770836982806e-01
4.914151157999107622e-01 1.909800764373414950e-01
4.919851159429618481e-01 1.765251006492363217e-01
4.925551160860130451e-01 2.049115974614110769e-01
4.931251162290641865e-01 2.657438856448699482e-01
4.936951163721153835e-01 2.359352438654482853e-01
4.942651165151665804e-01 1.677192271803882306e-01
4.948351166582176663e-01 1.377587152783625868e-01
4.954051168012688078e-01 1.127875046113011592e-01
4.959751169443200047e-01 1.414400359177747646e-01
4.965451170873711462e-01 1.765041254654740044e-01
4.971151172304222321e-01 1.847679152419665627e-01
4.976851173734734290e-01 2.163066821590255984e-01
4.982551175165246260e-01 2.079690258009456727e-01
4.988251176595757674e-01 1.586828646464972792e-01
4.993951178026269644e-01 1.150316011154259854e-01
4.999651179456780503e-01 1.168618272322454743e-01
5.005351180887291918e-01 1.278334523406812195e-01
5.011051182317803887e-01 1.423225799577352291e-01
5.016751183748315857e-01 1.582984212818203673e-01
5.022451185178827826e-01 1.654290504180018218e-01
5.028151186609338685e-01 1.947641919935207966e-01
5.033851188039849545e-01 1.947286122409224163e-01
5.039551189470361514e-01 2.009150675531437003e-01
5.045251190900873484e-01 1.749050167483368057e-01
5.050951192331384343e-01 1.564984237439333015e-01
5.056651193761896312e-01 1.532495681367045393e-01
5.062351195192408282e-01 1.770604262528436834e-01
5.068051196622919141e-01 1.849720613748431219e-01
5.073751198053431111e-01 1.745783186419380684e-01
5.079451199483941970e-01 1.861973371945673250e-01
5.085151200914453939e-01 2.150192071307763797e-01
5.090851202344965909e-01 2.406907578625840927e-01
5.096551203775477878e-01 1.990254557396831103e-01
5.102251205205988738e-01 1.548886848618273859e-01
5.107951206636499597e-01 9.272976655512366051e-02
5.113651208067011567e-01 0.000000000000000000e+00
5.119351209497523536e-01 2.824099133596291722e-02
5.125051210928035506e-01 1.466280035181029007e-01
5.130751212358547475e-01 2.233675189645580872e-01
5.136451213789058334e-01 2.292113141496585627e-01
5.142151215219569194e-01 1.952307706011104926e-01
5.147851216650081163e-01 1.377324595652069661e-01
5.153551218080593133e-01 1.251099478367621032e-01
5.159251219511103992e-01 1.263835275856486362e-01
5.164951220941615961e-01 1.032148082716446424e-01
5.170651222372127931e-01 1.047598250278696241e-01
5.176351223802638790e-01 9.811287404074775509e-02
5.182051225233150760e-01 9.932359260633560893e-02
5.187751226663661619e-01 1.073146500364963174e-01
5.193451228094173588e-01 1.110325840350228077e-01
5.199151229524685558e-01 1.399835130745081813e-01
5.204851230955197527e-01 1.735494509063393309e-01
5.210551232385708387e-01 1.676102907675272036e-01
5.216251233816219246e-01 1.765568852045653614e-01
5.221951235246731216e-01 1.836886200793621526e-01
5.227651236677243185e-01 1.857983514337711028e-01
5.233351238107755155e-01 1.681262764799917875e-01
5.239051239538266014e-01 1.491136434475777151e-01
5.244751240968777983e-01 1.293884385572674489e-01
5.250451242399288843e-01 1.027885335119798071e-01
5.256151243829800812e-01 1.132844189642057131e-01
5.261851245260312782e-01 1.144064899385526246e-01
5.267551246690823641e-01 1.256515801104072239e-01
5.273251248121335610e-01 1.336616379757487039e-01
5.278951249551847580e-01 1.480158653471015384e-01
5.284651250982358439e-01 1.883550301176697417e-01
5.290351252412870409e-01 1.805738363717033224e-01
5.296051253843381268e-01 1.677922862232819057e-01
5.301751255273893237e-01 1.945612436561994230e-01
5.307451256704405207e-01 1.799511376476594648e-01
5.313151258134917176e-01 1.228740965975880783e-01
5.318851259565428036e-01 1.168763776785723962e-01
5.324551260995938895e-01 1.316041911786349772e-01
5.330251262426450864e-01 1.190827868124948452e-01
5.335951263856962834e-01 6.925851688371054138e-02
5.341651265287474804e-01 4.899253886307519679e-02
5.347351266717985663e-01 7.928869328535981253e-02
5.353051268148497632e-01 8.907514122751436503e-02
5.358751269579008492e-01 9.750113751340805379e-02
5.364451271009520461e-01 1.223984739908630104e-01
5.370151272440032431e-01 1.688352387839593405e-01
5.375851273870543290e-01 2.087437729490062566e-01
5.381551275301055259e-01 2.413175170112502599e-01
5.387251276731567229e-01 1.907954917913414761e-01
5.392951278162078088e-01 1.683692067203566012e-01
5.398651279592590058e-01 1.635977309617153708e-01
5.404351281023100917e-01 1.025338423121553433e-01
5.410051282453612886e-01 5.258743411516064725e-02
5.415751283884124856e-01 7.439118257986976346e-02
5.421451285314636825e-01 1.315715095281362323e-01
5.427151286745147685e-01 1.632022808011441839e-01
5.432851288175658544e-01 1.225390249020463784e-01
5.438551289606170513e-01 1.184018354283864483e-01
5.444251291036682483e-01 1.073984888762815615e-01
5.449951292467194452e-01 1.146222204859803639e-01
5.455651293897705312e-01 1.066570563336526334e-01
5.461351295328217281e-01 1.198852985617442357e-01
5.467051296758728141e-01 1.369917218077674193e-01
5.472751298189240110e-01 1.148254990342678639e-01
5.478451299619752080e-01 9.478775768271319180e-02
5.484151301050262939e-01 6.820204785855565888e-02
5.489851302480774908e-01 6.267754574255235411e-02
5.495551303911286878e-01 8.917549341619590564e-02
5.501251305341797737e-01 1.536979717654602950e-01
5.506951306772309707e-01 1.759348272082625897e-01
5.512651308202820566e-01 1.456237547334318094e-01
5.518351309633332535e-01 1.326756191932076945e-01
5.524051311063844505e-01 1.238166708594405918e-01
5.529751312494356474e-01 1.472052709881559451e-01
5.535451313924867334e-01 1.618746705869433811e-01
5.541151315355378193e-01 1.373031621637821331e-01
5.546851316785890162e-01 1.345985642269020843e-01
5.552551318216402132e-01 1.168902841337207121e-01
5.558251319646914101e-01 1.527288514239550921e-01
5.563951321077424961e-01 1.651699135331625712e-01
5.569651322507936930e-01 1.343911091425304960e-01
5.575351323938447790e-01 1.265434854254756658e-01
5.581051325368959759e-01 1.333891239149167518e-01
5.586751326799471729e-01 1.490100899376400889e-01
5.592451328229982588e-01 1.500541136985908963e-01
5.598151329660494557e-01 1.264391576780461435e-01
5.603851331091006527e-01 1.321482309683155165e-01
5.609551332521517386e-01 1.116590261296437347e-01
5.615251333952028245e-01 8.937465408713052284e-02
5.620951335382540215e-01 1.312284106120955585e-01
5.626651336813052184e-01 1.706240822644531363e-01
5.632351338243564154e-01 1.553866794535743168e-01
5.638051339674076123e-01 1.501179821788554136e-01
5.643751341104586983e-01 1.862579152522947368e-01
5.649451342535097842e-01 1.812673643968629733e-01
5.655151343965609811e-01 1.917747494358472693e-01
5.660851345396121781e-01 1.934908643063977252e-01
5.666551346826633750e-01 1.505898689735722940e-01
5.672251348257144610e-01 1.529705696202370291e-01
5.677951349687656579e-01 1.368605612131759131e-01
5.683651351118167439e-01 1.353574493530373957e-01
5.689351352548679408e-01 1.527858613649542008e-01
5.695051353979191378e-01 1.603674493175510918e-01
5.700751355409702237e-01 1.367167397297635034e-01
5.706451356840214206e-01 1.018489065777643532e-01
5.712151358270726176e-01 1.400736964918749550e-01
5.717851359701237035e-01 1.944958962137199876e-01
5.723551361131747894e-01 2.087841341577245657e-01
5.729251362562259864e-01 1.881548116027822459e-01
5.734951363992771833e-01 1.608441017393360539e-01
5.740651365423283803e-01 1.433155999856126073e-01
5.746351366853795772e-01 1.108987976683089016e-01
5.752051368284306632e-01 1.072669065356848250e-01
5.757751369714817491e-01 1.115618235568867078e-01
5.763451371145329460e-01 1.212704280365635157e-01
5.769151372575841430e-01 1.546505365318324721e-01
5.774851374006353399e-01 1.550460235292341338e-01
5.780551375436864259e-01 1.330245081931487050e-01
5.786251376867376228e-01 1.361720007478126604e-01
5.791951378297887087e-01 1.517723795435088618e-01
5.797651379728399057e-01 1.745864423844345481e-01
5.803351381158911027e-01 1.867818460642460821e-01
5.809051382589421886e-01 1.800973257751650181e-01
5.814751384019933855e-01 1.781714335880337785e-01
5.820451385450445825e-01 1.807041787719292358e-01
5.826151386880956684e-01 1.688500715760028470e-01
5.831851388311467543e-01 1.509729059494624437e-01
5.837551389741979513e-01 1.538063994932983292e-01
5.843251391172491482e-01 1.518709697774944800e-01
5.848951392603003452e-01 1.428528990213706606e-01
5.854651394033515421e-01 1.307539335191236773e-01
5.860351395464026281e-01 1.298292809795213998e-01
5.866051396894537140e-01 1.739584635194439954e-01
5.871751398325049109e-01 1.883850365311126041e-01
5.877451399755561079e-01 1.998103768940389102e-01
5.883151401186073048e-01 1.933570556270858276e-01
5.888851402616583908e-01 1.909535100261408047e-01
5.894551404047095877e-01 1.619667735440302181e-01
5.900251405477606736e-01 1.385977786483181262e-01
5.905951406908118706e-01 1.482202701882791018e-01
5.911651408338629565e-01 1.514344122610715715e-01
5.917351409769141535e-01 1.496652888738587706e-01
5.923051411199653504e-01 1.432466284338183016e-01
5.928751412630165474e-01 8.643742316657210267e-02
5.934451414060676333e-01 8.468656664257423472e-02
5.940151415491187192e-01 1.281914305397329201e-01
5.945851416921699162e-01 1.826226077416421845e-01
5.951551418352211131e-01 1.704839456377200690e-01
5.957251419782723101e-01 1.571363501441531696e-01
5.962951421213235070e-01 1.885146311907028860e-01
5.968651422643745930e-01 1.768886778041824925e-01
5.974351424074256789e-01 1.224858604051419775e-01
5.980051425504768758e-01 1.237291086171872223e-01
5.985751426935280728e-01 1.360621099015695279e-01
5.991451428365792697e-01 1.160819364631606732e-01
5.997151429796303557e-01 8.672078545159322971e-02
