# q (1/Angstrom), Intensity (arb)
2.029070354705860696e-02 3.697738486036672612e+01
2.133125244372399004e-02 3.184751948694795942e+01
2.237180134038937659e-02 2.501682590890527536e+01
2.341235023705475968e-02 2.134662742891308085e+01
2.445289913372014276e-02 1.810932452731114495e+01
2.549344803038552584e-02 1.667866814273502030e+01
2.653399692705091240e-02 1.675742520554521775e+01
2.757454582371629548e-02 1.606399844491072315e+01
2.861509472038167856e-02 1.455631655450146411e+01
2.965564361704706164e-02 1.486971193282502668e+01
3.069619251371244473e-02 1.451003476891715138e+01
3.173674141037782781e-02 1.356084676065293593e+01
3.277729030704321089e-02 1.317427836328829471e+01
3.381783920370859398e-02 1.288201665340913138e+01
3.485838810037397706e-02 1.165779052731839016e+01
3.589893699703936014e-02 1.091830594218122030e+01
3.693948589370474322e-02 1.181884441485247095e+01
3.798003479037012631e-02 1.227106557050033331e+01
3.902058368703550939e-02 1.174523665540051809e+01
4.006113258370089247e-02 1.213731888020434724e+01
4.110168148036627556e-02 1.075318919862485245e+01
4.214223037703165864e-02 1.090335207716708510e+01
4.318277927369704866e-02 1.113131321223843173e+01
4.422332817036243174e-02 1.109148120657263092e+01
4.526387706702781483e-02 1.128822617822052621e+01
4.630442596369319791e-02 1.194279383593870492e+01
4.734497486035858099e-02 1.130195722002923020e+01
4.838552375702396408e-02 1.182383859188305664e+01
4.942607265368934716e-02 1.230315987742904937e+01
5.046662155035473024e-02 1.268704065655495228e+01
5.150717044702011332e-02 1.330671451188142029e+01
5.254771934368549641e-02 1.388050071875876057e+01
5.358826824035087949e-02 1.359669576086909260e+01
5.462881713701626257e-02 1.365587698985465792e+01
5.566936603368164566e-02 1.464521795397121551e+01
5.670991493034702874e-02 1.545870684399618256e+01
5.775046382701241182e-02 1.607634596854855857e+01
5.879101272367779490e-02 1.680199445646155354e+01
5.983156162034317799e-02 1.865137056574292984e+01
6.087211051700856107e-02 2.001019951441206857e+01
6.191265941367394415e-02 2.190390670615995816e+01
6.295320831033933417e-02 2.399495134394189932e+01
6.399375720700471726e-02 2.639661059413923994e+01
6.503430610367010034e-02 2.889508733940073881e+01
6.607485500033548342e-02 3.010818416434447542e+01
6.711540389700086651e-02 3.162773727226587539e+01
6.815595279366624959e-02 3.418186350628177195e+01
6.919650169033163267e-02 3.602402263148225359e+01
7.023705058699701576e-02 3.952391558144939410e+01
7.127759948366239884e-02 4.501139810519923401e+01
7.231814838032778192e-02 5.879478084013836536e+01
7.335869727699316500e-02 9.456453716985204494e+01
7.439924617365854809e-02 1.680667855389699525e+02
7.543979507032393117e-02 2.623450031997506926e+02
7.648034396698931425e-02 3.584776506224974355e+02
7.752089286365469734e-02 5.652480229468199013e+02
7.856144176032008042e-02 9.915907075870321705e+02
7.960199065698546350e-02 1.298793359138396681e+03
8.064253955365084658e-02 1.028123285910000277e+03
8.168308845031622967e-02 5.665310605558236148e+02
8.272363734698161275e-02 3.362770436950385715e+02
8.376418624364699583e-02 2.523243705562444461e+02
8.480473514031239279e-02 2.079129839646373341e+02
8.584528403697777588e-02 1.756205579164459891e+02
8.688583293364315896e-02 1.512327453181407009e+02
8.792638183030854204e-02 1.353375553494074097e+02
8.896693072697392513e-02 1.309231142362179412e+02
9.000747962363930821e-02 1.455044350422732862e+02
9.104802852030469129e-02 1.703626834131538317e+02
9.208857741697007437e-02 1.626601219026434251e+02
9.312912631363545746e-02 1.104508859821266213e+02
9.416967521030084054e-02 5.692716457107474071e+01
9.521022410696622362e-02 2.990650607006579165e+01
9.625077300363160671e-02 1.875333837806635273e+01
9.729132190029698979e-02 1.268028381942558980e+01
9.833187079696237287e-02 9.381584553733567589e+00
9.937241969362775595e-02 7.420775051697138025e+00
1.004129685902931390e-01 6.100079989184749252e+00
1.014535174869585221e-01 4.901982583567455976e+00
1.024940663836239052e-01 4.224710642297178964e+00
1.035346152802892883e-01 3.543799245592083480e+00
1.045751641769546714e-01 3.500892664985823188e+00
1.056157130736200545e-01 2.922487240936987973e+00
1.066562619702854375e-01 2.520966288740698502e+00
1.076968108669508206e-01 2.339553733801022162e+00
1.087373597636162037e-01 2.296616642118983975e+00
1.097779086602815868e-01 2.388841647426403370e+00
1.108184575569469699e-01 2.018327009323670040e+00
1.118590064536123529e-01 1.783304001481347711e+00
1.128995553502777360e-01 1.981394728993567611e+00
1.139401042469431191e-01 1.971267941054385631e+00
1.149806531436085022e-01 2.261610085662550063e+00
1.160212020402738853e-01 2.035207271360103931e+00
1.170617509369392684e-01 2.152841668107360107e+00
1.181022998336046514e-01 2.124916013996617892e+00
1.191428487302700345e-01 2.093662027367450662e+00
1.201833976269354176e-01 2.504224757132362811e+00
1.212239465236008007e-01 2.623136833429654757e+00
1.222644954202661838e-01 2.476801045566581649e+00
1.233050443169315669e-01 3.090129117796578839e+00
1.243455932135969499e-01 3.690318738453910896e+00
1.253861421102623330e-01 4.218040171119465498e+00
1.264266910069277161e-01 5.982416718496587293e+00
1.274672399035930992e-01 1.122740486309544750e+01
1.285077888002584823e-01 2.075053669269681222e+01
1.295483376969238654e-01 2.991851870489654885e+01
1.305888865935892484e-01 2.986269988368972861e+01
1.316294354902546315e-01 2.041623238513641780e+01
1.326699843869200146e-01 1.160128725657934012e+01
1.337105332835853977e-01 7.835165970445526540e+00
1.347510821802507808e-01 6.841014699293687329e+00
1.357916310769161639e-01 6.160435831527355077e+00
1.368321799735815469e-01 6.300760978122355027e+00
1.378727288702469300e-01 5.995798597764636639e+00
1.389132777669123131e-01 5.919504967639326765e+00
1.399538266635776962e-01 5.833166716670437069e+00
1.409943755602430793e-01 6.199868468414823752e+00
1.420349244569084624e-01 6.450695042045250460e+00
1.430754733535738454e-01 6.507428817491888395e+00
1.441160222502392285e-01 6.789266240132246111e+00
1.451565711469046116e-01 6.824562996844946383e+00
1.461971200435699947e-01 7.541353618432331984e+00
1.472376689402353778e-01 9.179273816787613782e+00
1.482782178369007609e-01 1.292931838507115216e+01
1.493187667335661439e-01 2.158927400244472494e+01
1.503593156302315270e-01 3.860934426686330312e+01
1.513998645268969101e-01 6.037345601556022245e+01
1.524404134235622932e-01 7.155199643345741833e+01
1.534809623202276763e-01 5.938079638852971698e+01
1.545215112168930593e-01 3.765804420342107761e+01
1.555620601135584424e-01 2.349840810887092957e+01
1.566026090102238255e-01 1.841818706239631709e+01
1.576431579068892086e-01 1.857861610285804232e+01
1.586837068035545917e-01 1.980531858299187320e+01
1.597242557002199748e-01 1.742541095471259993e+01
1.607648045968853578e-01 1.179883584058816481e+01
1.618053534935507409e-01 7.092622609753995278e+00
1.628459023902161240e-01 4.299269526315946166e+00
1.638864512868815071e-01 2.892317317243975339e+00
1.649270001835468902e-01 2.334999545905077412e+00
1.659675490802122733e-01 2.003421018988692737e+00
1.670080979768776563e-01 1.995124379876955345e+00
1.680486468735430672e-01 1.609662030511156416e+00
1.690891957702084503e-01 1.277463202785188656e+00
1.701297446668738333e-01 1.120283431307907307e+00
1.711702935635392164e-01 1.053461509385520856e+00
1.722108424602045995e-01 9.608317577177807323e-01
1.732513913568699826e-01 8.214846725011319961e-01
1.742919402535353657e-01 6.495151492752526678e-01
1.753324891502007488e-01 8.618763338178325739e-01
1.763730380468661318e-01 1.074046567850931666e+00
1.774135869435315149e-01 1.160552265131549632e+00
1.784541358401968980e-01 9.693234993122175069e-01
1.794946847368622811e-01 7.907723102630512813e-01
1.805352336335276642e-01 9.674047118791690991e-01
1.815757825301930473e-01 1.053613356400553869e+00
1.826163314268584303e-01 1.186310812768031298e+00
1.836568803235238134e-01 1.269970966605374230e+00
1.846974292201891965e-01 1.229891951302153785e+00
1.857379781168545796e-01 8.840669329478174632e-01
1.867785270135199627e-01 7.729591448975696721e-01
1.878190759101853458e-01 9.677932882045325869e-01
1.888596248068507288e-01 7.422935840148383591e-01
1.899001737035161119e-01 7.046262810210031091e-01
1.909407226001814950e-01 4.268488220232882213e-01
1.919812714968468781e-01 6.210302978926307560e-01
1.930218203935122612e-01 8.150776970900821539e-01
1.940623692901776443e-01 3.781344523294158932e-01
1.951029181868430273e-01 2.692084404427106392e-01
1.961434670835084104e-01 5.255067229215768521e-01
1.971840159801737935e-01 5.948815694333475790e-01
1.982245648768391766e-01 8.543191983308346948e-01
1.992651137735045597e-01 7.393111848504325678e-01
2.003056626701699428e-01 7.866398003618435553e-01
2.013462115668353813e-01 1.097811805203022573e+00
2.023867604635007644e-01 1.333978501230870251e+00
2.034273093601661475e-01 1.564737346610169055e+00
2.044678582568315306e-01 1.749923156358779153e+00
2.055084071534969137e-01 2.098281713810806082e+00
2.065489560501622968e-01 1.905492134360585510e+00
2.075895049468276798e-01 1.018656316025055020e+00
2.086300538434930629e-01 9.345829458984411531e-01
2.096706027401584460e-01 8.774152504307473066e-01
2.107111516368238291e-01 8.015724270835669074e-01
2.117517005334892122e-01 9.215709446879678524e-01
2.127922494301545953e-01 8.129952335121188867e-01
2.138327983268199783e-01 8.407547547310407765e-01
2.148733472234853614e-01 7.571226211957728935e-01
2.159138961201507445e-01 7.443816827818068305e-01
2.169544450168161276e-01 7.333563050591003218e-01
2.179949939134815107e-01 8.835380043144205331e-01
2.190355428101468938e-01 9.952437259183852802e-01
2.200760917068122768e-01 1.338237002256487784e+00
2.211166406034776599e-01 1.617749679133648755e+00
2.221571895001430430e-01 2.273521085212685477e+00
2.231977383968084261e-01 2.989661836239886128e+00
2.242382872934738092e-01 3.818990831525528762e+00
2.252788361901391923e-01 3.922680260077711978e+00
2.263193850868045753e-01 3.368818234154666413e+00
2.273599339834699584e-01 2.668088734891913560e+00
2.284004828801353415e-01 2.246240826482196695e+00
2.294410317768007246e-01 2.049472381555553113e+00
2.304815806734661077e-01 1.609679935285985408e+00
2.315221295701314908e-01 1.702269278106033568e+00
2.325626784667968738e-01 1.539834493982887409e+00
2.336032273634622569e-01 1.631771483916139687e+00
2.346437762601276400e-01 1.723909108706124016e+00
2.356843251567930231e-01 2.388742509564458771e+00
2.367248740534584062e-01 3.351636989308008907e+00
2.377654229501237892e-01 4.022750598334361882e+00
2.388059718467891723e-01 4.005979365755177213e+00
2.398465207434545554e-01 3.468193486841101958e+00
2.408870696401199385e-01 2.584195139241078465e+00
2.419276185367853216e-01 1.770674262815351341e+00
2.429681674334507047e-01 1.131307267089741941e+00
2.440087163301160877e-01 7.501068256923808519e-01
2.450492652267814708e-01 7.185143319146831686e-01
2.460898141234468539e-01 6.938400692559412164e-01
2.471303630201122370e-01 5.583681226886625382e-01
2.481709119167776201e-01 6.202486502956716663e-01
2.492114608134430032e-01 5.218263582297311132e-01
2.502520097101083585e-01 3.776414854862188974e-01
2.512925586067737416e-01 4.207627707528303063e-01
2.523331075034391247e-01 4.937368932924925957e-01
2.533736564001045077e-01 3.526612908791371126e-01
2.544142052967698908e-01 3.265730368405002082e-01
2.554547541934352739e-01 2.989769775169079935e-01
2.564953030901006570e-01 2.495413774086081560e-01
2.575358519867660401e-01 3.095641606525916245e-01
2.585764008834314231e-01 5.333530925767213660e-01
2.596169497800968062e-01 6.187753189622675620e-01
2.606574986767621893e-01 6.347017062124606923e-01
2.616980475734275724e-01 4.363760681490198579e-01
2.627385964700929555e-01 2.565551662230198815e-01
2.637791453667583386e-01 2.342421328467487740e-01
2.648196942634237216e-01 2.380141705592819790e-01
2.658602431600891047e-01 3.563471189667772876e-01
2.669007920567544878e-01 4.870322525666601621e-01
2.679413409534198709e-01 4.649680602347459057e-01
2.689818898500852540e-01 3.148250520850837120e-01
2.700224387467506371e-01 3.583150246730717470e-01
2.710629876434160201e-01 4.744274047646825920e-01
2.721035365400814032e-01 4.977465573101120810e-01
2.731440854367467863e-01 4.218505178461846583e-01
2.741846343334121694e-01 3.038731462216155421e-01
2.752251832300775525e-01 3.778482336086774751e-01
2.762657321267429356e-01 4.555368097351966128e-01
2.773062810234083186e-01 2.626728095227974791e-01
2.783468299200737017e-01 3.090420081568332478e-01
2.793873788167390848e-01 2.477202853385094272e-01
2.804279277134044679e-01 3.538797158921234143e-01
2.814684766100698510e-01 3.100778036182028075e-01
2.825090255067352341e-01 4.119333227666324149e-01
2.835495744034006171e-01 3.979505564950116536e-01
2.845901233000660002e-01 5.173029710070764509e-01
2.856306721967313833e-01 5.952709137553604535e-01
2.866712210933967664e-01 6.091313520186254493e-01
2.877117699900621495e-01 5.807017946804791109e-01
2.887523188867275326e-01 4.193347065968886511e-01
2.897928677833929156e-01 3.936066232397763542e-01
2.908334166800582987e-01 4.077270117941829142e-01
2.918739655767236818e-01 3.176133473004689733e-01
2.929145144733890649e-01 3.046615505757834796e-01
2.939550633700544480e-01 1.937035387866039571e-01
2.949956122667198311e-01 1.776242222129127413e-01
2.960361611633852141e-01 4.540608143675477493e-01
2.970767100600505972e-01 5.473464989752585552e-01
2.981172589567159803e-01 4.168433133663143053e-01
2.991578078533813634e-01 6.082735799241376640e-01
3.001983567500468020e-01 7.331233951692190942e-01
3.012389056467121851e-01 8.104933282429094277e-01
3.022794545433775681e-01 6.704247582688260820e-01
3.033200034400429512e-01 8.854953792111182054e-01
3.043605523367083343e-01 8.920336120429190885e-01
3.054011012333737174e-01 6.447032142045756586e-01
3.064416501300391005e-01 6.524549480491828035e-01
3.074821990267044836e-01 6.783784522728133481e-01
3.085227479233698666e-01 4.135904993514358807e-01
3.095632968200352497e-01 2.940846245821617799e-01
3.106038457167006328e-01 3.373273482488627906e-01
3.116443946133660159e-01 2.775452757881886612e-01
3.126849435100313990e-01 2.818456910657651804e-01
3.137254924066967821e-01 2.899804328544952625e-01
3.147660413033621651e-01 4.308007399875144472e-01
3.158065902000275482e-01 5.049972739599297711e-01
3.168471390966929313e-01 3.903387116930652212e-01
3.178876879933583144e-01 3.129233402938318420e-01
3.189282368900236975e-01 3.639847881369107085e-01
3.199687857866890806e-01 5.891752946489887677e-01
3.210093346833544636e-01 5.230632955368648140e-01
3.220498835800198467e-01 3.894375913016716595e-01
3.230904324766852298e-01 4.101213047306124793e-01
3.241309813733506129e-01 4.646451267884046388e-01
3.251715302700159960e-01 6.013497881168277104e-01
3.262120791666813790e-01 6.612131153928899607e-01
3.272526280633467621e-01 7.905165469004877821e-01
3.282931769600121452e-01 8.527141468863277396e-01
3.293337258566775283e-01 7.146631452577558719e-01
3.303742747533429114e-01 6.713806602624359243e-01
3.314148236500082945e-01 5.275540413380710447e-01
3.324553725466736775e-01 5.773239526689764034e-01
3.334959214433390606e-01 3.072158462885283825e-01
3.345364703400044437e-01 1.447944913677581269e-01
3.355770192366698268e-01 4.405842719213310943e-01
3.366175681333352099e-01 6.384952668336794090e-01
3.376581170300005930e-01 4.557176117654435643e-01
3.386986659266659760e-01 4.021950413928685464e-01
3.397392148233313591e-01 4.006083094770502839e-01
3.407797637199967422e-01 3.129401791379891051e-01
3.418203126166621253e-01 3.345027345249533823e-01
3.428608615133275084e-01 2.696682521204643024e-01
3.439014104099928915e-01 1.331572901481941074e-01
3.449419593066582745e-01 2.157330397234744623e-01
3.459825082033236576e-01 2.866099052860242580e-01
3.470230570999890407e-01 3.445629645708869759e-01
3.480636059966544238e-01 6.984835565879521369e-02
3.491041548933198069e-01 9.211373228680486136e-02
3.501447037899851900e-01 1.936871065743410725e-01
3.511852526866505730e-01 1.090533215044189319e-01
3.522258015833159561e-01 1.363016371444487618e-01
3.532663504799813392e-01 3.371030575478961566e-01
3.543068993766467223e-01 2.600303065439923955e-01
3.553474482733121054e-01 2.030054488549950520e-01
3.563879971699774885e-01 7.999704800334583865e-02
3.574285460666428715e-01 2.036070665462723639e-01
3.584690949633082546e-01 2.110810535109131081e-01
3.595096438599736377e-01 1.238058208414614114e-01
3.605501927566390208e-01 2.603589402275829912e-01
3.615907416533044039e-01 2.990630688978406226e-01
3.626312905499697870e-01 2.625960836399521270e-01
3.636718394466351700e-01 3.861740720348869615e-01
3.647123883433005531e-01 4.357882328754172363e-01
3.657529372399659362e-01 3.084834368984488151e-01
3.667934861366313193e-01 3.257596581811235126e-01
3.678340350332967024e-01 3.643592556614940747e-01
3.688745839299620854e-01 3.863502593773979754e-01
3.699151328266274685e-01 3.069017367850648270e-01
3.709556817232928516e-01 2.754274105515968074e-01
3.719962306199582347e-01 3.222536313482713410e-01
3.730367795166236178e-01 1.842900428349842912e-01
3.740773284132890009e-01 3.709328064088701638e-01
3.751178773099543839e-01 4.251128948175768585e-01
3.761584262066197670e-01 5.542063187138026592e-01
3.771989751032851501e-01 6.104516937735766646e-01
3.782395239999505332e-01 4.749773711472329296e-01
3.792800728966159163e-01 5.286810906515917452e-01
3.803206217932812994e-01 5.522053695622233249e-01
3.813611706899466824e-01 4.545817273663068647e-01
3.824017195866120655e-01 3.783014938866173793e-01
3.834422684832774486e-01 3.929936780656326789e-01
3.844828173799428317e-01 5.747192936055540713e-01
3.855233662766082148e-01 5.145058404643449990e-01
3.865639151732735979e-01 4.132958150910326367e-01
3.876044640699389809e-01 4.007734511570184566e-01
3.886450129666043640e-01 4.719058785671066403e-01
3.896855618632697471e-01 4.659145381608063019e-01
3.907261107599351302e-01 4.476506957695143285e-01
3.917666596566005133e-01 5.172104487516548943e-01
3.928072085532658964e-01 5.195974349998842001e-01
3.938477574499312794e-01 4.611901105101381404e-01
3.948883063465966625e-01 3.398312957960634151e-01
3.959288552432620456e-01 2.812351442071481245e-01
3.969694041399274287e-01 4.331699490630072091e-01
3.980099530365928118e-01 3.190738709022014064e-01
3.990505019332581949e-01 2.454709318854781941e-01
4.000910508299235779e-01 2.031155511217583864e-01
4.011315997265889610e-01 8.485299292961201445e-02
4.021721486232543441e-01 2.252955026501055613e-01
4.032126975199197272e-01 3.669695192514552673e-01
4.042532464165851103e-01 5.244251481205957077e-01
4.052937953132504934e-01 4.181623519484674034e-01
4.063343442099158764e-01 4.043630786853285031e-01
4.073748931065812595e-01 5.204756130927741253e-01
4.084154420032466426e-01 4.758004566991900219e-01
4.094559908999120257e-01 4.024215392795369439e-01
4.104965397965774088e-01 4.513343941270022697e-01
4.115370886932427918e-01 3.845480196228940883e-01
4.125776375899081749e-01 3.720059241623054902e-01
4.136181864865735580e-01 4.244804617353246101e-01
4.146587353832389411e-01 5.063645785308139580e-01
4.156992842799043242e-01 3.307558598023163654e-01
4.167398331765697073e-01 2.544394129826592632e-01
4.177803820732350903e-01 3.124773800690938685e-01
4.188209309699004734e-01 3.181471505039432657e-01
4.198614798665658565e-01 3.995711437967095492e-01
4.209020287632312396e-01 3.625752727503872563e-01
4.219425776598966227e-01 4.679631492963061135e-01
4.229831265565620058e-01 4.923627107918342460e-01
4.240236754532273888e-01 3.993343433654708008e-01
4.250642243498927719e-01 2.766458485901246434e-01
4.261047732465581550e-01 4.287044645199493687e-01
4.271453221432235381e-01 3.043907964197032356e-01
4.281858710398889212e-01 9.354707103872783591e-02
4.292264199365543043e-01 7.963968808808630229e-02
4.302669688332196873e-01 2.429144145857193848e-01
4.313075177298850704e-01 2.391632255632707427e-01
4.323480666265504535e-01 1.041006841266849392e-01
4.333886155232158366e-01 2.188216239938256535e-01
4.344291644198812197e-01 5.036664195825544255e-01
4.354697133165466028e-01 3.911057600058178707e-01
4.365102622132119858e-01 1.655237768933908171e-01
4.375508111098773689e-01 3.187853790923824704e-01
4.385913600065427520e-01 3.456166712529267215e-01
4.396319089032081351e-01 2.392265705485669969e-01
4.406724577998735182e-01 2.887428000918035309e-01
4.417130066965389013e-01 4.261716606763243931e-01
4.427535555932042843e-01 2.636945959984409171e-01
4.437941044898696674e-01 3.193226266068478481e-01
4.448346533865350505e-01 1.351028922508525909e-01
4.458752022832004336e-01 2.035035759128263066e-01
4.469157511798658167e-01 1.613720011558754663e-01
4.479563000765311997e-01 2.654448566820200028e-01
4.489968489731965828e-01 2.930063111819123378e-01
4.500373978698619659e-01 1.261574098209550243e-01
4.510779467665273490e-01 2.248701172088978240e-01
4.521184956631927321e-01 2.461458581929214517e-01
4.531590445598581152e-01 2.333569541633444544e-01
4.541995934565234982e-01 3.566300435414788694e-01
4.552401423531888813e-01 3.887479597428367128e-01
4.562806912498542644e-01 2.442213487846807141e-01
4.573212401465196475e-01 3.040451872184881665e-01
4.583617890431850306e-01 2.791919514091070198e-01
4.594023379398504137e-01 2.936803921846085075e-01
4.604428868365157967e-01 1.635925560718334282e-01
4.614834357331811798e-01 2.931106414777246982e-01
4.625239846298465629e-01 3.008365566787105649e-01
4.635645335265119460e-01 2.598084400682267869e-01
4.646050824231773291e-01 2.965217045849399824e-01
4.656456313198427122e-01 2.918762352350334766e-01
4.666861802165080952e-01 2.839379487763515897e-01
4.677267291131734783e-01 3.441238967304194318e-01
4.687672780098388614e-01 2.348984054283391743e-01
4.698078269065042445e-01 2.131580013787903738e-01
4.708483758031696276e-01 4.114958749595558629e-01
4.718889246998350107e-01 4.796046073802529008e-01
4.729294735965003937e-01 4.707066776115134132e-01
4.739700224931657768e-01 3.842293848845095283e-01
4.750105713898311599e-01 3.840994088285079044e-01
4.760511202864965430e-01 3.911141191891047697e-01
4.770916691831619261e-01 2.828316714724188330e-01
4.781322180798273092e-01 2.808078070606043752e-01
4.791727669764926922e-01 3.838587913458155754e-01
4.802133158731580753e-01 2.953918984550760740e-01
4.812538647698234584e-01 2.662754001592197994e-01
4.822944136664888415e-01 1.860747634190076383e-01
4.833349625631542246e-01 3.180185510190831621e-01
4.843755114598196077e-01 3.016687099893324842e-01
4.854160603564849907e-01 3.243315583156096693e-01
4.864566092531503738e-01 2.106333162555209526e-01
4.874971581498157569e-01 2.274815633762301559e-01
4.885377070464811400e-01 3.762049584720479345e-01
4.895782559431465231e-01 3.205952530643187970e-01
4.906188048398119061e-01 1.532750325946281578e-01
4.916593537364772892e-01 2.982490973643052712e-01
4.926999026331426723e-01 4.093794506621684093e-01
4.937404515298080554e-01 3.293073133176953604e-01
4.947810004264734385e-01 4.049066639090384001e-01
4.958215493231388216e-01 3.958147521712369610e-01
4.968620982198042046e-01 2.305845519827691703e-01
4.979026471164695877e-01 3.065492620580556604e-01
4.989431960131349708e-01 2.658064745781700822e-01
4.999837449098003539e-01 1.947962155219116198e-01
5.010242938064657370e-01 2.858618445185783230e-01
5.020648427031311201e-01 3.009406913248717785e-01
5.031053915997965031e-01 2.473146888532653520e-01
5.041459404964618862e-01 2.705143600749764232e-01
5.051864893931272693e-01 2.253560886386161144e-01
5.062270382897926524e-01 3.115193160390710148e-01
5.072675871864580355e-01 3.267279077575935275e-01
5.083081360831234186e-01 2.927465023723279103e-01
5.093486849797888016e-01 1.727798062259218170e-01
5.103892338764541847e-01 1.777082060844996647e-01
5.114297827731195678e-01 5.845682164349952359e-02
5.124703316697849509e-01 0.000000000000000000e+00
5.135108805664503340e-01 1.440808814381462355e-01
5.145514294631157171e-01 2.448690673966282816e-01
5.155919783597811001e-01 2.728128895754089456e-01
5.166325272564464832e-01 1.936595335423945130e-01
5.176730761531118663e-01 2.844041875657055130e-01
5.187136250497772494e-01 3.212921588784922733e-01
5.197541739464426325e-01 3.662593408605054890e-01
5.207947228431080156e-01 3.673271161704292354e-01
5.218352717397733986e-01 2.278407845568288792e-01
5.228758206364387817e-01 1.838600141856439052e-01
5.239163695331041648e-01 2.179510700450038030e-01
5.249569184297695479e-01 1.608048701528161928e-01
5.259974673264349310e-01 3.064747280633746129e-01
5.270380162231003141e-01 4.241737100296134599e-01
5.280785651197656971e-01 3.622516487009974639e-01
5.291191140164310802e-01 2.718339268211735771e-01
5.301596629130964633e-01 2.249989560752325701e-01
5.312002118097618464e-01 2.179905517041298424e-01
5.322407607064272295e-01 2.998416742076486230e-01
5.332813096030926125e-01 3.025843222485491424e-01
5.343218584997581067e-01 3.215511939520467877e-01
5.353624073964233787e-01 3.914273276789792533e-01
5.364029562930888728e-01 3.949683879289729305e-01
5.374435051897541449e-01 2.983041016160683512e-01
5.384840540864196390e-01 3.477997115093138802e-01
5.395246029830849110e-01 4.821988693284744443e-01
5.405651518797504052e-01 4.307694565339552639e-01
5.416057007764156772e-01 3.587593149360408518e-01
5.426462496730811713e-01 3.529784020342425777e-01
5.436867985697464434e-01 3.717346585593048758e-01
5.447273474664119375e-01 3.421283807478978645e-01
5.457678963630772095e-01 4.016368026192616014e-01
5.468084452597427036e-01 2.638632546274877200e-01
5.478489941564079757e-01 1.619190235310092874e-01
5.488895430530734698e-01 3.361094207434938141e-01
5.499300919497387419e-01 3.209082559314992977e-01
5.509706408464042360e-01 1.304148715184432206e-01
5.520111897430695080e-01 1.343673259282205379e-01
5.530517386397350021e-01 3.161773063064075018e-01
5.540922875364002742e-01 3.767440519724409853e-01
5.551328364330657683e-01 2.687704904673822170e-01
5.561733853297310404e-01 2.923139185697358755e-01
5.572139342263965345e-01 3.185075577797498170e-01
5.582544831230618065e-01 3.878104677946616619e-01
5.592950320197273006e-01 4.104024437393256619e-01
5.603355809163925727e-01 3.524983714373561838e-01
5.613761298130580668e-01 3.404154963682550772e-01
5.624166787097233389e-01 3.306242896784929997e-01
5.634572276063888330e-01 3.824666775835190435e-01
5.644977765030541050e-01 3.559604476035254095e-01
5.655383253997195991e-01 3.877798355315107415e-01
5.665788742963848712e-01 3.559192938849840004e-01
5.676194231930503653e-01 3.657231159537204235e-01
5.686599720897156374e-01 2.959289021389501784e-01
5.697005209863811315e-01 3.106995642437091476e-01
5.707410698830464035e-01 3.016963021956335922e-01
5.717816187797118976e-01 2.352803748045886323e-01
5.728221676763771697e-01 1.615545011080712356e-01
5.738627165730426638e-01 3.598626343174338160e-01
5.749032654697079359e-01 4.064061570987007599e-01
5.759438143663734300e-01 3.035583306559068717e-01
5.769843632630387020e-01 2.797315339612573837e-01
5.780249121597041961e-01 3.146831181098903585e-01
5.790654610563694682e-01 4.233293306770420372e-01
5.801060099530349623e-01 3.678080001656205411e-01
5.811465588497002344e-01 4.093197385338527283e-01
5.821871077463657285e-01 4.053437597264100134e-01
5.832276566430310005e-01 3.847785473048972449e-01
5.842682055396964946e-01 3.638242953660757451e-01
5.853087544363617667e-01 3.071455573643220305e-01
5.863493033330272608e-01 2.973460947534540821e-01
5.873898522296925329e-01 2.422755956483371165e-01
5.884304011263580270e-01 2.067031643180605727e-01
5.894709500230232990e-01 2.365347657384084812e-01
5.905114989196887931e-01 2.108389278542901479e-01
5.915520478163540652e-01 2.029555039947830153e-01
5.925925967130195593e-01 3.495122475853982280e-01
5.936331456096848314e-01 4.862156931668977222e-01
5.946736945063503255e-01 4.628230115065896655e-01
5.957142434030155975e-01 4.259983689360744563e-01
5.967547922996810916e-01 3.522590532237579453e-01
5.977953411963463637e-01 3.172409939289906333e-01
5.988358900930118578e-01 3.216166456157267817e-01
5.998764389896771299e-01 3.481098118563998867e-01
