# q (1/Angstrom), Intensity (arb)
2.029070354705860696e-02 6.069977906005345858e+01
2.133125244372399004e-02 5.414574938284462746e+01
2.237180134038937659e-02 4.595120613846921742e+01
2.341235023705475968e-02 4.063348109767079563e+01
2.445289913372014276e-02 3.550022288813670457e+01
2.549344803038552584e-02 3.310940998693487813e+01
2.653399692705091240e-02 2.935723881394009993e+01
2.757454582371629548e-02 2.737005561056500369e+01
2.861509472038167856e-02 2.451923381501971733e+01
2.965564361704706164e-02 2.261689660395667545e+01
3.069619251371244473e-02 2.216360391580403189e+01
3.173674141037782781e-02 2.184464602916648346e+01
3.277729030704321089e-02 2.084686368907887299e+01
3.381783920370859398e-02 2.024552421095512500e+01
3.485838810037397706e-02 1.987118807144860710e+01
3.589893699703936014e-02 1.941963677463499494e+01
3.693948589370474322e-02 1.775728265885559409e+01
3.798003479037012631e-02 1.727439742937231415e+01
3.902058368703550939e-02 1.565763086949944238e+01
4.006113258370089247e-02 1.575408450205183897e+01
4.110168148036627556e-02 1.553316723402931387e+01
4.214223037703165864e-02 1.628048799854847317e+01
4.318277927369704866e-02 1.505751117028312080e+01
4.422332817036243174e-02 1.447923135293519437e+01
4.526387706702781483e-02 1.469235995277244200e+01
4.630442596369319791e-02 1.470086844689741667e+01
4.734497486035858099e-02 1.461901349820019647e+01
4.838552375702396408e-02 1.393865189757842415e+01
4.942607265368934716e-02 1.444971640175160843e+01
5.046662155035473024e-02 1.451687619930356021e+01
5.150717044702011332e-02 1.526555489504880114e+01
5.254771934368549641e-02 1.589426168580681775e+01
5.358826824035087949e-02 1.622703764369325796e+01
5.462881713701626257e-02 1.634879095669504068e+01
5.566936603368164566e-02 1.649120068017833063e+01
5.670991493034702874e-02 1.662467864877446999e+01
5.775046382701241182e-02 1.723295757283415952e+01
5.879101272367779490e-02 1.836759576085576384e+01
5.983156162034317799e-02 1.977970021751261243e+01
6.087211051700856107e-02 2.165739050120830456e+01
6.191265941367394415e-02 2.292677496148653660e+01
6.295320831033933417e-02 2.503960407691781853e+01
6.399375720700471726e-02 2.670814055006685805e+01
6.503430610367010034e-02 2.844917718996079969e+01
6.607485500033548342e-02 3.082395037182169517e+01
6.711540389700086651e-02 3.415099342192321075e+01
6.815595279366624959e-02 3.662881405503606658e+01
6.919650169033163267e-02 3.722257983976101059e+01
7.023705058699701576e-02 3.850175913914287662e+01
7.127759948366239884e-02 4.059023991487477190e+01
7.231814838032778192e-02 4.426273551268265294e+01
7.335869727699316500e-02 5.325319021336946435e+01
7.439924617365854809e-02 7.584239261853780079e+01
7.543979507032393117e-02 1.344350642623894885e+02
7.648034396698931425e-02 2.259370977276277586e+02
7.752089286365469734e-02 3.163152964759519250e+02
7.856144176032008042e-02 4.398633403956858956e+02
7.960199065698546350e-02 7.610280865746444761e+02
8.064253955365084658e-02 1.226186747470463160e+03
8.168308845031622967e-02 1.281237461255470407e+03
8.272363734698161275e-02 8.143147643947096412e+02
8.376418624364699583e-02 4.367744313909184370e+02
8.480473514031239279e-02 2.910660917076962733e+02
8.584528403697777588e-02 2.309410213882181040e+02
8.688583293364315896e-02 1.923387624923274473e+02
8.792638183030854204e-02 1.621483246248623971e+02
8.896693072697392513e-02 1.403988590215007832e+02
9.000747962363930821e-02 1.260025389400950360e+02
9.104802852030469129e-02 1.255502025695104038e+02
9.208857741697007437e-02 1.434989512143151558e+02
9.312912631363545746e-02 1.643311662734936931e+02
9.416967521030084054e-02 1.465218435524348877e+02
9.521022410696622362e-02 9.115536441390796085e+01
9.625077300363160671e-02 4.503248274054309519e+01
9.729132190029698979e-02 2.447134258892290148e+01
9.833187079696237287e-02 1.561120502382068764e+01
9.937241969362775595e-02 1.107529198756628830e+01
1.004129685902931390e-01 7.994134110411657446e+00
1.014535174869585221e-01 6.341093821865889879e+00
1.024940663836239052e-01 5.498801747824650477e+00
1.035346152802892883e-01 4.665418279657636447e+00
1.045751641769546714e-01 3.203255085997191998e+00
1.056157130736200545e-01 2.998627936329434363e+00
1.066562619702854375e-01 2.841949989098665696e+00
1.076968108669508206e-01 2.217794294994419602e+00
1.087373597636162037e-01 2.299939628291880922e+00
1.097779086602815868e-01 2.470937916379504884e+00
1.108184575569469699e-01 2.335388136351149058e+00
1.118590064536123529e-01 2.462476338222529648e+00
1.128995553502777360e-01 1.706204896714659469e+00
1.139401042469431191e-01 1.865574058622883058e+00
1.149806531436085022e-01 1.634506805462038415e+00
1.160212020402738853e-01 2.013994245817180229e+00
1.170617509369392684e-01 2.256368290696038059e+00
1.181022998336046514e-01 2.246135843133892251e+00
1.191428487302700345e-01 2.142782379301564788e+00
1.201833976269354176e-01 2.286295075169128665e+00
1.212239465236008007e-01 2.315263315465841742e+00
1.222644954202661838e-01 2.539944546054158536e+00
1.233050443169315669e-01 2.690473787035671194e+00
1.243455932135969499e-01 2.996298380306882336e+00
1.253861421102623330e-01 3.101299362658963332e+00
1.264266910069277161e-01 3.249081489587972271e+00
1.274672399035930992e-01 4.562373380539440859e+00
1.285077888002584823e-01 6.429633562271106939e+00
1.295483376969238654e-01 1.020860609559682786e+01
1.305888865935892484e-01 1.960683963655069562e+01
1.316294354902546315e-01 3.406391040485213750e+01
1.326699843869200146e-01 4.177144936630133287e+01
1.337105332835853977e-01 3.283403411408365002e+01
1.347510821802507808e-01 1.923865680524927768e+01
1.357916310769161639e-01 1.142888015912877364e+01
1.368321799735815469e-01 8.597168326313756381e+00
1.378727288702469300e-01 7.482206027899223955e+00
1.389132777669123131e-01 6.882511517637560416e+00
1.399538266635776962e-01 6.544333766961322851e+00
1.409943755602430793e-01 6.715766130743688223e+00
1.420349244569084624e-01 6.573290235368816070e+00
1.430754733535738454e-01 6.631809947141249495e+00
1.441160222502392285e-01 6.540541963903876876e+00
1.451565711469046116e-01 6.912664012137156533e+00
1.461971200435699947e-01 7.060359608577122970e+00
1.472376689402353778e-01 7.514168535944008909e+00
1.482782178369007609e-01 7.911554677677713698e+00
1.493187667335661439e-01 8.725382909282352273e+00
1.503593156302315270e-01 1.038377694358212722e+01
1.513998645268969101e-01 1.455111695992219722e+01
1.524404134235622932e-01 2.429621810562720441e+01
1.534809623202276763e-01 4.326160401382034593e+01
1.545215112168930593e-01 6.576034447328791543e+01
1.555620601135584424e-01 7.567158414393276189e+01
1.566026090102238255e-01 6.078235537856528481e+01
1.576431579068892086e-01 3.709064184944806897e+01
1.586837068035545917e-01 2.242385923691172422e+01
1.597242557002199748e-01 1.770147730775878614e+01
1.607648045968853578e-01 1.855114922756808227e+01
1.618053534935507409e-01 2.024039294584472515e+01
1.628459023902161240e-01 1.822739193435052130e+01
1.638864512868815071e-01 1.269345682346665427e+01
1.649270001835468902e-01 7.517090493495437897e+00
1.659675490802122733e-01 4.022322959915030083e+00
1.670080979768776563e-01 2.695365521470073134e+00
1.680486468735430672e-01 2.282850192535491374e+00
1.690891957702084503e-01 1.603016121320315790e+00
1.701297446668738333e-01 1.578838865059083219e+00
1.711702935635392164e-01 1.779529630186374334e+00
1.722108424602045995e-01 1.773189739829149403e+00
1.732513913568699826e-01 1.453296093822643797e+00
1.742919402535353657e-01 8.246270341747390376e-01
1.753324891502007488e-01 6.957621063693153474e-01
1.763730380468661318e-01 6.846896502605588353e-01
1.774135869435315149e-01 9.513213938259141855e-01
1.784541358401968980e-01 1.017376016972509234e+00
1.794946847368622811e-01 5.983763562728654506e-01
1.805352336335276642e-01 6.171710094894393706e-01
1.815757825301930473e-01 5.967809813588971224e-01
1.826163314268584303e-01 5.143514675978941852e-01
1.836568803235238134e-01 3.810486993243777931e-01
1.846974292201891965e-01 3.526236222995464686e-01
1.857379781168545796e-01 4.213517968477091813e-01
1.867785270135199627e-01 6.842307185868001795e-01
1.878190759101853458e-01 5.237455555305494670e-01
1.888596248068507288e-01 9.148065741858673050e-01
1.899001737035161119e-01 9.932676303971028631e-01
1.909407226001814950e-01 7.528034443696505207e-01
1.919812714968468781e-01 1.972463330394838010e-01
1.930218203935122612e-01 3.995759030064895967e-01
1.940623692901776443e-01 5.908499135328462160e-01
1.951029181868430273e-01 7.112272341728385072e-01
1.961434670835084104e-01 6.349234187239574112e-01
1.971840159801737935e-01 5.194709502028587167e-01
1.982245648768391766e-01 4.321473124641173058e-01
1.992651137735045597e-01 5.986673230390913147e-01
2.003056626701699428e-01 7.471113893166432263e-01
2.013462115668353813e-01 8.695574789952758010e-01
2.023867604635007644e-01 9.081979770873793711e-01
2.034273093601661475e-01 1.331059964596537526e+00
2.044678582568315306e-01 1.728722928676983628e+00
2.055084071534969137e-01 1.906223759864083434e+00
2.065489560501622968e-01 1.997677732249943716e+00
2.075895049468276798e-01 2.716332549749676417e+00
2.086300538434930629e-01 2.873583991934228976e+00
2.096706027401584460e-01 2.817926114385727487e+00
2.107111516368238291e-01 2.733839351093237724e+00
2.117517005334892122e-01 2.057066005828541932e+00
2.127922494301545953e-01 1.639533524664571473e+00
2.138327983268199783e-01 8.476692066679838433e-01
2.148733472234853614e-01 6.774145140841163482e-01
2.159138961201507445e-01 7.113451563054766780e-01
2.169544450168161276e-01 5.951411585227184275e-01
2.179949939134815107e-01 9.337818356737770387e-01
2.190355428101468938e-01 5.118871271609393148e-01
2.200760917068122768e-01 7.504707524356284409e-01
2.211166406034776599e-01 8.397490301374190835e-01
2.221571895001430430e-01 1.109399967878371029e+00
2.231977383968084261e-01 1.033360682915159146e+00
2.242382872934738092e-01 1.025936039262152377e+00
2.252788361901391923e-01 1.371848871293085637e+00
2.263193850868045753e-01 2.003115258452716319e+00
2.273599339834699584e-01 2.931921726332522127e+00
2.284004828801353415e-01 3.867438059970201181e+00
2.294410317768007246e-01 4.244899614265364107e+00
2.304815806734661077e-01 4.047545403887781390e+00
2.315221295701314908e-01 3.416559891964244144e+00
2.325626784667968738e-01 2.479216122820695034e+00
2.336032273634622569e-01 1.955294440763498898e+00
2.346437762601276400e-01 1.854036097444236475e+00
2.356843251567930231e-01 1.779334315657919774e+00
2.367248740534584062e-01 1.365295807541023976e+00
2.377654229501237892e-01 1.336937631720616082e+00
2.388059718467891723e-01 1.488337857601592873e+00
2.398465207434545554e-01 1.550079160907607445e+00
2.408870696401199385e-01 2.449183737877671518e+00
2.419276185367853216e-01 3.655168692389175078e+00
2.429681674334507047e-01 3.927383363062386223e+00
2.440087163301160877e-01 3.602070610577751353e+00
2.450492652267814708e-01 2.847875616736565973e+00
2.460898141234468539e-01 2.103752125674812845e+00
2.471303630201122370e-01 1.816361043056264890e+00
2.481709119167776201e-01 1.570411718248294619e+00
2.492114608134430032e-01 1.243287500675172907e+00
2.502520097101083585e-01 9.514768350261917362e-01
2.512925586067737416e-01 7.706425097962679160e-01
2.523331075034391247e-01 5.585905324946729422e-01
2.533736564001045077e-01 6.184797928242424803e-01
2.544142052967698908e-01 5.832355141347207450e-01
2.554547541934352739e-01 4.963281601707656421e-01
2.564953030901006570e-01 3.396215891103793183e-01
2.575358519867660401e-01 3.441595638826946413e-01
2.585764008834314231e-01 2.531934093981398348e-01
2.596169497800968062e-01 3.382623809562552708e-01
2.606574986767621893e-01 3.342486584388097981e-01
2.616980475734275724e-01 2.306468138916457633e-01
2.627385964700929555e-01 5.653869243249332044e-01
2.637791453667583386e-01 7.533795764599631184e-01
2.648196942634237216e-01 6.030425214848378346e-01
2.658602431600891047e-01 7.102783297875667756e-01
2.669007920567544878e-01 4.750995288049573162e-01
2.679413409534198709e-01 2.799079628969600719e-01
2.689818898500852540e-01 3.464821859730520259e-01
2.700224387467506371e-01 3.332709636239492568e-01
2.710629876434160201e-01 2.262540445836336289e-01
2.721035365400814032e-01 3.050724549827243948e-01
2.731440854367467863e-01 2.575208795400172335e-01
2.741846343334121694e-01 2.276433681643048601e-01
2.752251832300775525e-01 4.214755700667076610e-01
2.762657321267429356e-01 3.420227784124634240e-01
2.773062810234083186e-01 2.237312186338655806e-01
2.783468299200737017e-01 1.693545451155813453e-01
2.793873788167390848e-01 0.000000000000000000e+00
2.804279277134044679e-01 1.115630186194529472e-01
2.814684766100698510e-01 1.055323737561906228e-01
2.825090255067352341e-01 1.951391404545290698e-01
2.835495744034006171e-01 2.051839031973656802e-02
2.845901233000660002e-01 3.012654958807168271e-01
2.856306721967313833e-01 5.054659476024028208e-01
2.866712210933967664e-01 2.113340580062192942e-01
2.877117699900621495e-01 2.226226777538826695e-01
2.887523188867275326e-01 8.045907717018252470e-02
2.897928677833929156e-01 3.317625537464685692e-01
2.908334166800582987e-01 5.293204985031536580e-01
2.918739655767236818e-01 7.485307856471834498e-01
2.929145144733890649e-01 6.582266203879889588e-01
2.939550633700544480e-01 3.361558334140681836e-01
2.949956122667198311e-01 3.932375769099643037e-01
2.960361611633852141e-01 3.963567745695613098e-01
2.970767100600505972e-01 4.694561218638781952e-01
2.981172589567159803e-01 4.661280006259467257e-01
2.991578078533813634e-01 6.561482061997558901e-01
3.001983567500468020e-01 5.099715832743534349e-01
3.012389056467121851e-01 5.229923209194424771e-01
3.022794545433775681e-01 6.136512534942504260e-01
3.033200034400429512e-01 5.683337368762266806e-01
3.043605523367083343e-01 5.244334120129856558e-01
3.054011012333737174e-01 7.528413195747809539e-01
3.064416501300391005e-01 5.866109260524332569e-01
3.074821990267044836e-01 6.952030354133711398e-01
3.085227479233698666e-01 1.006908354069693701e+00
3.095632968200352497e-01 1.168593461360089236e+00
3.106038457167006328e-01 9.716977867008829151e-01
3.116443946133660159e-01 7.567869382173739723e-01
3.126849435100313990e-01 4.678575681510466211e-01
3.137254924066967821e-01 4.403367962561297588e-01
3.147660413033621651e-01 3.721932806174663710e-01
3.158065902000275482e-01 2.228544022850513784e-01
3.168471390966929313e-01 2.585788673463049747e-01
3.178876879933583144e-01 3.417312129087122230e-01
3.189282368900236975e-01 3.530152393501779784e-01
3.199687857866890806e-01 5.107923539910430577e-01
3.210093346833544636e-01 6.031631563733164114e-01
3.220498835800198467e-01 4.219452660530222943e-01
3.230904324766852298e-01 4.194210532982722839e-01
3.241309813733506129e-01 6.805552324324288804e-01
3.251715302700159960e-01 5.377924905561251023e-01
3.262120791666813790e-01 4.233065039267813745e-01
3.272526280633467621e-01 3.989801741681837655e-01
3.282931769600121452e-01 1.685369124829492193e-01
3.293337258566775283e-01 4.968198246108102012e-02
3.303742747533429114e-01 4.845847363698077004e-01
3.314148236500082945e-01 5.432005364947123383e-01
3.324553725466736775e-01 8.287886478796551160e-01
3.334959214433390606e-01 7.020877527066851087e-01
3.345364703400044437e-01 6.432213166048086350e-01
3.355770192366698268e-01 6.020594488998547433e-01
3.366175681333352099e-01 6.301852038921786914e-01
3.376581170300005930e-01 5.670673977897102702e-01
3.386986659266659760e-01 5.871135821402724275e-01
3.397392148233313591e-01 5.429485422691158192e-01
3.407797637199967422e-01 6.901164337672973659e-01
3.418203126166621253e-01 5.723735799959257520e-01
3.428608615133275084e-01 2.476552632446242797e-01
3.439014104099928915e-01 2.525420559371482909e-02
3.449419593066582745e-01 4.770975219516415677e-02
3.459825082033236576e-01 2.692171146048458752e-01
3.470230570999890407e-01 3.253288310903634795e-01
3.480636059966544238e-01 4.949700866718913517e-01
3.491041548933198069e-01 5.039069142795788991e-01
3.501447037899851900e-01 4.439073338185863804e-01
3.511852526866505730e-01 2.917701557598810780e-01
3.522258015833159561e-01 2.376414957004229223e-01
3.532663504799813392e-01 2.135964979034099542e-01
3.543068993766467223e-01 2.645368113764945406e-01
3.553474482733121054e-01 2.294603515785134107e-01
3.563879971699774885e-01 9.138089484696365616e-02
3.574285460666428715e-01 1.043069511804119998e-01
3.584690949633082546e-01 1.587067401131641020e-01
3.595096438599736377e-01 2.253503319161644924e-01
3.605501927566390208e-01 1.810289647832661331e-01
3.615907416533044039e-01 1.530767859901764893e-01
3.626312905499697870e-01 2.195938788860942736e-01
3.636718394466351700e-01 2.656629652750126525e-01
3.647123883433005531e-01 5.822738908367242061e-02
3.657529372399659362e-01 1.733151399918924085e-01
3.667934861366313193e-01 2.188661123934529940e-01
3.678340350332967024e-01 2.342368884766017345e-01
3.688745839299620854e-01 2.337832477549106613e-01
3.699151328266274685e-01 1.513859938606998412e-01
3.709556817232928516e-01 2.033833857949396418e-01
3.719962306199582347e-01 5.054741963684890038e-01
3.730367795166236178e-01 5.086518475720467336e-01
3.740773284132890009e-01 4.634109252802005585e-01
3.751178773099543839e-01 5.772768064605457994e-01
3.761584262066197670e-01 5.144798136494905805e-01
3.771989751032851501e-01 5.154861785402253815e-01
3.782395239999505332e-01 6.238263289194883043e-01
3.792800728966159163e-01 4.920704071443466887e-01
3.803206217932812994e-01 3.884001552380027533e-01
3.813611706899466824e-01 2.665729603496984623e-01
3.824017195866120655e-01 1.882845502296000006e-01
3.834422684832774486e-01 3.207447447262623541e-01
3.844828173799428317e-01 2.316851497546217331e-01
3.855233662766082148e-01 3.603806084506970819e-01
3.865639151732735979e-01 4.630517412728316629e-01
3.876044640699389809e-01 1.887204152668005008e-01
3.886450129666043640e-01 2.238632592202804972e-01
3.896855618632697471e-01 4.846423314833714358e-01
3.907261107599351302e-01 4.237351816066201593e-01
3.917666596566005133e-01 3.903732816348188805e-01
3.928072085532658964e-01 5.150561711234367124e-01
3.938477574499312794e-01 4.865296320139336217e-01
3.948883063465966625e-01 4.898100417747066615e-01
3.959288552432620456e-01 6.268581275846152323e-01
3.969694041399274287e-01 7.209884227790475109e-01
3.980099530365928118e-01 4.779218196226757698e-01
3.990505019332581949e-01 6.083442955054927381e-01
4.000910508299235779e-01 5.611666242433628327e-01
4.011315997265889610e-01 5.232715673973942216e-01
4.021721486232543441e-01 5.637826033417780991e-01
4.032126975199197272e-01 5.041909845428556025e-01
4.042532464165851103e-01 5.021068241082495831e-01
4.052937953132504934e-01 6.631150432506025538e-01
4.063343442099158764e-01 8.228198223666396416e-01
4.073748931065812595e-01 6.916997355732483754e-01
4.084154420032466426e-01 4.249869783492528086e-01
4.094559908999120257e-01 5.436709274218429755e-01
4.104965397965774088e-01 3.564478069706886743e-01
4.115370886932427918e-01 2.878173718021272975e-01
4.125776375899081749e-01 3.529638345390111454e-01
4.136181864865735580e-01 4.126181280508660620e-01
4.146587353832389411e-01 5.371756561464415825e-01
4.156992842799043242e-01 5.916769304888731540e-01
4.167398331765697073e-01 4.152129787672755867e-01
4.177803820732350903e-01 5.336265952135548218e-01
4.188209309699004734e-01 3.114999848257831161e-01
4.198614798665658565e-01 1.395563590440289659e-01
4.209020287632312396e-01 2.332163031915612805e-01
4.219425776598966227e-01 3.006477370034232877e-01
4.229831265565620058e-01 3.394634795525988125e-01
4.240236754532273888e-01 2.677362650326600146e-01
4.250642243498927719e-01 2.708175085605688537e-01
4.261047732465581550e-01 3.067014030395043278e-01
4.271453221432235381e-01 4.165681444643603015e-01
4.281858710398889212e-01 2.916017487830089294e-01
4.292264199365543043e-01 2.323671406697371822e-01
4.302669688332196873e-01 3.569983291776352985e-01
4.313075177298850704e-01 3.784652737838243297e-01
4.323480666265504535e-01 4.803723230280994017e-01
4.333886155232158366e-01 5.044051430306240036e-01
4.344291644198812197e-01 2.393923623365878939e-01
4.354697133165466028e-01 2.619783203305878772e-01
4.365102622132119858e-01 1.716482197971345158e-01
4.375508111098773689e-01 2.039288909199861166e-01
4.385913600065427520e-01 5.083896762399611191e-01
4.396319089032081351e-01 5.545093750111149689e-01
4.406724577998735182e-01 3.884177498055869648e-01
4.417130066965389013e-01 4.391694312653555698e-01
4.427535555932042843e-01 4.359320154481380882e-01
4.437941044898696674e-01 5.632853203142325071e-01
4.448346533865350505e-01 3.716455264763069977e-01
4.458752022832004336e-01 4.273319358961913395e-01
4.469157511798658167e-01 3.978717273850556069e-01
4.479563000765311997e-01 4.487245696749475599e-01
4.489968489731965828e-01 4.786872242826909485e-01
4.500373978698619659e-01 4.151630837646713701e-01
4.510779467665273490e-01 2.770458557335189198e-01
4.521184956631927321e-01 1.787809758504721458e-02
4.531590445598581152e-01 1.368203213180763100e-01
4.541995934565234982e-01 2.512847259415948997e-01
4.552401423531888813e-01 3.005412098932964682e-01
4.562806912498542644e-01 2.567436096780042476e-01
4.573212401465196475e-01 2.549934330210064104e-01
4.583617890431850306e-01 2.299814698102622401e-01
4.594023379398504137e-01 5.768775297094244081e-01
4.604428868365157967e-01 6.002384556798716631e-01
4.614834357331811798e-01 4.801134754065898846e-01
4.625239846298465629e-01 5.824407675700804532e-01
4.635645335265119460e-01 6.157862245387093481e-01
4.646050824231773291e-01 4.860366564999303307e-01
4.656456313198427122e-01 4.486492617731094867e-01
4.666861802165080952e-01 2.769349938952885282e-01
4.677267291131734783e-01 4.271664193384552277e-01
4.687672780098388614e-01 4.462350705466633372e-01
4.698078269065042445e-01 2.531126238563388142e-01
4.708483758031696276e-01 2.244148642171950314e-01
4.718889246998350107e-01 2.863728279894992568e-01
4.729294735965003937e-01 2.495507284818998528e-01
4.739700224931657768e-01 3.700981338419531141e-01
4.750105713898311599e-01 3.163434929122672656e-01
4.760511202864965430e-01 4.485910164998330174e-01
4.770916691831619261e-01 4.257481701804692875e-01
4.781322180798273092e-01 3.836886679433888503e-01
4.791727669764926922e-01 5.037012199091890352e-01
4.802133158731580753e-01 5.435590636047642477e-01
4.812538647698234584e-01 4.259929961018436018e-01
4.822944136664888415e-01 3.919765663651872956e-01
4.833349625631542246e-01 3.861073273963988584e-01
4.843755114598196077e-01 3.404616160237026179e-01
4.854160603564849907e-01 2.561868497412653767e-01
4.864566092531503738e-01 1.743773520491629370e-01
4.874971581498157569e-01 2.103856716257865855e-01
4.885377070464811400e-01 2.993282603830813571e-01
4.895782559431465231e-01 5.035650565529081746e-01
4.906188048398119061e-01 4.100730704769759427e-01
4.916593537364772892e-01 3.626884798406813104e-01
4.926999026331426723e-01 3.579558431868115065e-01
4.937404515298080554e-01 2.382950977476276933e-01
4.947810004264734385e-01 4.198771049065506134e-01
4.958215493231388216e-01 4.627840715344682110e-01
4.968620982198042046e-01 1.939909403972990276e-01
4.979026471164695877e-01 2.701736838622963432e-01
4.989431960131349708e-01 4.359418476373342344e-01
4.999837449098003539e-01 3.926777902165063949e-01
5.010242938064657370e-01 3.193362268336237264e-01
5.020648427031311201e-01 2.120036458004186386e-01
5.031053915997965031e-01 2.577994585989529241e-01
5.041459404964618862e-01 3.074287638143502477e-01
5.051864893931272693e-01 4.287273329345602235e-01
5.062270382897926524e-01 1.796116988814659976e-01
5.072675871864580355e-01 2.353126827070433080e-01
5.083081360831234186e-01 1.947992721579048236e-01
5.093486849797888016e-01 2.186551046554150446e-01
5.103892338764541847e-01 4.267418829596500984e-01
5.114297827731195678e-01 3.377665099202431520e-01
5.124703316697849509e-01 3.340493424467645411e-01
5.135108805664503340e-01 3.798259487625941233e-01
5.145514294631157171e-01 4.572322130326575973e-01
5.155919783597811001e-01 2.726330000920604846e-01
5.166325272564464832e-01 3.288335718535506658e-01
5.176730761531118663e-01 6.103207062202145039e-01
5.187136250497772494e-01 5.500700555277546755e-01
5.197541739464426325e-01 4.936527986260159651e-01
5.207947228431080156e-01 6.078925435134543420e-01
5.218352717397733986e-01 3.346889766835516866e-01
5.228758206364387817e-01 2.314788960822760089e-01
5.239163695331041648e-01 3.357871448806335479e-01
5.249569184297695479e-01 3.829138977195114535e-01
5.259974673264349310e-01 2.788909880154157861e-01
5.270380162231003141e-01 3.315289676964141563e-01
5.280785651197656971e-01 3.042367619019259450e-01
5.291191140164310802e-01 2.214637417938725150e-01
5.301596629130964633e-01 1.933866349563793108e-01
5.312002118097618464e-01 1.737877588629217485e-01
5.322407607064272295e-01 3.311019114134587937e-01
5.332813096030926125e-01 3.958709146474035379e-01
5.343218584997581067e-01 3.758764964464624825e-01
5.353624073964233787e-01 4.301365526090812352e-01
5.364029562930888728e-01 3.642070441838356487e-01
5.374435051897541449e-01 3.740216450234719048e-01
5.384840540864196390e-01 3.003678282752382245e-01
5.395246029830849110e-01 4.487111815772912848e-01
5.405651518797504052e-01 4.004535661038666206e-01
5.416057007764156772e-01 2.585096708580643110e-01
5.426462496730811713e-01 4.033669515191746768e-01
5.436867985697464434e-01 5.166864141163394208e-01
5.447273474664119375e-01 3.788745159759159264e-01
5.457678963630772095e-01 3.391662421727126286e-01
5.468084452597427036e-01 4.408143469202805420e-01
5.478489941564079757e-01 4.043992763027155490e-01
5.488895430530734698e-01 4.707726548202337824e-01
5.499300919497387419e-01 4.884521419012166632e-01
5.509706408464042360e-01 4.992391214758633566e-01
5.520111897430695080e-01 4.402432177700994487e-01
5.530517386397350021e-01 3.686092898007444774e-01
5.540922875364002742e-01 4.102433158760909748e-01
5.551328364330657683e-01 4.888283581279644352e-01
5.561733853297310404e-01 4.818734890017104533e-01
5.572139342263965345e-01 4.001919466143881721e-01
5.582544831230618065e-01 4.602357188921679665e-01
5.592950320197273006e-01 4.924069608063810222e-01
5.603355809163925727e-01 3.340317283096467804e-01
5.613761298130580668e-01 3.993066920030798883e-01
5.624166787097233389e-01 3.685469444699229769e-01
5.634572276063888330e-01 4.765957879646407491e-01
5.644977765030541050e-01 4.637724985625482077e-01
5.655383253997195991e-01 4.381962979163205318e-01
5.665788742963848712e-01 4.512067523175957717e-01
5.676194231930503653e-01 4.134478729140376174e-01
5.686599720897156374e-01 4.773036705663464829e-01
5.697005209863811315e-01 4.422345706790018482e-01
5.707410698830464035e-01 3.898494853441505370e-01
5.717816187797118976e-01 3.507424768699145545e-01
5.728221676763771697e-01 3.014864808890287406e-01
5.738627165730426638e-01 3.595716157262494050e-01
5.749032654697079359e-01 3.174400125280669727e-01
5.759438143663734300e-01 3.417638386215600121e-01
5.769843632630387020e-01 3.338358077418526193e-01
5.780249121597041961e-01 3.623225404666996496e-01
5.790654610563694682e-01 3.709167468755651953e-01
5.801060099530349623e-01 3.970177405633137369e-01
5.811465588497002344e-01 4.468096636468423810e-01
5.821871077463657285e-01 5.329680562737095784e-01
5.832276566430310005e-01 3.096375764112728746e-01
5.842682055396964946e-01 1.824561698349818073e-01
5.853087544363617667e-01 4.661898076336292718e-01
5.863493033330272608e-01 5.592142713093011253e-01
5.873898522296925329e-01 4.653054395248688024e-01
5.884304011263580270e-01 3.272193156705789363e-01
5.894709500230232990e-01 3.654913669484542993e-01
5.905114989196887931e-01 4.177949150097290953e-01
5.915520478163540652e-01 3.227214942887819404e-01
5.925925967130195593e-01 3.258191015558971060e-01
5.936331456096848314e-01 3.779757066989368752e-01
5.946736945063503255e-01 2.113605008918852945e-01
5.957142434030155975e-01 2.136820427543213441e-01
5.967547922996810916e-01 3.473757290090198069e-01
5.977953411963463637e-01 4.679392757228661992e-01
5.988358900930118578e-01 5.247161433395355346e-01
5.998764389896771299e-01 5.012551584267619376e-01
