# q (1/Angstrom), Intensity (arb)
2.029070354705860696e-02 6.513714518498818506e+01
2.133125244372399004e-02 5.356806125662910745e+01
2.237180134038937659e-02 4.626204113604575241e+01
2.341235023705475968e-02 4.089859188822836700e+01
2.445289913372014276e-02 3.782405027034127443e+01
2.549344803038552584e-02 3.294637085173970092e+01
2.653399692705091240e-02 2.929765391974473232e+01
2.757454582371629548e-02 3.066180495922542093e+01
2.861509472038167856e-02 2.720524505765652634e+01
2.965564361704706164e-02 2.345330176884122864e+01
3.069619251371244473e-02 2.264116715517870659e+01
3.173674141037782781e-02 2.204847570087842712e+01
3.277729030704321089e-02 2.113382938279663392e+01
3.381783920370859398e-02 2.065440268649573596e+01
3.485838810037397706e-02 1.960945880117021289e+01
3.589893699703936014e-02 1.979737286787759842e+01
3.693948589370474322e-02 1.754008595872549137e+01
3.798003479037012631e-02 1.611885983834353198e+01
3.902058368703550939e-02 1.580607028480149978e+01
4.006113258370089247e-02 1.670106562772393488e+01
4.110168148036627556e-02 1.612078479946501375e+01
4.214223037703165864e-02 1.545226136776079073e+01
4.318277927369704866e-02 1.388973094158497901e+01
4.422332817036243174e-02 1.355910632474420652e+01
4.526387706702781483e-02 1.438095628412602878e+01
4.630442596369319791e-02 1.455876349750600696e+01
4.734497486035858099e-02 1.427080144765925240e+01
4.838552375702396408e-02 1.456206869361024303e+01
4.942607265368934716e-02 1.521976402971291265e+01
5.046662155035473024e-02 1.479500661097480929e+01
5.150717044702011332e-02 1.484912634614452998e+01
5.254771934368549641e-02 1.582730591541455567e+01
5.358826824035087949e-02 1.607303732333198809e+01
5.462881713701626257e-02 1.632977370175849074e+01
5.566936603368164566e-02 1.577469778428636715e+01
5.670991493034702874e-02 1.657964099603078978e+01
5.775046382701241182e-02 1.721131707402813049e+01
5.879101272367779490e-02 1.836445229773706700e+01
5.983156162034317799e-02 2.003484486713782076e+01
6.087211051700856107e-02 2.132460508384117048e+01
6.191265941367394415e-02 2.282708585066347950e+01
6.295320831033933417e-02 2.476239457584857462e+01
6.399375720700471726e-02 2.668462537717777394e+01
6.503430610367010034e-02 2.912980487259329010e+01
6.607485500033548342e-02 3.094337477485090915e+01
6.711540389700086651e-02 3.350236927254949393e+01
6.815595279366624959e-02 3.645166852549949965e+01
6.919650169033163267e-02 3.721247876436309099e+01
7.023705058699701576e-02 3.801665964471369819e+01
7.127759948366239884e-02 3.997179722853984174e+01
7.231814838032778192e-02 4.401357461016063155e+01
7.335869727699316500e-02 5.214997356774556891e+01
7.439924617365854809e-02 7.339528863226425415e+01
7.543979507032393117e-02 1.281829590073335225e+02
7.648034396698931425e-02 2.180081288430571647e+02
7.752089286365469734e-02 3.079914536998932135e+02
7.856144176032008042e-02 4.232981141340062550e+02
7.960199065698546350e-02 7.205235455548108803e+02
8.064253955365084658e-02 1.198373252089753578e+03
8.168308845031622967e-02 1.327012291166002797e+03
8.272363734698161275e-02 8.828141254383396017e+02
8.376418624364699583e-02 4.684280079586861234e+02
8.480473514031239279e-02 3.044087873383788292e+02
8.584528403697777588e-02 2.395308942139645012e+02
8.688583293364315896e-02 1.985742199205973861e+02
8.792638183030854204e-02 1.687130544906410137e+02
8.896693072697392513e-02 1.456751712485731503e+02
9.000747962363930821e-02 1.297362643780018061e+02
9.104802852030469129e-02 1.263323397353367739e+02
9.208857741697007437e-02 1.412320868527639277e+02
9.312912631363545746e-02 1.645092519623343321e+02
9.416967521030084054e-02 1.541852701033882056e+02
9.521022410696622362e-02 1.006245233718256316e+02
9.625077300363160671e-02 5.045203893104763893e+01
9.729132190029698979e-02 2.662325001008088776e+01
9.833187079696237287e-02 1.673754995769929366e+01
9.937241969362775595e-02 1.196061776228238926e+01
1.004129685902931390e-01 8.574458485591122781e+00
1.014535174869585221e-01 6.616408993364956359e+00
1.024940663836239052e-01 5.600015453720693870e+00
1.035346152802892883e-01 4.724183119937663378e+00
1.045751641769546714e-01 3.578415166459336660e+00
1.056157130736200545e-01 3.315407736010222095e+00
1.066562619702854375e-01 3.065160045358837237e+00
1.076968108669508206e-01 2.960687313687536459e+00
1.087373597636162037e-01 2.640723756064566885e+00
1.097779086602815868e-01 2.530735436895561463e+00
1.108184575569469699e-01 2.248088559404237685e+00
1.118590064536123529e-01 2.299022453161825297e+00
1.128995553502777360e-01 2.157304950691887768e+00
1.139401042469431191e-01 2.404082121029382790e+00
1.149806531436085022e-01 2.130069448563148171e+00
1.160212020402738853e-01 2.192699295089646228e+00
1.170617509369392684e-01 2.549626198837820823e+00
1.181022998336046514e-01 2.223764126231600358e+00
1.191428487302700345e-01 2.353921690945959710e+00
1.201833976269354176e-01 2.232027921750180610e+00
1.212239465236008007e-01 2.165797365264751306e+00
1.222644954202661838e-01 2.379780282941183600e+00
1.233050443169315669e-01 2.520532189749680185e+00
1.243455932135969499e-01 2.905207608670103525e+00
1.253861421102623330e-01 3.152154966162342475e+00
1.264266910069277161e-01 3.617443879449140809e+00
1.274672399035930992e-01 4.358182822854224980e+00
1.285077888002584823e-01 6.377528145968696549e+00
1.295483376969238654e-01 9.292856191286034573e+00
1.305888865935892484e-01 1.718359055748621955e+01
1.316294354902546315e-01 3.132671938926924327e+01
1.326699843869200146e-01 4.092713430727764745e+01
1.337105332835853977e-01 3.475792427009910313e+01
1.347510821802507808e-01 2.111206739836025292e+01
1.357916310769161639e-01 1.241682175168777036e+01
1.368321799735815469e-01 9.323852466822280860e+00
1.378727288702469300e-01 8.185514530185216131e+00
1.389132777669123131e-01 7.353467703017415147e+00
1.399538266635776962e-01 6.899112542721439922e+00
1.409943755602430793e-01 6.996750879306837589e+00
1.420349244569084624e-01 7.157543197756702114e+00
1.430754733535738454e-01 6.947584820781045778e+00
1.441160222502392285e-01 7.006757534104380625e+00
1.451565711469046116e-01 7.211669759222061771e+00
1.461971200435699947e-01 6.848964521492064250e+00
1.472376689402353778e-01 6.873690777959836851e+00
1.482782178369007609e-01 7.597580789291157544e+00
1.493187667335661439e-01 8.458712636453149969e+00
1.503593156302315270e-01 9.893284784736287918e+00
1.513998645268969101e-01 1.347235533819078768e+01
1.524404134235622932e-01 2.169514624719318618e+01
1.534809623202276763e-01 3.849686852389398695e+01
1.545215112168930593e-01 6.150774253080709997e+01
1.555620601135584424e-01 7.648590477987795566e+01
1.566026090102238255e-01 6.617230887761968461e+01
1.576431579068892086e-01 4.249465318490032928e+01
1.586837068035545917e-01 2.547844746361177215e+01
1.597242557002199748e-01 1.889682341686884115e+01
1.607648045968853578e-01 1.826282304669737755e+01
1.618053534935507409e-01 2.011631626823394470e+01
1.628459023902161240e-01 1.899337710690544156e+01
1.638864512868815071e-01 1.385314112658928565e+01
1.649270001835468902e-01 8.263853399010756107e+00
1.659675490802122733e-01 4.793350843979197862e+00
1.670080979768776563e-01 3.215727570545922731e+00
1.680486468735430672e-01 2.445094895014811698e+00
1.690891957702084503e-01 2.196491785280869635e+00
1.701297446668738333e-01 1.979040490386985596e+00
1.711702935635392164e-01 1.791064365015326842e+00
1.722108424602045995e-01 1.666777309740421487e+00
1.732513913568699826e-01 1.544771884878358037e+00
1.742919402535353657e-01 1.119359621081663647e+00
1.753324891502007488e-01 9.664294199654221984e-01
1.763730380468661318e-01 8.792995876336249239e-01
1.774135869435315149e-01 1.193963732783632992e+00
1.784541358401968980e-01 1.107528716930900714e+00
1.794946847368622811e-01 8.368157235034843211e-01
1.805352336335276642e-01 9.594296865456755086e-01
1.815757825301930473e-01 9.780512406877015508e-01
1.826163314268584303e-01 8.097350147960646893e-01
1.836568803235238134e-01 6.103301426010574460e-01
1.846974292201891965e-01 6.715897680062674624e-01
1.857379781168545796e-01 7.395430698632736721e-01
1.867785270135199627e-01 8.343985701744216499e-01
1.878190759101853458e-01 8.358050869216455681e-01
1.888596248068507288e-01 8.601259688084184063e-01
1.899001737035161119e-01 1.066169424529086029e+00
1.909407226001814950e-01 6.558342252118265492e-01
1.919812714968468781e-01 4.635231272301609806e-01
1.930218203935122612e-01 5.995850889727130095e-01
1.940623692901776443e-01 7.574721375656068290e-01
1.951029181868430273e-01 5.051968476037025368e-01
1.961434670835084104e-01 2.559879140505501027e-01
1.971840159801737935e-01 3.945133811620173958e-01
1.982245648768391766e-01 3.439615458482698784e-01
1.992651137735045597e-01 7.501267591793627787e-01
2.003056626701699428e-01 6.641203474105026316e-01
2.013462115668353813e-01 8.803503958034113452e-01
2.023867604635007644e-01 1.384816260893689588e+00
2.034273093601661475e-01 1.289272914879546761e+00
2.044678582568315306e-01 1.544547840528011307e+00
2.055084071534969137e-01 1.449042634919234018e+00
2.065489560501622968e-01 1.806287009949432587e+00
2.075895049468276798e-01 2.715445458196011685e+00
2.086300538434930629e-01 2.823662089651531204e+00
2.096706027401584460e-01 2.942201968428914682e+00
2.107111516368238291e-01 2.814935205106625205e+00
2.117517005334892122e-01 2.167683995169543465e+00
2.127922494301545953e-01 1.541719301296311073e+00
2.138327983268199783e-01 8.526631927832113433e-01
2.148733472234853614e-01 6.992427391946662851e-01
2.159138961201507445e-01 6.342338674645304764e-01
2.169544450168161276e-01 7.174956562794427839e-01
2.179949939134815107e-01 1.018465666052019714e+00
2.190355428101468938e-01 8.315587198161047411e-01
2.200760917068122768e-01 9.991645647456515178e-01
2.211166406034776599e-01 1.151384175870987292e+00
2.221571895001430430e-01 1.026314467660487395e+00
2.231977383968084261e-01 1.232659099906232569e+00
2.242382872934738092e-01 1.295525525540217160e+00
2.252788361901391923e-01 1.718612378608945335e+00
2.263193850868045753e-01 2.112298858623145037e+00
2.273599339834699584e-01 2.622473123767811387e+00
2.284004828801353415e-01 3.520743341605381715e+00
2.294410317768007246e-01 4.460651770691303142e+00
2.304815806734661077e-01 4.646269752735086911e+00
2.315221295701314908e-01 3.780471756866319311e+00
2.325626784667968738e-01 2.824298340546182118e+00
2.336032273634622569e-01 1.930716103974191356e+00
2.346437762601276400e-01 1.918879733677027133e+00
2.356843251567930231e-01 1.751270697403214172e+00
2.367248740534584062e-01 1.416602598800750457e+00
2.377654229501237892e-01 1.408422767870003867e+00
2.388059718467891723e-01 1.753339605837687998e+00
2.398465207434545554e-01 1.770731499607634873e+00
2.408870696401199385e-01 2.383880816031588523e+00
2.419276185367853216e-01 3.168494667953030586e+00
2.429681674334507047e-01 3.764067192177495969e+00
2.440087163301160877e-01 3.973418742607353948e+00
2.450492652267814708e-01 3.474775080202583410e+00
2.460898141234468539e-01 2.721318112711095694e+00
2.471303630201122370e-01 1.958858043009517047e+00
2.481709119167776201e-01 1.398375456359531199e+00
2.492114608134430032e-01 1.127311135593362934e+00
2.502520097101083585e-01 8.525694527806066958e-01
2.512925586067737416e-01 1.062869786243464176e+00
2.523331075034391247e-01 8.606190664027195680e-01
2.533736564001045077e-01 6.031110692164247666e-01
2.544142052967698908e-01 5.396559295841427684e-01
2.554547541934352739e-01 3.614254738647311171e-01
2.564953030901006570e-01 2.951994208326063074e-01
2.575358519867660401e-01 4.071427475654623152e-01
2.585764008834314231e-01 5.926437104442463522e-01
2.596169497800968062e-01 4.060019294352485986e-01
2.606574986767621893e-01 1.737737116986721730e-01
2.616980475734275724e-01 0.000000000000000000e+00
2.627385964700929555e-01 2.078687361388027455e-01
2.637791453667583386e-01 5.293608475352193921e-01
2.648196942634237216e-01 7.120775688291409722e-01
2.658602431600891047e-01 7.667521597813191647e-01
2.669007920567544878e-01 6.183631287833790680e-01
2.679413409534198709e-01 5.141663849670088382e-01
2.689818898500852540e-01 3.386612403134989790e-01
2.700224387467506371e-01 4.228710659640562142e-01
2.710629876434160201e-01 4.169199921748969473e-01
2.721035365400814032e-01 6.496955073251164947e-01
2.731440854367467863e-01 5.669885437952366658e-01
2.741846343334121694e-01 2.765967598912340009e-01
2.752251832300775525e-01 3.573481766645620894e-01
2.762657321267429356e-01 3.681075911621647379e-01
2.773062810234083186e-01 1.826821073896418568e-01
2.783468299200737017e-01 1.226751317483802950e-01
2.793873788167390848e-01 3.019107609619808841e-02
2.804279277134044679e-01 4.474958327093041532e-01
2.814684766100698510e-01 4.586976191695200100e-01
2.825090255067352341e-01 3.486671606088620479e-01
2.835495744034006171e-01 2.405527693914422116e-01
2.845901233000660002e-01 4.416176313960704647e-01
2.856306721967313833e-01 7.811271920366209542e-01
2.866712210933967664e-01 4.890866032766325588e-01
2.877117699900621495e-01 3.512988740834543933e-01
2.887523188867275326e-01 4.883175062221809526e-01
2.897928677833929156e-01 5.418864852642215624e-01
2.908334166800582987e-01 6.454809680625039903e-01
2.918739655767236818e-01 6.759195806136553131e-01
2.929145144733890649e-01 4.494668829990118297e-01
2.939550633700544480e-01 5.782739242860657214e-01
2.949956122667198311e-01 5.881104477508429795e-01
2.960361611633852141e-01 5.680140522806453873e-01
2.970767100600505972e-01 6.025891567719909858e-01
2.981172589567159803e-01 6.902366379360316273e-01
2.991578078533813634e-01 6.249708729335914370e-01
3.001983567500468020e-01 6.932360049033796656e-01
3.012389056467121851e-01 6.229470615113932297e-01
3.022794545433775681e-01 5.011775072089363903e-01
3.033200034400429512e-01 5.923673612982653935e-01
3.043605523367083343e-01 5.376402308822072484e-01
3.054011012333737174e-01 9.995527925309843909e-01
3.064416501300391005e-01 1.168786303326761811e+00
3.074821990267044836e-01 1.270672824268473278e+00
3.085227479233698666e-01 1.191729628336648972e+00
3.095632968200352497e-01 1.295726791146854850e+00
3.106038457167006328e-01 1.131210642738324168e+00
3.116443946133660159e-01 9.575611502062173486e-01
3.126849435100313990e-01 8.628621342142643869e-01
3.137254924066967821e-01 9.330267260142832697e-01
3.147660413033621651e-01 8.754236102427483956e-01
3.158065902000275482e-01 5.925794091395708563e-01
3.168471390966929313e-01 4.277742284341101708e-01
3.178876879933583144e-01 3.870084157257807078e-01
3.189282368900236975e-01 6.554596863178012711e-01
3.199687857866890806e-01 5.878242842811438607e-01
3.210093346833544636e-01 5.013805181859858351e-01
3.220498835800198467e-01 5.414097380689284478e-01
3.230904324766852298e-01 6.557010716937448080e-01
3.241309813733506129e-01 7.038915878089717637e-01
3.251715302700159960e-01 7.059187902930936787e-01
3.262120791666813790e-01 8.098519841665954289e-01
3.272526280633467621e-01 7.573185841480487568e-01
3.282931769600121452e-01 5.350163473744586895e-01
3.293337258566775283e-01 4.786936745982011132e-01
3.303742747533429114e-01 7.133133091195738018e-01
3.314148236500082945e-01 6.156365263448861924e-01
3.324553725466736775e-01 9.712996931201764994e-01
3.334959214433390606e-01 9.236587957315585129e-01
3.345364703400044437e-01 8.729305774274997987e-01
3.355770192366698268e-01 9.627854818837064954e-01
3.366175681333352099e-01 9.623848733127644550e-01
3.376581170300005930e-01 7.033563371486550864e-01
3.386986659266659760e-01 5.696496678993270280e-01
3.397392148233313591e-01 7.498957456722763482e-01
3.407797637199967422e-01 7.746043652264447132e-01
3.418203126166621253e-01 6.375717085897782965e-01
3.428608615133275084e-01 3.029532816135507289e-01
3.439014104099928915e-01 1.632431069767150689e-01
3.449419593066582745e-01 2.813776602928470538e-01
3.459825082033236576e-01 4.943969704881432392e-01
3.470230570999890407e-01 3.389573928148941206e-01
3.480636059966544238e-01 5.070505295373770593e-01
3.491041548933198069e-01 7.012485867780462456e-01
3.501447037899851900e-01 6.678466084818559523e-01
3.511852526866505730e-01 4.692152464268630752e-01
3.522258015833159561e-01 3.948127520415276592e-01
3.532663504799813392e-01 2.684618192829759664e-01
3.543068993766467223e-01 2.250282096516436070e-01
3.553474482733121054e-01 4.178435468191281643e-01
3.563879971699774885e-01 3.339909235351505856e-01
3.574285460666428715e-01 3.488102923181095605e-01
3.584690949633082546e-01 3.986354538020364657e-01
3.595096438599736377e-01 2.931328755438471489e-01
3.605501927566390208e-01 2.783346822755881078e-01
3.615907416533044039e-01 4.361443768002359889e-01
3.626312905499697870e-01 4.742120205224473750e-01
3.636718394466351700e-01 4.165975934893566546e-01
3.647123883433005531e-01 3.662205723027369686e-01
3.657529372399659362e-01 6.230575159929010454e-01
3.667934861366313193e-01 4.811729964812343496e-01
3.678340350332967024e-01 3.880571830419725643e-01
3.688745839299620854e-01 5.164753515096300873e-01
3.699151328266274685e-01 2.539757923638745751e-01
3.709556817232928516e-01 2.976199819117120171e-01
3.719962306199582347e-01 6.484827555719014924e-01
3.730367795166236178e-01 6.459505824585285438e-01
3.740773284132890009e-01 6.777149038776109080e-01
3.751178773099543839e-01 6.405425035618712570e-01
3.761584262066197670e-01 6.879630333392832142e-01
3.771989751032851501e-01 5.815524421142939104e-01
3.782395239999505332e-01 5.664788563656379949e-01
3.792800728966159163e-01 6.080643072461846543e-01
3.803206217932812994e-01 5.460339384652712624e-01
3.813611706899466824e-01 5.298582910127898060e-01
3.824017195866120655e-01 3.265431795474924570e-01
3.834422684832774486e-01 4.513648406735555341e-01
3.844828173799428317e-01 6.055803979744531773e-01
3.855233662766082148e-01 5.278008972460170867e-01
3.865639151732735979e-01 4.996906249300465674e-01
3.876044640699389809e-01 3.563255433487704238e-01
3.886450129666043640e-01 3.242969990192712260e-01
3.896855618632697471e-01 5.503642768159053844e-01
3.907261107599351302e-01 5.941918814848285990e-01
3.917666596566005133e-01 5.114560199341084967e-01
3.928072085532658964e-01 6.910469219448067690e-01
3.938477574499312794e-01 6.674001503588975481e-01
3.948883063465966625e-01 5.406495262912294208e-01
3.959288552432620456e-01 7.342044124203397359e-01
3.969694041399274287e-01 6.976344964556133732e-01
3.980099530365928118e-01 5.776615123030417465e-01
3.990505019332581949e-01 6.707470313621577418e-01
4.000910508299235779e-01 6.947336677976068131e-01
4.011315997265889610e-01 5.650969127623284294e-01
4.021721486232543441e-01 3.849097429726278108e-01
4.032126975199197272e-01 3.627374708558335215e-01
4.042532464165851103e-01 5.315683256597800721e-01
4.052937953132504934e-01 6.337804754952749420e-01
4.063343442099158764e-01 7.221574237025443210e-01
4.073748931065812595e-01 8.205246832354866626e-01
4.084154420032466426e-01 6.468712263528111350e-01
4.094559908999120257e-01 6.167179083196110412e-01
4.104965397965774088e-01 5.742097131807248900e-01
4.115370886932427918e-01 4.327634034976490796e-01
4.125776375899081749e-01 4.035714118460376199e-01
4.136181864865735580e-01 4.924404712492851388e-01
4.146587353832389411e-01 8.162587095234137280e-01
4.156992842799043242e-01 8.266801832981904852e-01
4.167398331765697073e-01 5.453246442101509217e-01
4.177803820732350903e-01 6.409211476433966936e-01
4.188209309699004734e-01 6.522867773888343379e-01
4.198614798665658565e-01 3.679955322821228947e-01
4.209020287632312396e-01 3.856200900187012337e-01
4.219425776598966227e-01 3.891511669311427113e-01
4.229831265565620058e-01 4.336176283153783118e-01
4.240236754532273888e-01 3.871861781623699983e-01
4.250642243498927719e-01 4.213967300924963411e-01
4.261047732465581550e-01 5.407585465840298866e-01
4.271453221432235381e-01 5.050272940577293923e-01
4.281858710398889212e-01 3.215019756495536285e-01
4.292264199365543043e-01 3.161483988476163631e-01
4.302669688332196873e-01 4.678766085843300004e-01
4.313075177298850704e-01 6.770696039737131855e-01
4.323480666265504535e-01 6.211195039071064627e-01
4.333886155232158366e-01 5.829997172775236436e-01
4.344291644198812197e-01 4.577661044720819916e-01
4.354697133165466028e-01 4.488065313107085785e-01
4.365102622132119858e-01 2.122414437813020527e-01
4.375508111098773689e-01 2.965435187490470526e-01
4.385913600065427520e-01 4.962414377908537233e-01
4.396319089032081351e-01 4.564963730006290632e-01
4.406724577998735182e-01 3.233559859478489784e-01
4.417130066965389013e-01 3.796225457535236103e-01
4.427535555932042843e-01 3.309469301515122197e-01
4.437941044898696674e-01 4.047136857110800179e-01
4.448346533865350505e-01 5.448716805543121211e-01
4.458752022832004336e-01 6.424990635256939697e-01
4.469157511798658167e-01 5.683644438252102304e-01
4.479563000765311997e-01 6.341851267294984495e-01
4.489968489731965828e-01 5.717427230085405654e-01
4.500373978698619659e-01 5.339711842423255916e-01
4.510779467665273490e-01 4.384822180183256535e-01
4.521184956631927321e-01 1.360193246311069970e-01
4.531590445598581152e-01 2.561309190020573112e-01
4.541995934565234982e-01 4.241997956515533019e-01
4.552401423531888813e-01 6.036373760791136078e-01
4.562806912498542644e-01 5.704689211652329561e-01
4.573212401465196475e-01 4.263578584092257984e-01
4.583617890431850306e-01 3.566368032766327190e-01
4.594023379398504137e-01 4.173774321602223836e-01
4.604428868365157967e-01 3.649318792588154281e-01
4.614834357331811798e-01 5.147588151082018726e-01
4.625239846298465629e-01 6.255510356874189881e-01
4.635645335265119460e-01 6.323092481571208623e-01
4.646050824231773291e-01 4.384662024612673292e-01
4.656456313198427122e-01 4.039523674345701920e-01
4.666861802165080952e-01 5.616858004455380637e-01
4.677267291131734783e-01 5.878571583477274487e-01
4.687672780098388614e-01 6.530087906451278457e-01
4.698078269065042445e-01 5.703915460456698838e-01
4.708483758031696276e-01 5.467802143135180870e-01
4.718889246998350107e-01 4.436449653160039475e-01
4.729294735965003937e-01 3.739528266916281041e-01
4.739700224931657768e-01 4.792818046022659928e-01
4.750105713898311599e-01 4.528447812344005285e-01
4.760511202864965430e-01 4.640972067370086052e-01
4.770916691831619261e-01 6.676768565676667322e-01
4.781322180798273092e-01 6.651263840088361690e-01
4.791727669764926922e-01 6.755356427996446200e-01
4.802133158731580753e-01 5.881455565410895758e-01
4.812538647698234584e-01 4.801560741908836860e-01
4.822944136664888415e-01 6.320090452556357263e-01
4.833349625631542246e-01 5.195197660996164757e-01
4.843755114598196077e-01 4.495209149025853890e-01
4.854160603564849907e-01 4.930843417774894988e-01
4.864566092531503738e-01 4.908914404781512530e-01
4.874971581498157569e-01 3.866464352041525387e-01
4.885377070464811400e-01 4.333554676697275454e-01
4.895782559431465231e-01 5.849481750467404595e-01
4.906188048398119061e-01 6.183794687466921403e-01
4.916593537364772892e-01 7.272185405757021215e-01
4.926999026331426723e-01 7.450393664792755999e-01
4.937404515298080554e-01 6.976971487401506522e-01
4.947810004264734385e-01 7.288093887612312471e-01
4.958215493231388216e-01 5.024814230567571371e-01
4.968620982198042046e-01 3.458706711136052547e-01
4.979026471164695877e-01 4.797602601482360285e-01
4.989431960131349708e-01 6.803166671701461610e-01
4.999837449098003539e-01 6.359284314598028232e-01
5.010242938064657370e-01 5.044437719988827951e-01
5.020648427031311201e-01 5.125933977477075132e-01
5.031053915997965031e-01 5.269201553658149351e-01
5.041459404964618862e-01 6.382179345718661523e-01
5.051864893931272693e-01 6.425396659460105298e-01
5.062270382897926524e-01 4.335976520962319114e-01
5.072675871864580355e-01 5.682757481329261395e-01
5.083081360831234186e-01 4.297439465080721277e-01
5.093486849797888016e-01 4.279053062829589749e-01
5.103892338764541847e-01 6.840606107213176301e-01
5.114297827731195678e-01 5.969958558042200991e-01
5.124703316697849509e-01 3.744942659005126018e-01
5.135108805664503340e-01 3.238489720331259036e-01
5.145514294631157171e-01 2.573380184756111078e-01
5.155919783597811001e-01 3.200855624874527905e-01
5.166325272564464832e-01 4.959785909081233513e-01
5.176730761531118663e-01 5.232455905809700880e-01
5.187136250497772494e-01 7.342867265036510105e-01
5.197541739464426325e-01 6.067773165254237711e-01
5.207947228431080156e-01 6.116427622704421196e-01
5.218352717397733986e-01 5.871040666845281919e-01
5.228758206364387817e-01 4.819824437000015394e-01
5.239163695331041648e-01 5.592274200386917471e-01
5.249569184297695479e-01 5.765188545212858173e-01
5.259974673264349310e-01 4.633702448009664465e-01
5.270380162231003141e-01 6.029390365625424408e-01
5.280785651197656971e-01 4.791310062088633970e-01
5.291191140164310802e-01 4.270050097048248006e-01
5.301596629130964633e-01 4.149003356896905359e-01
5.312002118097618464e-01 4.826541183900268095e-01
5.322407607064272295e-01 4.761662611075117013e-01
5.332813096030926125e-01 3.756913379282096344e-01
5.343218584997581067e-01 5.249292032562848931e-01
5.353624073964233787e-01 5.378720139320236626e-01
5.364029562930888728e-01 5.641075946462486002e-01
5.374435051897541449e-01 5.580105626931413099e-01
5.384840540864196390e-01 6.365475026323572649e-01
5.395246029830849110e-01 7.186147429241778184e-01
5.405651518797504052e-01 5.792465922467187056e-01
5.416057007764156772e-01 5.506278286479968642e-01
5.426462496730811713e-01 6.738688600706268517e-01
5.436867985697464434e-01 5.934887003443733988e-01
5.447273474664119375e-01 4.721768793063318981e-01
5.457678963630772095e-01 4.979964862794084013e-01
5.468084452597427036e-01 5.905420533514842418e-01
5.478489941564079757e-01 6.559877291947628919e-01
5.488895430530734698e-01 6.256798351805947789e-01
5.499300919497387419e-01 5.997927356035610558e-01
5.509706408464042360e-01 6.745343539938772892e-01
5.520111897430695080e-01 4.685237579907060024e-01
5.530517386397350021e-01 5.837623580088049380e-01
5.540922875364002742e-01 5.952835340751541082e-01
5.551328364330657683e-01 7.483730185266068702e-01
5.561733853297310404e-01 6.597040764883992381e-01
5.572139342263965345e-01 5.710085304835494924e-01
5.582544831230618065e-01 5.273152929323607907e-01
5.592950320197273006e-01 5.173127016694962776e-01
5.603355809163925727e-01 5.479978524471604828e-01
5.613761298130580668e-01 5.326622719894373859e-01
5.624166787097233389e-01 4.464160770840628345e-01
5.634572276063888330e-01 4.822064484666732653e-01
5.644977765030541050e-01 4.775665878217800753e-01
5.655383253997195991e-01 5.274928312713456080e-01
5.665788742963848712e-01 5.811814536514852136e-01
5.676194231930503653e-01 6.262420621640352181e-01
5.686599720897156374e-01 6.044128782228561647e-01
5.697005209863811315e-01 6.859218474702721835e-01
5.707410698830464035e-01 6.123105193456304107e-01
5.717816187797118976e-01 5.669146902287991452e-01
5.728221676763771697e-01 3.058737710357597450e-01
5.738627165730426638e-01 3.702067492202374410e-01
5.749032654697079359e-01 4.708804399610784230e-01
5.759438143663734300e-01 4.371206197969641494e-01
5.769843632630387020e-01 3.536741123883651028e-01
5.780249121597041961e-01 4.810651907326963794e-01
5.790654610563694682e-01 5.415110842556316584e-01
5.801060099530349623e-01 4.692856137956020746e-01
5.811465588497002344e-01 5.157587034163704232e-01
5.821871077463657285e-01 6.999818579986367695e-01
5.832276566430310005e-01 4.816796717726852251e-01
5.842682055396964946e-01 4.050076401037152607e-01
5.853087544363617667e-01 6.766560644939616509e-01
5.863493033330272608e-01 7.452175882664846540e-01
5.873898522296925329e-01 7.072701932427918337e-01
5.884304011263580270e-01 6.382735823892247140e-01
5.894709500230232990e-01 7.209943141576964365e-01
5.905114989196887931e-01 6.945672926862194174e-01
5.915520478163540652e-01 4.835538195936237571e-01
5.925925967130195593e-01 5.893374335705949818e-01
5.936331456096848314e-01 4.915786201857237359e-01
5.946736945063503255e-01 4.874538052063215332e-01
5.957142434030155975e-01 6.385687158357562510e-01
5.967547922996810916e-01 5.649178863918358218e-01
5.977953411963463637e-01 5.954720470344909700e-01
5.988358900930118578e-01 8.090151893477717238e-01
5.998764389896771299e-01 6.783020068201182085e-01
