# q (1/Angstrom), I (arb)
3.028500007152557655e-02 2.906270815126130174e+02
3.085500021457673533e-02 2.862182089543459824e+02
3.142500035762788718e-02 2.841550377274766106e+02
3.199500050067904250e-02 2.817941322277702056e+02
3.256500064373019782e-02 2.801456899910803600e+02
3.313500078678135313e-02 2.788245827518030637e+02
3.370500092983251539e-02 2.758447664963386501e+02
3.427500107288366377e-02 2.728324441206154916e+02
3.484500121593482602e-02 2.709641521701623788e+02
3.541500135898597440e-02 2.692550917423588430e+02
3.598500150203713666e-02 2.670236406699781924e+02
3.655500164508829197e-02 2.642554364424308915e+02
3.712500178813944729e-02 2.616633879672658622e+02
3.769500193119060261e-02 2.597222873550899180e+02
3.826500207424176486e-02 2.572281969587183994e+02
3.883500221729291324e-02 2.542203635237383708e+02
3.940500236034407550e-02 2.517112812954608216e+02
3.997500250339522387e-02 2.492450512738018631e+02
4.054500264644638613e-02 2.466531482120755925e+02
4.111500278949753451e-02 2.442438873891257742e+02
4.168500293254869676e-02 2.413222263844953943e+02
4.225500307559985208e-02 2.383690558124871757e+02
4.282500321865100740e-02 2.353824709578551335e+02
4.339500336170216271e-02 2.328665481615358601e+02
4.396500350475332497e-02 2.303873848028169391e+02
4.453500364780447335e-02 2.276050076350540792e+02
4.510500379085563560e-02 2.245178077653046103e+02
4.567500393390679092e-02 2.212302375329553001e+02
4.624500407695794624e-02 2.184306638327872463e+02
4.681500422000909462e-02 2.155257233865227988e+02
4.738500436306025687e-02 2.124547737929629818e+02
4.795500450611141219e-02 2.094201865492668446e+02
4.852500464916256750e-02 2.067692203784188223e+02
4.909500479221372282e-02 2.045356529560403374e+02
4.966500493526487814e-02 2.020061252546699393e+02
5.023500507831603346e-02 1.997410582794563538e+02
5.080500522136719571e-02 1.970365605329209302e+02
5.137500536441835103e-02 1.943735731799415589e+02
5.194500550746949941e-02 1.915848106191400007e+02
5.251500565052065472e-02 1.882076036855052905e+02
5.308500579357181698e-02 1.848316167791181783e+02
5.365500593662297230e-02 1.820232861044513584e+02
5.422500607967412067e-02 1.793570425527346970e+02
5.479500622272528987e-02 1.769749525321951182e+02
5.536500636577643825e-02 1.739758539523755019e+02
5.593500650882759356e-02 1.706602053771448766e+02
5.650500665187874194e-02 1.680653210976587388e+02
5.707500679492991114e-02 1.653552334284108838e+02
5.764500693798105951e-02 1.629082274132420309e+02
5.821500708103222177e-02 1.605309410622437554e+02
5.878500722408337709e-02 1.579025943751553882e+02
5.935500736713453240e-02 1.546578945907691889e+02
5.992500751018568078e-02 1.514606804206368906e+02
6.049500765323683610e-02 1.488168791676471869e+02
6.106500779628799835e-02 1.464972392284363707e+02
6.163500793933916061e-02 1.440413541944003839e+02
6.220500808239031593e-02 1.415680863402026830e+02
6.277500822544146430e-02 1.391610473951906499e+02
6.334500836849261962e-02 1.364792562330838166e+02
6.391500851154377494e-02 1.338847357262065145e+02
6.448500865459493026e-02 1.315956933153346142e+02
6.505500879764608557e-02 1.294555276383528621e+02
6.562500894069725477e-02 1.267789197177942953e+02
6.619500908374841008e-02 1.240529057177695051e+02
6.676500922679955152e-02 1.214497237620467729e+02
6.733500936985070684e-02 1.189429970748955157e+02
6.790500951290186216e-02 1.166136886399508228e+02
6.847500965595303135e-02 1.141360726908204555e+02
6.904500979900417279e-02 1.118994824883630486e+02
6.961500994205534198e-02 1.096358711875244865e+02
7.018501008510649730e-02 1.070349964702963348e+02
7.075501022815765262e-02 1.049280880735479400e+02
7.132501037120879406e-02 1.032139865628386985e+02
7.189501051425994937e-02 1.009664320720056594e+02
7.246501065731111857e-02 9.896909259938271930e+01
7.303501080036227389e-02 9.705025827833577523e+01
7.360501094341342920e-02 9.457810994065866339e+01
7.417501108646458452e-02 9.245701838570030873e+01
7.474501122951573984e-02 9.023547309690323459e+01
7.531501137256689515e-02 8.805553658925434490e+01
7.588501151561805047e-02 8.586388923082411395e+01
7.645501165866920579e-02 8.370821208650156109e+01
7.702501180172037498e-02 8.172256724632794089e+01
7.759501194477153030e-02 7.999779161935194338e+01
7.816501208782267174e-02 7.834501571878820414e+01
7.873501223087382705e-02 7.640832485686102871e+01
7.930501237392498237e-02 7.429284563038174838e+01
7.987501251697615157e-02 7.234655909668245499e+01
8.044501266002730688e-02 7.052219834888489913e+01
8.101501280307846220e-02 6.875567593287814816e+01
8.158501294612961752e-02 6.686134341507226964e+01
8.215501308918077283e-02 6.526048842019879714e+01
8.272501323223191427e-02 6.368932012944704013e+01
8.329501337528306959e-02 6.184877893965737883e+01
8.386501351833425266e-02 6.021178963116572902e+01
8.443501366138539410e-02 5.876839074757253911e+01
8.500501380443654942e-02 5.729536981943552831e+01
8.557501394748770474e-02 5.572529110421260157e+01
8.614501409053886005e-02 5.398826147227156724e+01
8.671501423359001537e-02 5.254027266554830788e+01
8.728501437664115681e-02 5.123601907257913979e+01
8.785501451969233988e-02 4.984915356594207481e+01
8.842501466274349520e-02 4.838589674680503094e+01
8.899501480579463664e-02 4.693628295496737479e+01
8.956501494884579195e-02 4.557907662094073942e+01
9.013501509189694727e-02 4.429524957588388645e+01
9.070501523494810259e-02 4.309688875945654729e+01
9.127501537799927178e-02 4.198478812813195304e+01
9.184501552105042710e-02 4.075519673779444929e+01
9.241501566410158242e-02 3.937220963499405713e+01
9.298501580715273773e-02 3.821611382527752454e+01
9.355501595020387917e-02 3.725671047902321220e+01
9.412501609325503449e-02 3.626845951966032544e+01
9.469501623630618981e-02 3.528607051170806841e+01
9.526501637935735900e-02 3.431109293744096789e+01
9.583501652240851432e-02 3.315322367676580484e+01
9.640501666545966963e-02 3.197841577578131478e+01
9.697501680851082495e-02 3.110842973183812887e+01
9.754501695156198027e-02 3.034212490832604914e+01
9.811501709461312171e-02 2.946692697824904172e+01
9.868501723766430478e-02 2.866425150164414504e+01
9.925501738071546010e-02 2.786852657002091860e+01
9.982501752376660153e-02 2.707264279281589126e+01
1.003950176668177569e-01 2.624296773225595558e+01
1.009650178098689122e-01 2.530335577785853829e+01
1.015350179529200675e-01 2.450912358443501304e+01
1.021050180959712228e-01 2.380574183398083576e+01
1.026750182390223920e-01 2.305330342910844976e+01
1.032450183820735473e-01 2.240895627252318079e+01
1.038150185251247026e-01 2.173106704799782563e+01
1.043850186681758441e-01 2.103379477684589460e+01
1.049550188112269994e-01 2.034904459388909004e+01
1.055250189542781547e-01 1.965326458352539518e+01
1.060950190973293239e-01 1.888262505470082075e+01
1.066650192403804792e-01 1.821316194542827205e+01
1.072350193834316345e-01 1.764363534709709214e+01
1.078050195264827898e-01 1.709667766468595218e+01
1.083750196695339452e-01 1.646934344874944856e+01
1.089450198125850866e-01 1.599050153191864965e+01
1.095150199556362419e-01 1.544159421304620494e+01
1.100850200986874250e-01 1.485852662015800973e+01
1.106550202417385664e-01 1.433293063874291562e+01
1.112250203847897218e-01 1.384054381589426796e+01
1.117950205278408771e-01 1.338478397756554372e+01
1.123650206708920324e-01 1.274404551011836517e+01
1.129350208139431877e-01 1.226794060654398422e+01
1.135050209569943291e-01 1.195755485429486242e+01
1.140750211000455122e-01 1.152635025300778082e+01
1.146450212430966675e-01 1.103190005144152153e+01
1.152150213861478090e-01 1.066474831430076264e+01
1.157850215291989643e-01 1.027060554030537887e+01
1.163550216722501196e-01 9.912261782769437701e+00
1.169250218153012749e-01 9.646029399466083731e+00
1.174950219583524441e-01 9.346303007369272109e+00
1.180650221014035994e-01 8.958910566168363232e+00
1.186350222444547547e-01 8.659155558743016456e+00
1.192050223875059101e-01 8.434529391841220303e+00
1.197750225305570515e-01 8.135422622274930404e+00
1.203450226736082068e-01 7.800037268435751514e+00
1.209150228166593621e-01 7.468165681977069426e+00
1.214850229597105313e-01 7.222070138025035391e+00
1.220550231027616866e-01 7.052887855844733878e+00
1.226250232458128420e-01 6.715488617064419685e+00
1.231950233888639973e-01 6.443084190180552895e+00
1.237650235319151526e-01 6.222420899824225415e+00
1.243350236749662940e-01 5.859936071557168447e+00
1.249050238180174771e-01 5.641375091288381327e+00
1.254750239610686324e-01 5.527002220058356841e+00
1.260450241041197739e-01 5.499508388241363122e+00
1.266150242471709431e-01 5.270308284586629810e+00
1.271850243902220845e-01 5.002271562623960222e+00
1.277550245332732259e-01 4.831788935240492577e+00
1.283250246763243951e-01 4.802025125920181381e+00
1.288950248193755643e-01 4.622766744154272800e+00
1.294650249624267058e-01 4.452921895909508265e+00
1.300350251054778750e-01 4.406266066677179793e+00
1.306050252485290164e-01 4.280628016268252622e+00
1.311750253915801856e-01 4.087194282457115690e+00
1.317450255346313270e-01 3.857067385766626444e+00
1.323150256776824685e-01 3.619787457669058739e+00
1.328850258207336377e-01 3.442244251153724122e+00
1.334550259637848069e-01 3.298094920164416521e+00
1.340250261068359483e-01 3.194507379329866836e+00
1.345950262498871175e-01 3.157292691020135322e+00
1.351650263929382589e-01 3.159448176307797951e+00
1.357350265359894281e-01 3.153579369459034609e+00
1.363050266790405696e-01 3.075986424254978147e+00
1.368750268220917110e-01 2.924536788449415781e+00
1.374450269651429080e-01 2.821090668617696195e+00
1.380150271081940494e-01 2.763347449697992175e+00
1.385850272512451908e-01 2.764299643534020134e+00
1.391550273942963600e-01 2.712762425521155762e+00
1.397250275373475015e-01 2.627317673676596854e+00
1.402950276803986707e-01 2.522279600566079694e+00
1.408650278234498399e-01 2.448315335561851214e+00
1.414350279665009813e-01 2.429890944747775450e+00
1.420050281095521505e-01 2.479854868571177207e+00
1.425750282526032919e-01 2.514043810377643240e+00
1.431450283956544334e-01 2.462274272400957642e+00
1.437150285387056026e-01 2.391354201715774508e+00
1.442850286817567440e-01 2.385358847108623337e+00
1.448550288248079132e-01 2.381673940388704835e+00
1.454250289678590824e-01 2.416726180658852030e+00
1.459950291109102238e-01 2.377552841998557653e+00
1.465650292539613930e-01 2.302792597797274965e+00
1.471350293970125345e-01 2.258474342011137281e+00
1.477050295400636759e-01 2.203472310719245542e+00
1.482750296831148729e-01 2.146699233778619487e+00
1.488450298261660143e-01 2.117772784941838182e+00
1.494150299692171557e-01 2.093750958580550048e+00
1.499850301122683249e-01 2.066973138712359770e+00
1.505550302553194664e-01 2.058041966439827064e+00
1.511250303983706356e-01 2.052520484618742813e+00
1.516950305414217770e-01 2.016632937392042635e+00
1.522650306844729462e-01 2.022986556213243858e+00
1.528350308275241154e-01 2.054942299138819095e+00
1.534050309705752568e-01 2.015234382811470937e+00
1.539750311136264260e-01 2.016004209124449886e+00
1.545450312566775675e-01 2.016323393326949542e+00
1.551150313997287089e-01 1.947834329349788618e+00
1.556850315427799059e-01 1.923693879326553002e+00
1.562550316858310473e-01 1.911595145985828026e+00
1.568250318288821887e-01 2.089230253967613749e+00
1.573950319719333579e-01 2.120688124482910553e+00
1.579650321149844994e-01 2.128785012243653796e+00
1.585350322580356686e-01 2.150173501039791546e+00
1.591050324010868100e-01 2.186370990491745658e+00
1.596750325441379792e-01 2.222144221855625545e+00
1.602450326871891484e-01 2.126246686652574880e+00
1.608150328302402898e-01 2.018142744496746133e+00
1.613850329732914313e-01 2.015895329035767958e+00
1.619550331163426005e-01 2.129113040126625833e+00
1.625250332593937419e-01 2.154596810198306400e+00
1.630950334024449111e-01 2.083050316034849914e+00
1.636650335454960803e-01 2.112606102725628432e+00
1.642350336885472217e-01 2.074004158525269759e+00
1.648050338315983909e-01 2.018947963786416722e+00
1.653750339746495324e-01 2.042457863609438817e+00
1.659450341177006738e-01 2.067935247771465868e+00
1.665150342607518430e-01 2.120794481878029103e+00
1.670850344038030122e-01 2.145975657342262366e+00
1.676550345468541536e-01 2.134583944379368603e+00
1.682250346899053228e-01 2.148834665584296033e+00
1.687950348329564643e-01 2.135676503485491651e+00
1.693650349760076335e-01 2.131822023269730693e+00
1.699350351190587749e-01 2.133240879961842751e+00
1.705050352621099163e-01 2.148608597376806983e+00
1.710750354051611133e-01 2.156744131027785727e+00
1.716450355482122547e-01 2.151669122638708131e+00
1.722150356912633962e-01 2.123538751527878077e+00
1.727850358343145654e-01 2.036711136302020719e+00
1.733550359773657068e-01 2.077525486861414805e+00
1.739250361204168760e-01 2.145748142133026448e+00
1.744950362634680452e-01 2.191714555080544358e+00
1.750650364065191866e-01 2.195085354025614777e+00
1.756350365495703558e-01 2.189359116915451153e+00
1.762050366926214973e-01 2.142513796285303584e+00
1.767750368356726387e-01 2.094801840356819156e+00
1.773450369787238079e-01 2.104138506595337077e+00
1.779150371217749493e-01 2.183383670914086139e+00
1.784850372648261185e-01 2.206105906825531093e+00
1.790550374078772877e-01 2.168244050445895965e+00
1.796250375509284292e-01 2.154253878304249525e+00
1.801950376939795984e-01 2.108720843597765793e+00
1.807650378370307398e-01 2.067226615791550870e+00
1.813350379800818812e-01 2.023582407954833684e+00
1.819050381231330782e-01 1.985886795390804593e+00
1.824750382661842196e-01 1.950340583897357760e+00
1.830450384092353611e-01 1.931216318644160879e+00
1.836150385522865303e-01 1.994107971640342925e+00
1.841850386953376717e-01 2.021532707704732701e+00
1.847550388383888409e-01 2.015708223578116076e+00
1.853250389814399823e-01 1.979950913984382055e+00
1.858950391244911515e-01 1.963380290692818164e+00
1.864650392675423207e-01 2.002467678623006009e+00
1.870350394105934622e-01 1.962835197194280568e+00
1.876050395536446036e-01 1.916321239883778560e+00
1.881750396966957728e-01 1.925620560161771522e+00
1.887450398397469142e-01 1.926763057521228006e+00
1.893150399827980834e-01 1.919880556942334948e+00
1.898850401258492526e-01 1.919924212131348895e+00
1.904550402689003941e-01 1.947327819985606112e+00
1.910250404119515633e-01 1.959010951186197502e+00
1.915950405550027047e-01 1.931709192410149711e+00
1.921650406980538461e-01 1.940246669807926594e+00
1.927350408411050153e-01 1.923915331345362745e+00
1.933050409841561845e-01 1.899531325622493938e+00
1.938750411272073260e-01 1.879039999288860230e+00
1.944450412702584952e-01 1.946918942296782973e+00
1.950150414133096366e-01 1.926936553608687319e+00
1.955850415563608058e-01 1.811577957907882563e+00
1.961550416994119472e-01 1.839538930931801985e+00
1.967250418424630887e-01 1.824248114958734845e+00
1.972950419855142856e-01 1.775908492947667838e+00
1.978650421285654271e-01 1.811810899474721737e+00
1.984350422716165685e-01 1.827435462275602163e+00
1.990050424146677377e-01 1.778811980104801904e+00
1.995750425577188791e-01 1.732430903281748868e+00
2.001450427007700483e-01 1.686102287053465432e+00
2.007150428438212453e-01 1.688114546882729883e+00
2.012850429868723590e-01 1.680415171746087566e+00
2.018550431299235282e-01 1.579940059065126690e+00
2.024250432729746696e-01 1.525520696234792695e+00
2.029950434160258388e-01 1.578891346945464846e+00
2.035650435590769802e-01 1.686032257077194174e+00
2.041350437021281494e-01 1.812520912709590704e+00
2.047050438451793186e-01 1.785379917619376755e+00
2.052750439882304601e-01 1.684930392177495406e+00
2.058450441312816293e-01 1.718801878336183364e+00
2.064150442743327707e-01 1.619233455413564116e+00
2.069850444173839399e-01 1.572021809640112622e+00
2.075550445604350536e-01 1.583118175158237051e+00
2.081250447034862505e-01 1.629863741269204525e+00
2.086950448465374197e-01 1.599192029397592307e+00
2.092650449895885334e-01 1.575064112587796217e+00
2.098350451326397303e-01 1.550364485974899509e+00
2.104050452756908440e-01 1.560401970769415669e+00
2.109750454187420132e-01 1.571968095682652944e+00
2.115450455617931547e-01 1.463319992718211893e+00
2.121150457048443239e-01 1.408291087885729098e+00
2.126850458478954931e-01 1.423913062340012914e+00
2.132550459909466345e-01 1.426122075914783238e+00
2.138250461339978037e-01 1.419674636861000039e+00
2.143950462770489451e-01 1.444495806750751399e+00
2.149650464201001143e-01 1.408604929556055652e+00
2.155350465631512835e-01 1.375609363452856115e+00
2.161050467062024250e-01 1.325809447451998579e+00
2.166750468492535942e-01 1.278795280926498634e+00
2.172450469923047356e-01 1.225543224073955884e+00
2.178150471353559048e-01 1.216013907601830368e+00
2.183850472784070185e-01 1.255488144644218096e+00
2.189550474214582154e-01 1.294555704356078252e+00
2.195250475645093846e-01 1.208441420731556804e+00
2.200950477075604983e-01 1.176566224460039223e+00
2.206650478506116952e-01 1.195370220956544216e+00
2.212350479936628089e-01 1.190418516314554864e+00
2.218050481367139781e-01 1.177788343066424659e+00
2.223750482797651196e-01 1.136744120842394068e+00
2.229450484228162888e-01 1.110457410170578640e+00
2.235150485658674580e-01 1.098751126325634431e+00
2.240850487089185994e-01 1.114504143080246479e+00
2.246550488519697686e-01 1.134058770429028584e+00
2.252250489950209100e-01 1.118509859120653260e+00
2.257950491380720792e-01 1.027592062033399145e+00
2.263650492811232207e-01 1.013960183327313302e+00
2.269350494241743899e-01 1.040568614413881932e+00
2.275050495672255590e-01 1.032104307933916942e+00
2.280750497102767005e-01 1.037452133661240339e+00
2.286450498533278697e-01 1.101733654075996327e+00
2.292150499963789834e-01 1.140878405277085506e+00
2.297850501394301803e-01 1.092333882219115537e+00
2.303550502824812940e-01 1.016511863277258954e+00
2.309250504255324632e-01 1.012165528884477084e+00
2.314950505685836046e-01 9.882507388143757510e-01
2.320650507116347738e-01 1.029132508969262005e+00
2.326350508546859430e-01 1.031742682380368592e+00
2.332050509977370845e-01 9.730482131037376803e-01
2.337750511407882537e-01 9.260198354666400178e-01
2.343450512838393951e-01 9.402611707170613897e-01
2.349150514268905643e-01 9.569791906005633564e-01
2.354850515699417057e-01 9.168346698523563987e-01
2.360550517129928749e-01 8.957869594486638221e-01
2.366250518560440441e-01 8.969144152200954068e-01
2.371950519990951856e-01 8.682513175032653407e-01
2.377650521421463548e-01 7.887251676399813505e-01
2.383350522851974684e-01 8.486620360644145933e-01
2.389050524282486654e-01 8.395869688992654289e-01
2.394750525712997791e-01 8.611822921031020428e-01
2.400450527143509483e-01 8.672311514476120919e-01
2.406150528574021452e-01 8.530408907871169788e-01
2.411850530004532589e-01 8.258250996703822011e-01
2.417550531435044281e-01 7.616695895880027933e-01
2.423250532865555695e-01 7.465397550426757789e-01
2.428950534296067387e-01 7.530862876183732624e-01
2.434650535726578802e-01 7.828235459505989979e-01
2.440350537157090494e-01 7.892578512691166281e-01
2.446050538587602186e-01 7.616204395982961728e-01
2.451750540018113600e-01 7.301484263327999713e-01
2.457450541448625292e-01 6.585748801381754447e-01
2.463150542879136706e-01 5.886547341359893437e-01
2.468850544309648398e-01 6.195661506802352392e-01
2.474550545740160090e-01 7.306829193459840610e-01
2.480250547170671505e-01 8.001009987363580933e-01
2.485950548601183197e-01 8.269605777893538345e-01
2.491650550031694333e-01 8.525422916613081270e-01
2.497350551462206303e-01 8.471118120318763545e-01
2.503050552892717717e-01 8.019993440904897852e-01
2.508750554323229132e-01 7.725393315733022348e-01
2.514450555753741101e-01 7.667560956676950923e-01
2.520150557184252516e-01 7.425931348662224707e-01
2.525850558614763930e-01 7.353639847186244083e-01
2.531550560045275344e-01 7.651870044859876430e-01
2.537250561475787314e-01 7.809887245960993596e-01
2.542950562906298173e-01 7.055387993775745770e-01
2.548650564336810143e-01 6.250471417860907763e-01
2.554350565767322112e-01 5.913072637371641349e-01
2.560050567197832971e-01 6.386947282522648095e-01
2.565750568628344941e-01 6.301451702018638912e-01
2.571450570058856355e-01 6.175947449966656677e-01
2.577150571489367770e-01 6.432501831179671115e-01
2.582850572919879184e-01 6.703574596050785317e-01
2.588550574350391154e-01 6.005736617955186318e-01
2.594250575780902568e-01 5.564966400721900186e-01
2.599950577211413982e-01 5.676564849547887093e-01
2.605650578641925952e-01 5.909160320489128537e-01
2.611350580072437366e-01 6.334560523256165254e-01
2.617050581502948781e-01 6.662310503986716981e-01
2.622750582933460750e-01 6.997412672982186166e-01
2.628450584363972165e-01 7.176961675771131866e-01
2.634150585794483579e-01 6.739878642331653680e-01
2.639850587224994993e-01 6.293562817642595064e-01
2.645550588655506963e-01 6.170765671728020152e-01
2.651250590086017822e-01 5.532495856419714642e-01
2.656950591516529792e-01 5.399342477236110938e-01
2.662650592947041761e-01 5.452768355495329899e-01
2.668350594377552620e-01 5.791258253171811532e-01
2.674050595808064590e-01 6.321054762766280533e-01
2.679750597238576004e-01 6.373819574219616868e-01
2.685450598669087419e-01 5.884456020180053315e-01
2.691150600099598833e-01 5.457931759914487202e-01
2.696850601530110803e-01 5.188970760867981369e-01
2.702550602960622217e-01 5.646738979291434646e-01
2.708250604391133631e-01 6.093672581645392938e-01
2.713950605821645601e-01 5.685713031455890132e-01
2.719650607252157015e-01 5.024298560694866467e-01
2.725350608682668430e-01 4.927764266807059812e-01
2.731050610113179844e-01 5.874960933717190414e-01
2.736750611543691813e-01 6.785331067385946824e-01
2.742450612974203228e-01 7.330961420257189332e-01
2.748150614404714642e-01 7.530900001289140278e-01
2.753850615835226612e-01 7.103851127942490962e-01
2.759550617265737471e-01 6.105218496475686152e-01
2.765250618696249441e-01 5.699964282701195373e-01
2.770950620126760855e-01 6.405939287011932493e-01
2.776650621557272269e-01 6.140709702923317082e-01
2.782350622987784239e-01 6.159101982127523911e-01
2.788050624418295653e-01 7.366439512517217736e-01
2.793750625848807068e-01 8.797402344403053576e-01
2.799450627279318482e-01 8.624631635988428968e-01
2.805150628709830452e-01 7.341058995482683258e-01
2.810850630140341866e-01 6.725640199399265384e-01
2.816550631570853280e-01 6.252391488549626786e-01
2.822250633001365250e-01 6.042352661877927744e-01
2.827950634431876664e-01 5.768177338538649224e-01
2.833650635862388079e-01 6.219967369726404627e-01
2.839350637292899493e-01 6.570668663225518458e-01
2.845050638723411462e-01 6.060478367359003471e-01
2.850750640153922877e-01 5.242463817947538018e-01
2.856450641584434291e-01 5.191029265866546893e-01
2.862150643014946261e-01 5.434785045192036534e-01
2.867850644445457120e-01 5.455678673816564128e-01
2.873550645875969090e-01 5.871238260702114076e-01
2.879250647306480504e-01 6.510949508050387635e-01
2.884950648736991918e-01 6.426833216739424870e-01
2.890650650167503888e-01 5.398055953818037267e-01
2.896350651598015302e-01 4.542479132405645714e-01
2.902050653028526717e-01 5.077572259456495374e-01
2.907750654459038131e-01 5.610023012863045722e-01
2.913450655889550100e-01 5.674233213044281854e-01
2.919150657320061515e-01 5.805679842538822300e-01
2.924850658750572929e-01 5.687616920058111702e-01
2.930550660181084899e-01 5.306525535772053104e-01
2.936250661611596313e-01 5.296128899211645091e-01
2.941950663042107728e-01 5.268065310231087039e-01
2.947650664472619142e-01 5.105037868395427836e-01
2.953350665903131111e-01 5.612654653908961677e-01
2.959050667333641971e-01 6.042863108246869785e-01
2.964750668764153940e-01 5.837333335490626496e-01
2.970450670194665910e-01 5.665321219987689005e-01
2.976150671625176769e-01 6.010509554975875801e-01
2.981850673055688739e-01 6.608838943191628346e-01
2.987550674486200153e-01 6.174235441035769156e-01
2.993250675916711567e-01 5.682399737181249577e-01
2.998950677347223537e-01 5.059935510196389430e-01
3.004650678777734951e-01 4.781420845417443388e-01
3.010350680208246921e-01 5.623128305193141330e-01
3.016050681638757780e-01 6.540157557682171330e-01
3.021750683069269749e-01 5.709770151489479417e-01
3.027450684499781164e-01 5.342541791407029450e-01
3.033150685930292578e-01 5.741556821183628756e-01
3.038850687360804548e-01 5.349948389467513721e-01
3.044550688791315962e-01 4.947110882373557672e-01
3.050250690221827377e-01 5.123994138419192268e-01
3.055950691652338791e-01 5.270039346146120351e-01
3.061650693082850760e-01 5.075212784389933063e-01
3.067350694513362175e-01 4.740726475914094351e-01
3.073050695943873589e-01 5.012992994296538996e-01
3.078750697374385559e-01 5.534915652938146025e-01
3.084450698804896973e-01 5.794519042035730649e-01
3.090150700235408388e-01 5.821505509678566170e-01
3.095850701665919802e-01 5.713489863500491595e-01
3.101550703096431771e-01 6.150866877382661357e-01
3.107250704526942631e-01 5.754338648649870436e-01
3.112950705957454600e-01 4.946797856322255882e-01
3.118650707387966570e-01 4.749710406832434728e-01
3.124350708818477429e-01 5.029752956144903919e-01
3.130050710248989398e-01 5.090236372664200815e-01
3.135750711679500813e-01 5.088909125473648487e-01
3.141450713110012227e-01 5.411849014001859359e-01
3.147150714540524197e-01 5.335320669120271475e-01
3.152850715971035611e-01 4.731886037720229865e-01
3.158550717401547026e-01 4.526784714843259394e-01
3.164250718832058440e-01 4.211459852556238559e-01
3.169950720262570409e-01 4.083798800601208256e-01
3.175650721693081824e-01 4.113278041912131755e-01
3.181350723123593238e-01 4.427907307314917773e-01
3.187050724554105208e-01 4.990671080026878315e-01
3.192750725984616622e-01 4.701838587042352913e-01
3.198450727415128036e-01 4.301469652604907878e-01
3.204150728845639451e-01 4.600618213125038380e-01
3.209850730276151420e-01 5.496727535906913431e-01
3.215550731706662280e-01 5.684399559306001493e-01
3.221250733137174249e-01 5.534877016706829522e-01
3.226950734567686219e-01 5.415661939811649006e-01
3.232650735998197078e-01 5.367334039536828527e-01
3.238350737428709047e-01 5.056250215997266650e-01
3.244050738859220462e-01 4.471087749390463273e-01
3.249750740289731876e-01 3.691924720059880372e-01
3.255450741720243291e-01 3.848996842169079002e-01
3.261150743150755260e-01 4.400569370883928855e-01
3.266850744581266675e-01 4.623365744975735936e-01
3.272550746011778089e-01 4.562236344484773554e-01
3.278250747442290058e-01 4.347032918416076086e-01
3.283950748872801473e-01 4.405841589557155658e-01
3.289650750303312887e-01 4.085584406310296401e-01
3.295350751733824302e-01 3.875628102371493355e-01
3.301050753164336271e-01 4.474623201169904974e-01
3.306750754594847685e-01 4.971493203582717513e-01
3.312450756025359100e-01 4.684296551601256908e-01
3.318150757455871069e-01 4.847227948156813682e-01
3.323850758886381929e-01 4.811128091111491756e-01
3.329550760316893898e-01 4.587223893750795867e-01
3.335250761747405868e-01 4.413640786842876196e-01
3.340950763177916727e-01 4.226614533430321785e-01
3.346650764608428696e-01 3.744266574592707286e-01
3.352350766038940111e-01 4.089789237629517515e-01
3.358050767469451525e-01 4.312319071286410122e-01
3.363750768899962940e-01 4.652406574572474085e-01
3.369450770330474909e-01 4.921621445972874653e-01
3.375150771760986323e-01 5.152422612223652720e-01
3.380850773191497738e-01 4.941031224811958111e-01
3.386550774622009707e-01 4.399831824831714755e-01
3.392250776052521122e-01 4.398551119646256780e-01
3.397950777483032536e-01 4.576977185095785217e-01
3.403650778913543951e-01 4.717639086241689483e-01
3.409350780344055920e-01 4.000200449336759334e-01
3.415050781774567334e-01 3.704220971551173136e-01
3.420750783205078749e-01 4.165631291832561089e-01
3.426450784635590718e-01 4.019159843912127883e-01
3.432150786066101578e-01 4.227828175354346740e-01
3.437850787496613547e-01 4.823788273617140021e-01
3.443550788927124962e-01 4.454841050527313939e-01
3.449250790357636376e-01 4.383824402462472847e-01
3.454950791788148345e-01 4.316988193064759116e-01
3.460650793218659760e-01 4.387875287325400109e-01
3.466350794649171174e-01 4.676612517922187351e-01
3.472050796079682589e-01 4.622884306628094464e-01
3.477750797510194558e-01 3.848388296424829491e-01
3.483450798940705972e-01 3.265798518887805812e-01
3.489150800371217387e-01 3.206663671548568573e-01
3.494850801801729356e-01 3.040591726711490139e-01
3.500550803232240771e-01 3.496432938475564356e-01
3.506250804662752185e-01 4.148882313552135770e-01
3.511950806093263600e-01 4.257070867638930167e-01
3.517650807523775569e-01 4.189555008556418159e-01
3.523350808954286983e-01 3.934381028696414262e-01
3.529050810384798398e-01 3.795155821728748435e-01
3.534750811815310367e-01 3.850871812696468055e-01
3.540450813245821227e-01 3.558066594121740422e-01
3.546150814676333196e-01 3.426197924837950382e-01
3.551850816106844611e-01 3.487665475881698285e-01
3.557550817537356025e-01 4.244606204777419123e-01
3.563250818967867994e-01 3.631205504951253715e-01
3.568950820398379409e-01 3.176283641143307079e-01
3.574650821828890823e-01 3.454462673714644438e-01
3.580350823259402238e-01 3.987855018473176472e-01
3.586050824689914207e-01 3.747356579956075961e-01
3.591750826120425621e-01 3.657796195097837710e-01
3.597450827550937036e-01 3.564355325753894022e-01
3.603150828981449005e-01 3.884576014675218403e-01
3.608850830411960420e-01 3.246130723343405577e-01
3.614550831842471834e-01 2.809967745570673969e-01
3.620250833272983249e-01 3.276742043387237402e-01
3.625950834703495218e-01 3.640376823498812087e-01
3.631650836134006077e-01 3.651505170544027123e-01
3.637350837564518047e-01 3.891184450090108271e-01
3.643050838995030016e-01 4.066508984963306261e-01
3.648750840425540876e-01 4.190680390711527536e-01
3.654450841856052845e-01 4.558741912175783284e-01
3.660150843286564259e-01 4.425296347823035603e-01
3.665850844717075674e-01 4.204461284317702052e-01
3.671550846147587643e-01 3.446812330936879221e-01
3.677250847578099058e-01 3.070378706298306781e-01
3.682950849008610472e-01 2.939589399650195389e-01
3.688650850439121887e-01 2.423160350177120392e-01
3.694350851869633856e-01 2.456273181035513176e-01
3.700050853300145270e-01 2.578480386613115627e-01
3.705750854730656685e-01 2.872883463846847008e-01
3.711450856161168654e-01 2.977986198977013999e-01
3.717150857591680069e-01 3.357282840732978002e-01
3.722850859022191483e-01 3.505091327442606541e-01
3.728550860452702898e-01 3.985816943630560161e-01
3.734250861883214867e-01 4.126148669283118409e-01
3.739950863313725726e-01 3.576779807853505133e-01
3.745650864744237696e-01 3.226705687572959391e-01
3.751350866174749665e-01 3.133330385024883924e-01
3.757050867605260525e-01 3.023649256324532075e-01
3.762750869035772494e-01 3.311700707942684119e-01
3.768450870466283908e-01 3.206950307618932072e-01
3.774150871896795323e-01 3.305324972297150055e-01
3.779850873327306737e-01 3.638722086017374124e-01
3.785550874757818707e-01 3.252909859634982581e-01
3.791250876188330121e-01 3.270276444707000962e-01
3.796950877618841536e-01 3.404184868093622640e-01
3.802650879049353505e-01 3.147014443090796476e-01
3.808350880479864919e-01 2.730438377888368962e-01
3.814050881910376334e-01 2.367198502528928827e-01
3.819750883340887748e-01 2.789420159444873093e-01
3.825450884771399718e-01 3.640069363787006296e-01
3.831150886201911132e-01 3.693038034087052779e-01
3.836850887632422547e-01 3.660604384694607916e-01
3.842550889062934516e-01 3.680616039593331834e-01
3.848250890493445375e-01 3.753098520461399801e-01
3.853950891923957345e-01 3.533750336830294714e-01
3.859650893354469314e-01 3.542219232891348213e-01
3.865350894784980174e-01 3.761044740617229820e-01
3.871050896215492143e-01 3.157527025160149492e-01
3.876750897646003557e-01 2.874139968970510495e-01
3.882450899076514972e-01 2.437442003345715591e-01
3.888150900507026386e-01 2.547972685876871424e-01
3.893850901937538356e-01 3.417089239970536596e-01
3.899550903368049770e-01 3.026672733256496883e-01
3.905250904798561185e-01 3.015678422735668107e-01
3.910950906229073154e-01 3.122919760280282730e-01
3.916650907659584568e-01 2.678934922923659201e-01
3.922350909090095983e-01 3.079699532188868716e-01
3.928050910520607397e-01 3.274918449356896133e-01
3.933750911951119367e-01 2.980598706056518665e-01
3.939450913381630781e-01 3.215700374650225513e-01
3.945150914812142195e-01 3.378484729548745236e-01
3.950850916242654165e-01 3.640356333366732144e-01
3.956550917673165024e-01 3.755281233280740594e-01
3.962250919103676994e-01 3.854836441994216045e-01
3.967950920534188408e-01 3.768753846432453258e-01
3.973650921964699823e-01 3.390569214388854391e-01
3.979350923395211792e-01 3.165610852754028315e-01
3.985050924825723206e-01 3.096162136667039988e-01
3.990750926256234621e-01 3.196743252712401784e-01
3.996450927686746035e-01 3.049573705875872065e-01
4.002150929117258560e-01 2.809919371519598030e-01
4.007850930547769974e-01 2.388288414436985363e-01
4.013550931978280834e-01 2.330273708895838070e-01
4.019250933408792803e-01 2.706113777190033431e-01
4.024950934839304217e-01 2.994880625365858862e-01
4.030650936269816187e-01 3.346260528362563491e-01
4.036350937700327046e-01 3.219874721709210519e-01
4.042050939130839016e-01 3.265023798560839907e-01
4.047750940561350430e-01 3.353302821005215151e-01
4.053450941991862400e-01 3.215630259878565766e-01
4.059150943422373814e-01 3.138237361263804814e-01
4.064850944852884673e-01 3.433659822419912189e-01
4.070550946283396643e-01 3.571999751133745349e-01
4.076250947713908612e-01 3.615202600743891992e-01
4.081950949144420027e-01 3.658957688448438716e-01
4.087650950574931996e-01 3.876649677548122952e-01
4.093350952005442855e-01 3.817361413219515498e-01
4.099050953435954270e-01 3.589590869766823289e-01
4.104750954866466239e-01 3.429466927199378290e-01
4.110450956296978209e-01 3.575910020735904027e-01
4.116150957727489068e-01 3.945290598988613340e-01
4.121850959158000482e-01 3.378399734848471780e-01
4.127550960588512452e-01 3.106951596859985898e-01
4.133250962019023866e-01 3.243408778885097377e-01
4.138950963449535836e-01 3.396056015570252384e-01
4.144650964880046695e-01 3.279117049880611034e-01
4.150350966310558665e-01 3.204733553098577659e-01
4.156050967741070079e-01 2.810225015021217132e-01
4.161750969171582049e-01 2.626291933041926541e-01
4.167450970602093463e-01 2.504500601979486873e-01
4.173150972032604322e-01 2.830810771776661738e-01
4.178850973463116292e-01 3.303919877950285411e-01
4.184550974893628261e-01 3.527976643589028072e-01
4.190250976324139676e-01 3.676909062414743801e-01
4.195950977754651645e-01 3.317303937057545227e-01
4.201650979185162504e-01 3.063131740202855724e-01
4.207350980615673919e-01 2.602463590108250457e-01
4.213050982046185888e-01 2.513128536031494775e-01
4.218750983476697858e-01 2.591880608411365472e-01
4.224450984907208717e-01 2.492428936358770386e-01
4.230150986337720131e-01 2.477696789985195380e-01
4.235850987768232101e-01 2.797505644279461023e-01
4.241550989198743515e-01 2.961129817779593054e-01
4.247250990629255485e-01 2.982284489321997967e-01
4.252950992059766344e-01 2.892277086096726180e-01
4.258650993490278314e-01 2.621044990438896605e-01
4.264350994920789728e-01 2.180316471152181634e-01
4.270050996351301698e-01 2.368125506224210142e-01
4.275750997781813112e-01 2.862864802433122691e-01
4.281450999212323971e-01 2.915083415347972107e-01
4.287151000642835941e-01 2.431648723569601600e-01
4.292851002073347910e-01 1.953505328103481986e-01
4.298551003503859325e-01 2.145226987426802623e-01
4.304251004934370184e-01 2.497895107520733404e-01
4.309951006364882153e-01 2.835753249623138572e-01
4.315651007795393568e-01 3.384752627385054780e-01
4.321351009225905537e-01 3.298289568252350534e-01
4.327051010656416397e-01 2.827693786354075201e-01
4.332751012086928366e-01 2.249620678759356451e-01
4.338451013517439780e-01 2.329889376219185237e-01
4.344151014947951750e-01 2.413533914937566749e-01
4.349851016378463164e-01 2.246244111681008349e-01
4.355551017808974024e-01 2.093685520583612458e-01
4.361251019239485993e-01 2.372694155280221651e-01
4.366951020669997963e-01 2.265738071135565690e-01
4.372651022100509377e-01 2.162320070151864115e-01
4.378351023531020236e-01 2.563412231916508688e-01
4.384051024961532206e-01 3.380773393488389900e-01
4.389751026392043620e-01 3.488956793088640040e-01
4.395451027822555590e-01 3.425477248663497676e-01
4.401151029253067559e-01 3.031606338864207828e-01
4.406851030683578418e-01 2.823712818685528703e-01
4.412551032114089833e-01 2.989045572771793502e-01
4.418251033544601802e-01 2.573312628780044520e-01
4.423951034975113217e-01 2.241252445182375652e-01
4.429651036405625186e-01 2.414449871408059778e-01
4.435351037836136046e-01 2.491133565863066224e-01
4.441051039266648015e-01 2.568421338531088338e-01
4.446751040697159429e-01 2.989694440369774497e-01
4.452451042127671399e-01 3.128669591435233599e-01
4.458151043558182813e-01 2.990914908558863772e-01
4.463851044988693673e-01 2.747134325833933133e-01
4.469551046419205642e-01 2.500575511043194865e-01
4.475251047849717612e-01 2.493225527606242053e-01
4.480951049280229026e-01 2.602663688781738927e-01
4.486651050710739885e-01 2.647015868846942510e-01
4.492351052141251855e-01 2.509500517345486514e-01
4.498051053571763269e-01 2.745388290829531286e-01
4.503751055002275239e-01 3.240621135379058160e-01
4.509451056432787208e-01 3.032207582912640476e-01
4.515151057863298067e-01 2.580131084051053847e-01
4.520851059293809482e-01 2.178270656453662468e-01
4.526551060724321451e-01 1.978565643464094137e-01
4.532251062154832866e-01 1.722638511759591040e-01
4.537951063585344835e-01 1.858545718764688104e-01
4.543651065015855695e-01 2.115050356295000711e-01
4.549351066446367664e-01 2.344843128843692170e-01
4.555051067876879078e-01 2.631120217828168961e-01
4.560751069307391048e-01 2.417081859151046785e-01
4.566451070737901907e-01 2.010922195232538456e-01
4.572151072168413322e-01 2.194530102790963610e-01
4.577851073598925291e-01 2.391680688251405229e-01
4.583551075029437261e-01 2.375088050179030574e-01
4.589251076459948675e-01 2.528172408039317531e-01
4.594951077890459534e-01 1.885719543517616614e-01
4.600651079320971504e-01 1.473081001081126828e-01
4.606351080751482918e-01 2.080523573610868482e-01
4.612051082181994888e-01 2.461020330924910127e-01
4.617751083612506857e-01 2.371950918111309647e-01
4.623451085043017716e-01 2.307366434043629511e-01
4.629151086473529131e-01 2.494589191531169092e-01
4.634851087904041100e-01 2.410567678296047234e-01
4.640551089334552515e-01 2.373676539219182757e-01
4.646251090765064484e-01 2.548582831325987286e-01
4.651951092195575344e-01 2.620577989761621041e-01
4.657651093626087313e-01 2.708034349753098979e-01
4.663351095056598727e-01 2.775615534858317801e-01
4.669051096487110697e-01 2.496279426206982066e-01
4.674751097917621556e-01 2.363527595657224367e-01
4.680451099348132971e-01 2.566877918477885601e-01
4.686151100778644940e-01 2.552648498126650622e-01
4.691851102209156910e-01 2.388063172522691957e-01
4.697551103639668324e-01 2.347323787880029045e-01
4.703251105070179183e-01 2.234897609188557510e-01
4.708951106500691153e-01 2.183863791408064969e-01
4.714651107931202567e-01 2.224369560997310202e-01
4.720351109361714537e-01 2.545122697227490960e-01
4.726051110792226506e-01 2.614766485474433466e-01
4.731751112222737365e-01 2.355183387179025090e-01
4.737451113653248780e-01 2.014812872628901630e-01
4.743151115083760749e-01 1.498253590758018561e-01
4.748851116514272164e-01 1.686962426206157772e-01
4.754551117944783023e-01 2.369796854424031096e-01
4.760251119375294993e-01 2.396877210694903226e-01
4.765951120805806962e-01 2.030174690988850728e-01
4.771651122236318376e-01 1.658017232634385607e-01
4.777351123666830346e-01 1.863481544751195429e-01
4.783051125097341205e-01 1.819285153958603019e-01
4.788751126527852620e-01 1.612907284685753950e-01
4.794451127958364589e-01 2.173544309302926081e-01
4.800151129388876559e-01 2.322091246249975427e-01
4.805851130819387973e-01 2.436780458011291728e-01
4.811551132249898832e-01 2.643801495225801546e-01
4.817251133680410802e-01 2.709554077438731667e-01
4.822951135110922216e-01 3.056185959208690406e-01
4.828651136541434186e-01 2.553254073003046187e-01
4.834351137971946155e-01 2.074787533836364162e-01
4.840051139402457014e-01 2.193477066915221485e-01
4.845751140832968429e-01 2.613542914144630913e-01
4.851451142263480398e-01 2.321719022920696318e-01
4.857151143693991813e-01 2.121191056498155092e-01
4.862851145124502672e-01 2.641993417347414663e-01
4.868551146555014641e-01 2.606946528802325247e-01
4.874251147985526611e-01 2.392121220359619826e-01
4.879951149416038025e-01 2.551479791230057970e-01
4.885651150846549995e-01 3.346757090608498686e-01
4.891351152277060854e-01 3.290045996661845606e-01
4.897051153707572269e-01 2.733724046643146721e-01
4.902751155138084238e-01 2.215662643863787196e-01
4.908451156568596208e-01 2.170544822114202077e-01
4.914151157999107622e-01 2.419439194000041482e-01
4.919851159429618481e-01 2.310410421462130159e-01
4.925551160860130451e-01 2.580396785924143899e-01
4.931251162290641865e-01 2.649378262404269435e-01
4.936951163721153835e-01 2.505846175333452663e-01
4.942651165151665804e-01 2.176659796127609070e-01
4.948351166582176663e-01 2.045959851581073963e-01
4.954051168012688078e-01 2.302786242317331755e-01
4.959751169443200047e-01 3.057867920939045803e-01
4.965451170873711462e-01 3.452526071564356869e-01
4.971151172304222321e-01 3.024069790822068171e-01
4.976851173734734290e-01 2.604716632276051769e-01
4.982551175165246260e-01 2.663711893367590733e-01
4.988251176595757674e-01 2.826402613004042053e-01
4.993951178026269644e-01 3.120199563222492145e-01
4.999651179456780503e-01 2.366568649947495828e-01
5.005351180887291918e-01 2.206459338557245076e-01
5.011051182317803887e-01 2.674223692717703216e-01
5.016751183748315857e-01 2.882169412955590815e-01
5.022451185178827826e-01 2.868494333605191571e-01
5.028151186609338685e-01 2.316067929355618560e-01
5.033851188039849545e-01 2.039613953410501779e-01
5.039551189470361514e-01 2.007015942413090670e-01
5.045251190900873484e-01 2.198023198608538564e-01
5.050951192331384343e-01 2.265740442803512167e-01
5.056651193761896312e-01 1.926130836456181328e-01
5.062351195192408282e-01 1.834827696039056377e-01
5.068051196622919141e-01 1.902277081591989827e-01
5.073751198053431111e-01 2.113597928951875815e-01
5.079451199483941970e-01 2.258432629952373816e-01
5.085151200914453939e-01 2.308345130161839620e-01
5.090851202344965909e-01 1.970346352747149865e-01
5.096551203775477878e-01 2.171547036962984123e-01
5.102251205205988738e-01 2.551819902503709159e-01
5.107951206636499597e-01 2.595561341227217156e-01
5.113651208067011567e-01 2.065099720549845586e-01
5.119351209497523536e-01 1.299130855951311503e-01
5.125051210928035506e-01 1.499610426532278495e-01
5.130751212358547475e-01 2.011355685253874981e-01
5.136451213789058334e-01 2.058420545884374064e-01
5.142151215219569194e-01 1.768860782644381402e-01
5.147851216650081163e-01 1.614721558140637114e-01
5.153551218080593133e-01 1.576495387698528816e-01
5.159251219511103992e-01 1.460701361155791744e-01
5.164951220941615961e-01 1.721090294982836610e-01
5.170651222372127931e-01 2.052542028621253678e-01
5.176351223802638790e-01 2.001591617735023476e-01
5.182051225233150760e-01 1.666537444210263175e-01
5.187751226663661619e-01 1.664432253765113501e-01
5.193451228094173588e-01 2.027522161882089335e-01
5.199151229524685558e-01 2.473737241615445726e-01
5.204851230955197527e-01 2.861707464449594340e-01
5.210551232385708387e-01 3.107065174322869439e-01
5.216251233816219246e-01 2.637969336291803302e-01
5.221951235246731216e-01 2.182767790332498237e-01
5.227651236677243185e-01 2.098435570572085851e-01
5.233351238107755155e-01 1.949666970955767908e-01
5.239051239538266014e-01 1.662824969295790822e-01
5.244751240968777983e-01 1.755653199634110706e-01
5.250451242399288843e-01 1.528629659649531902e-01
5.256151243829800812e-01 1.400260608574370735e-01
5.261851245260312782e-01 1.636132382500612437e-01
5.267551246690823641e-01 1.769034332339067817e-01
5.273251248121335610e-01 1.735251324547277818e-01
5.278951249551847580e-01 2.124478619746881236e-01
5.284651250982358439e-01 2.029739189465011862e-01
5.290351252412870409e-01 1.965365746879399467e-01
5.296051253843381268e-01 1.990363130499055444e-01
5.301751255273893237e-01 2.143654472084719487e-01
5.307451256704405207e-01 1.791824809170243782e-01
5.313151258134917176e-01 1.488365668119158158e-01
5.318851259565428036e-01 1.841264464281771041e-01
5.324551260995938895e-01 2.079251593722766245e-01
5.330251262426450864e-01 2.050590875932591928e-01
5.335951263856962834e-01 1.691270036198133653e-01
5.341651265287474804e-01 1.210728454835674484e-01
5.347351266717985663e-01 1.075744011781019083e-01
5.353051268148497632e-01 1.488518702116401471e-01
5.358751269579008492e-01 1.776494131389299014e-01
5.364451271009520461e-01 1.649681383642409571e-01
5.370151272440032431e-01 1.808028936907177808e-01
5.375851273870543290e-01 2.125684983624651636e-01
5.381551275301055259e-01 2.315105247877689010e-01
5.387251276731567229e-01 2.358874740517258317e-01
5.392951278162078088e-01 1.865039765221609969e-01
5.398651279592590058e-01 1.539820734561132554e-01
5.404351281023100917e-01 1.900696601734566116e-01
5.410051282453612886e-01 2.113844591203886125e-01
5.415751283884124856e-01 2.371262322324447780e-01
5.421451285314636825e-01 2.523838908066089459e-01
5.427151286745147685e-01 2.355746437230124002e-01
5.432851288175658544e-01 2.205725291010480760e-01
5.438551289606170513e-01 1.792972691169438804e-01
5.444251291036682483e-01 1.185457047565812161e-01
5.449951292467194452e-01 1.437870213507217443e-01
5.455651293897705312e-01 1.808405980529705914e-01
5.461351295328217281e-01 1.768522079749921261e-01
5.467051296758728141e-01 1.621916649419716805e-01
5.472751298189240110e-01 1.702859834262220318e-01
5.478451299619752080e-01 1.901899011573568998e-01
5.484151301050262939e-01 1.995380318536099651e-01
5.489851302480774908e-01 1.861188221169669532e-01
5.495551303911286878e-01 1.888550144973493161e-01
5.501251305341797737e-01 1.950434904902529354e-01
5.506951306772309707e-01 1.816143180075435737e-01
5.512651308202820566e-01 1.416343714718877322e-01
5.518351309633332535e-01 1.345950972705090010e-01
5.524051311063844505e-01 1.140830899709079915e-01
5.529751312494356474e-01 1.463848937376539538e-01
5.535451313924867334e-01 2.015249681618307420e-01
5.541151315355378193e-01 2.016292437434508145e-01
5.546851316785890162e-01 1.655757664043946420e-01
5.552551318216402132e-01 1.551037472573959519e-01
5.558251319646914101e-01 1.754803908396738166e-01
5.563951321077424961e-01 2.114350574080354761e-01
5.569651322507936930e-01 2.037964227985185062e-01
5.575351323938447790e-01 1.600775570765300415e-01
5.581051325368959759e-01 1.333223952700919313e-01
5.586751326799471729e-01 1.683261115772225480e-01
5.592451328229982588e-01 1.982315517012267492e-01
5.598151329660494557e-01 1.719503996219415853e-01
5.603851331091006527e-01 1.281826743810654534e-01
5.609551332521517386e-01 1.122220503157826954e-01
5.615251333952028245e-01 1.572535701265671548e-01
5.620951335382540215e-01 1.670630593990694024e-01
5.626651336813052184e-01 1.739920305354019092e-01
5.632351338243564154e-01 1.610332523606778921e-01
5.638051339674076123e-01 1.373852200708682858e-01
5.643751341104586983e-01 1.421438156926981833e-01
5.649451342535097842e-01 1.389870947799494161e-01
5.655151343965609811e-01 1.290833366069961130e-01
5.660851345396121781e-01 1.421818217209356305e-01
5.666551346826633750e-01 1.677556128498487453e-01
5.672251348257144610e-01 1.743736675512543854e-01
5.677951349687656579e-01 1.623380598826003052e-01
5.683651351118167439e-01 1.569498092972168024e-01
5.689351352548679408e-01 1.871948838820252092e-01
5.695051353979191378e-01 1.810712996041878853e-01
5.700751355409702237e-01 1.649182503933346311e-01
5.706451356840214206e-01 1.159506144534319105e-01
5.712151358270726176e-01 1.175900658030535340e-01
5.717851359701237035e-01 1.502882117645221172e-01
5.723551361131747894e-01 1.897287108868894734e-01
5.729251362562259864e-01 1.931479743989861220e-01
5.734951363992771833e-01 1.681179217953783223e-01
5.740651365423283803e-01 1.389645472463882925e-01
5.746351366853795772e-01 1.405851267286166717e-01
5.752051368284306632e-01 1.286609227685957535e-01
5.757751369714817491e-01 1.558244136570294813e-01
5.763451371145329460e-01 1.692356497112044167e-01
5.769151372575841430e-01 1.446701419878628769e-01
5.774851374006353399e-01 1.402998603490566154e-01
5.780551375436864259e-01 1.493805305592701416e-01
5.786251376867376228e-01 1.412202603943839563e-01
5.791951378297887087e-01 1.370685045345574338e-01
5.797651379728399057e-01 1.409695545977420750e-01
5.803351381158911027e-01 1.250422838827347505e-01
5.809051382589421886e-01 1.289395296183499795e-01
5.814751384019933855e-01 1.397034162402981394e-01
5.820451385450445825e-01 1.439373894071245275e-01
5.826151386880956684e-01 1.936042795870669408e-01
5.831851388311467543e-01 1.746399631040418399e-01
5.837551389741979513e-01 1.145749870924426261e-01
5.843251391172491482e-01 1.089542221401309519e-01
5.848951392603003452e-01 1.282370779534680594e-01
5.854651394033515421e-01 1.454660349444942824e-01
5.860351395464026281e-01 1.632921089308112528e-01
5.866051396894537140e-01 1.617669372458152566e-01
5.871751398325049109e-01 1.810220387537668785e-01
5.877451399755561079e-01 1.751068575128620353e-01
5.883151401186073048e-01 1.700067616391294223e-01
5.888851402616583908e-01 1.334092545059384349e-01
5.894551404047095877e-01 8.150181687727808821e-02
5.900251405477606736e-01 0.000000000000000000e+00
5.905951406908118706e-01 1.237050586606969205e-02
5.911651408338629565e-01 1.093525310436085363e-01
5.917351409769141535e-01 1.107319842849641134e-01
5.923051411199653504e-01 1.198276433100353700e-01
5.928751412630165474e-01 1.090642808156232491e-01
5.934451414060676333e-01 9.238650311680629557e-02
5.940151415491187192e-01 9.417858912698662266e-02
5.945851416921699162e-01 1.149278859409008646e-01
5.951551418352211131e-01 1.457167957909533129e-01
5.957251419782723101e-01 1.545154900209553261e-01
5.962951421213235070e-01 1.445378397298462403e-01
5.968651422643745930e-01 1.382281275947505605e-01
5.974351424074256789e-01 1.259178247717258614e-01
5.980051425504768758e-01 1.339818931866716412e-01
5.985751426935280728e-01 1.398775926349458132e-01
5.991451428365792697e-01 1.767610559531114234e-01
5.997151429796303557e-01 1.553550320918120065e-01
