# q (1/angstrom), Intensity (arb)
2.064195147861814378e-02 0.000000000000000000e+00
2.170051308966736495e-02 9.210492300296664325e-01
2.275907470071658611e-02 2.344605950108473280e+00
2.381763631176580728e-02 2.768660062171591107e+00
2.487619792281502498e-02 6.318352915765643729e+00
2.593475953386424615e-02 8.151277920524108822e+00
2.699332114491346385e-02 7.423532672159694812e+00
2.805188275596268849e-02 9.389078703229699840e+00
2.911044436701190619e-02 1.132618912679947698e+01
3.016900597806112735e-02 1.285410875909315109e+01
3.122756758911034505e-02 1.227025429331862938e+01
3.228612920015957316e-02 1.197291234461600595e+01
3.334469081120879086e-02 1.383089559844098915e+01
3.440325242225800856e-02 1.450011776357712279e+01
3.546181403330722626e-02 1.353994699253725287e+01
3.652037564435644396e-02 1.382646389346696481e+01
3.757893725540567553e-02 1.443007163311644092e+01
3.863749886645489323e-02 1.469800646738533345e+01
3.969606047750411093e-02 1.539141174301344961e+01
4.075462208855332863e-02 1.563269645065539493e+01
4.181318369960255327e-02 1.499544998092916614e+01
4.287174531065177097e-02 1.491225821094788984e+01
4.393030692170099560e-02 1.554844720970499594e+01
4.498886853275021330e-02 1.502553551101033236e+01
4.604743014379943100e-02 1.452288255807909678e+01
4.710599175484865564e-02 1.490089835719764721e+01
4.816455336589787334e-02 1.607657262540253740e+01
4.922311497694709104e-02 1.552709880625935668e+01
5.028167658799630874e-02 1.569374581808916957e+01
5.134023819904553337e-02 1.589742991515649351e+01
5.239879981009475801e-02 1.621276328387213539e+01
5.345736142114396877e-02 1.637892942615370373e+01
5.451592303219319341e-02 1.611088893524437893e+01
5.557448464324241805e-02 1.581473369556535857e+01
5.663304625429163575e-02 1.563191233329877150e+01
5.769160786534086038e-02 1.604548760273905827e+01
5.875016947639008502e-02 1.644585053273191733e+01
5.980873108743929578e-02 1.604381204130973870e+01
6.086729269848852042e-02 1.591591243247640364e+01
6.192585430953773118e-02 1.622100502132258981e+01
6.298441592058695582e-02 1.673418653101407472e+01
6.404297753163618045e-02 1.639656797548227019e+01
6.510153914268539121e-02 1.679002293039123117e+01
6.616010075373461585e-02 1.709948402865923356e+01
6.721866236478384049e-02 1.661156015849599044e+01
6.827722397583306513e-02 1.659846390768572633e+01
6.933578558688228977e-02 1.679610251851289604e+01
7.039434719793150053e-02 1.679981515034282680e+01
7.145290880898072516e-02 1.688234083482459980e+01
7.251147042002993592e-02 1.713962173416123136e+01
7.357003203107916056e-02 1.688413063304238548e+01
7.462859364212838520e-02 1.682519362271855101e+01
7.568715525317759596e-02 1.707165286680269745e+01
7.674571686422682060e-02 1.749636961059358953e+01
7.780427847527604523e-02 1.727257827838350224e+01
7.886284008632526987e-02 1.694515335324438610e+01
7.992140169737449451e-02 1.701324418172363551e+01
8.097996330842370527e-02 1.703924444542444760e+01
8.203852491947292991e-02 1.686090771692201074e+01
8.309708653052215455e-02 1.684045561103882704e+01
8.415564814157136531e-02 1.683616819214832105e+01
8.521420975262058994e-02 1.685481748050287365e+01
8.627277136366980070e-02 1.710649946372329211e+01
8.733133297471902534e-02 1.722208241352939240e+01
8.838989458576824998e-02 1.686469031799212459e+01
8.944845619681746074e-02 1.673152102574087507e+01
9.050701780786668538e-02 1.688520515819361378e+01
9.156557941891591001e-02 1.708636635257165892e+01
9.262414102996513465e-02 1.690271875004009772e+01
9.368270264101435929e-02 1.688353707665072534e+01
9.474126425206357005e-02 1.697248649880155824e+01
9.579982586311279469e-02 1.672039331334000423e+01
9.685838747416200545e-02 1.677315095445852222e+01
9.791694908521123009e-02 1.681454550192170672e+01
9.897551069626045472e-02 1.680241816141694500e+01
1.000340723073096516e-01 1.702675188923664251e+01
1.010926339183588762e-01 1.734265200576907517e+01
1.021511955294081009e-01 1.722032107160109504e+01
1.032097571404573255e-01 1.702917094402986109e+01
1.042683187515065502e-01 1.711145265201905019e+01
1.053268803625557748e-01 1.706416490018805732e+01
1.063854419736049856e-01 1.704418664255778992e+01
1.074440035846542102e-01 1.715402651927566069e+01
1.085025651957034348e-01 1.721412494372097512e+01
1.095611268067526595e-01 1.694674913183698806e+01
1.106196884178018841e-01 1.695616018517650048e+01
1.116782500288510810e-01 1.696262908848188289e+01
1.127368116399003056e-01 1.691851548290325979e+01
1.137953732509495303e-01 1.706572745357401999e+01
1.148539348619987549e-01 1.690859151683151040e+01
1.159124964730479795e-01 1.680295961128912197e+01
1.169710580840972042e-01 1.666296057743765147e+01
1.180296196951464149e-01 1.645675853925052934e+01
1.190881813061956396e-01 1.683755527973947963e+01
1.201467429172448642e-01 1.694549820457991274e+01
1.212053045282940889e-01 1.697523924144346807e+01
1.222638661393433135e-01 1.681787185971610654e+01
1.233224277503925104e-01 1.689955170390039996e+01
1.243809893614417350e-01 1.719834334912183138e+01
1.254395509724909596e-01 1.687440860811173593e+01
1.264981125835401843e-01 1.675119739297456078e+01
1.275566741945894089e-01 1.692521746049491327e+01
1.286152358056386058e-01 1.699063350339953615e+01
1.296737974166878304e-01 1.694783442593566747e+01
1.307323590277370551e-01 1.700728507900279141e+01
1.317909206387862797e-01 1.692494181239029416e+01
1.328494822498355044e-01 1.719738963927753872e+01
1.339080438608847012e-01 1.736974370558156266e+01
1.349666054719339259e-01 1.718288125335238092e+01
1.360251670829831505e-01 1.711698310988709437e+01
1.370837286940323752e-01 1.730645765488209520e+01
1.381422903050815998e-01 1.722917969745882516e+01
1.392008519161308244e-01 1.735416203846662597e+01
1.402594135271800491e-01 1.732860988803158264e+01
1.413179751382292737e-01 1.725833212300302932e+01
1.423765367492784983e-01 1.718204711850180288e+01
1.434350983603277230e-01 1.716686446303387470e+01
1.444936599713769199e-01 1.707589371340282014e+01
1.455522215824261445e-01 1.714852632889586914e+01
1.466107831934753691e-01 1.698799308559678423e+01
1.476693448045245938e-01 1.701670324800035417e+01
1.487279064155738184e-01 1.692564749192441198e+01
1.497864680266230153e-01 1.680685039911956835e+01
1.508450296376722399e-01 1.686899617386694672e+01
1.519035912487214646e-01 1.703296373578299949e+01
1.529621528597706892e-01 1.708187644004283356e+01
1.540207144708199138e-01 1.697269454734227878e+01
1.550792760818691107e-01 1.709780671856850276e+01
1.561378376929183354e-01 1.700942778509382336e+01
1.571963993039675600e-01 1.710461864533946752e+01
1.582549609150167846e-01 1.701164986313089855e+01
1.593135225260660093e-01 1.730690819103975997e+01
1.603720841371152339e-01 1.711396389430206000e+01
1.614306457481644586e-01 1.733827251675620928e+01
1.624892073592136832e-01 1.734000909008324953e+01
1.635477689702629078e-01 1.729366389893050382e+01
1.646063305813121325e-01 1.715086590829605484e+01
1.656648921923613571e-01 1.665635988121965738e+01
1.667234538034105540e-01 1.669903662980917147e+01
1.677820154144597786e-01 1.707285916922892710e+01
1.688405770255090033e-01 1.704447014292671270e+01
1.698991386365582279e-01 1.684447583902340284e+01
1.709577002476074525e-01 1.650343949939293964e+01
1.720162618586566494e-01 1.663426421611805850e+01
1.730748234697058741e-01 1.688819903468629136e+01
1.741333850807550987e-01 1.714950653551727910e+01
1.751919466918043233e-01 1.691836532132250071e+01
1.762505083028535480e-01 1.679958634104629311e+01
1.773090699139027449e-01 1.679061037265593015e+01
1.783676315249519695e-01 1.679816021935941350e+01
1.794261931360011941e-01 1.706676605641155220e+01
1.804847547470504188e-01 1.670447544844504861e+01
1.815433163580996434e-01 1.674469697179435812e+01
1.826018779691488403e-01 1.678240475550875743e+01
1.836604395801980649e-01 1.670285646832925508e+01
1.847190011912472896e-01 1.677054539703946290e+01
1.857775628022965142e-01 1.669356963864572663e+01
1.868361244133457388e-01 1.672891214807650329e+01
1.878946860243949635e-01 1.696641573728527774e+01
1.889532476354441881e-01 1.691427750434583999e+01
1.900118092464934128e-01 1.678192490030979656e+01
1.910703708575426374e-01 1.674520536878955213e+01
1.921289324685918620e-01 1.690469606552738213e+01
1.931874940796410589e-01 1.690213011972534929e+01
1.942460556906902835e-01 1.672569582027720259e+01
1.953046173017395082e-01 1.688189279773861529e+01
1.963631789127887328e-01 1.682330342246700994e+01
1.974217405238379575e-01 1.668322679779080175e+01
1.984803021348871543e-01 1.692846428239597856e+01
1.995388637459363790e-01 1.694494242260118710e+01
2.005974253569856036e-01 1.668585829556089806e+01
2.016559869680347727e-01 1.695323003167184694e+01
2.027145485790839974e-01 1.692372142193242013e+01
2.037731101901332220e-01 1.702601773382105677e+01
2.048316718011824467e-01 1.678179410232521462e+01
2.058902334122316713e-01 1.667606713396695994e+01
2.069487950232808959e-01 1.681707199071657044e+01
2.080073566343301206e-01 1.659912339376189294e+01
2.090659182453793452e-01 1.670890587188483778e+01
2.101244798564285698e-01 1.660782013923278200e+01
2.111830414674777945e-01 1.656276179760697786e+01
2.122416030785269914e-01 1.663553496853752023e+01
2.133001646895762160e-01 1.647527542607321749e+01
2.143587263006254406e-01 1.641243918144905933e+01
2.154172879116746653e-01 1.662480857266312029e+01
2.164758495227238899e-01 1.678481315474271440e+01
2.175344111337731146e-01 1.680101375060355196e+01
2.185929727448223392e-01 1.682631810616715740e+01
2.196515343558715638e-01 1.684836475435016467e+01
2.207100959669207885e-01 1.666854097909977384e+01
2.217686575779700131e-01 1.657274109730735034e+01
2.228272191890191822e-01 1.653899331703878772e+01
2.238857808000684069e-01 1.655977450064343159e+01
2.249443424111176315e-01 1.670547488354402077e+01
2.260029040221668561e-01 1.662380317233561655e+01
2.270614656332160808e-01 1.656220922466370737e+01
2.281200272442653054e-01 1.664585759220787153e+01
2.291785888553145301e-01 1.645902547045434972e+01
2.302371504663637547e-01 1.651109460284058628e+01
2.312957120774129793e-01 1.649595377467951351e+01
2.323542736884622040e-01 1.668400124627905967e+01
2.334128352995114286e-01 1.672581824929177685e+01
2.344713969105606255e-01 1.683488499690903240e+01
2.355299585216098501e-01 1.665541718929408788e+01
2.365885201326590748e-01 1.658007693374982239e+01
2.376470817437082994e-01 1.675662504266597352e+01
2.387056433547575240e-01 1.687751737550217257e+01
2.397642049658067487e-01 1.664969245165594458e+01
2.408227665768559733e-01 1.665678545196395532e+01
2.418813281879051980e-01 1.663118229873479237e+01
2.429398897989544226e-01 1.671670511571901585e+01
2.439984514100036472e-01 1.644766362363286305e+01
2.450570130210528164e-01 1.639745567158296069e+01
2.461155746321020410e-01 1.631815559391453974e+01
2.471741362431512656e-01 1.631816984723972297e+01
2.482326978542004903e-01 1.648615495499908690e+01
2.492912594652497149e-01 1.623846973969193641e+01
2.503498210762989395e-01 1.634915097696193342e+01
2.514083826873481642e-01 1.643885518323158834e+01
2.524669442983973888e-01 1.639054425939394832e+01
2.535255059094466135e-01 1.647180794249153024e+01
2.545840675204958381e-01 1.658317409078807358e+01
2.556426291315450072e-01 1.652408971010401473e+01
2.567011907425942319e-01 1.634571902469812699e+01
2.577597523536434565e-01 1.630203133860634779e+01
2.588183139646926811e-01 1.630245334228885667e+01
2.598768755757419058e-01 1.631092959227409267e+01
2.609354371867911304e-01 1.657950905858739077e+01
2.619939987978403551e-01 1.654084172866570057e+01
2.630525604088895797e-01 1.649976374475662766e+01
2.641111220199388043e-01 1.658504121543955989e+01
2.651696836309880290e-01 1.666648702905383317e+01
2.662282452420371981e-01 1.659672294922527769e+01
2.672868068530864227e-01 1.644835192786997524e+01
2.683453684641356474e-01 1.630097677664319633e+01
2.694039300751848720e-01 1.642256070550994451e+01
2.704624916862340966e-01 1.645686575851356537e+01
2.715210532972833213e-01 1.630594129011296900e+01
2.725796149083325459e-01 1.627929426717416561e+01
2.736381765193817706e-01 1.645716638527168385e+01
2.746967381304309952e-01 1.630815619492493340e+01
2.757552997414802198e-01 1.630750901354739568e+01
2.768138613525294445e-01 1.622946817189422930e+01
2.778724229635786691e-01 1.630663588045868195e+01
2.789309845746278937e-01 1.630568488690392570e+01
2.799895461856771184e-01 1.639419276356162669e+01
2.810481077967263430e-01 1.636048610049288499e+01
2.821066694077755677e-01 1.648189620255496379e+01
2.831652310188247923e-01 1.619982299950930837e+01
2.842237926298740169e-01 1.607210660974028826e+01
2.852823542409232416e-01 1.613248048073024421e+01
2.863409158519724662e-01 1.641136696093395742e+01
2.873994774630216908e-01 1.640878375672481582e+01
2.884580390740708600e-01 1.632881578011044610e+01
2.895166006851200846e-01 1.648665647105931953e+01
2.905751622961693093e-01 1.630287686104792755e+01
2.916337239072185339e-01 1.618906381562192109e+01
2.926922855182677585e-01 1.628887123489194266e+01
2.937508471293169832e-01 1.622563645785312758e+01
2.948094087403662078e-01 1.597991571032072677e+01
2.958679703514154324e-01 1.605291337859683054e+01
2.969265319624646571e-01 1.621106746197664350e+01
2.979850935735138817e-01 1.616107237047846468e+01
2.990436551845630508e-01 1.620753983632832984e+01
3.001022167956122755e-01 1.618046066780378212e+01
3.011607784066615001e-01 1.623946426162704526e+01
3.022193400177107248e-01 1.615642731437468171e+01
3.032779016287599494e-01 1.613757779913050427e+01
3.043364632398091740e-01 1.624257585951552940e+01
3.053950248508583987e-01 1.624593133639131892e+01
3.064535864619076233e-01 1.608698889764451678e+01
3.075121480729568479e-01 1.604640250887627673e+01
3.085707096840060726e-01 1.615337926169806693e+01
3.096292712950552417e-01 1.618322706569924208e+01
3.106878329061044663e-01 1.627899224907382347e+01
3.117463945171536910e-01 1.624074424407274719e+01
3.128049561282029156e-01 1.615556552498438592e+01
3.138635177392521403e-01 1.605434382262268400e+01
3.149220793503013649e-01 1.616087223010822171e+01
3.159806409613505895e-01 1.623080379209239865e+01
3.170392025723998142e-01 1.618121120851021288e+01
3.180977641834490388e-01 1.607758650482923457e+01
3.191563257944982634e-01 1.603149682251049413e+01
3.202148874055474881e-01 1.608129409952743316e+01
3.212734490165967127e-01 1.613049424472361792e+01
3.223320106276459374e-01 1.599248102533255000e+01
3.233905722386951620e-01 1.596570947142751962e+01
3.244491338497443866e-01 1.603074539711053603e+01
3.255076954607936113e-01 1.607522323855779689e+01
3.265662570718428359e-01 1.598832423847499840e+01
3.276248186828920606e-01 1.605667433753548323e+01
3.286833802939412852e-01 1.609728761724210955e+01
3.297419419049905098e-01 1.608502552135979258e+01
3.308005035160397345e-01 1.628885598022406711e+01
3.318590651270889036e-01 1.612415977215367846e+01
3.329176267381381282e-01 1.600862900501020292e+01
3.339761883491873529e-01 1.603310919130188239e+01
3.350347499602365775e-01 1.606225590220981303e+01
3.360933115712858021e-01 1.609315315053472517e+01
3.371518731823350268e-01 1.618277479068465396e+01
3.382104347933842514e-01 1.598682976871623573e+01
3.392689964044334761e-01 1.593717982150574741e+01
3.403275580154827007e-01 1.602744451674294623e+01
3.413861196265319253e-01 1.592220041523068730e+01
3.424446812375810945e-01 1.584866189558578142e+01
3.435032428486303191e-01 1.588994715858608764e+01
3.445618044596795437e-01 1.599125372500834352e+01
3.456203660707287684e-01 1.600757888943500973e+01
3.466789276817779930e-01 1.611360834824881749e+01
3.477374892928272176e-01 1.604915571316812262e+01
3.487960509038764423e-01 1.604507911836593337e+01
3.498546125149256669e-01 1.596935815506758694e+01
3.509131741259748916e-01 1.607020876843322554e+01
3.519717357370241162e-01 1.610734427689319403e+01
3.530302973480732853e-01 1.605748275475106368e+01
3.540888589591225100e-01 1.604086984192669973e+01
3.551474205701717346e-01 1.599676882326351013e+01
3.562059821812209592e-01 1.588269950687010379e+01
3.572645437922701839e-01 1.595725359461305892e+01
3.583231054033194085e-01 1.597715323081024863e+01
3.593816670143686332e-01 1.604078026380785715e+01
3.604402286254178578e-01 1.600527694741376905e+01
3.614987902364670824e-01 1.587013857120960125e+01
3.625573518475163071e-01 1.581740306413375485e+01
3.636159134585655317e-01 1.592692129402944801e+01
3.646744750696147008e-01 1.591299617709132441e+01
3.657330366806639255e-01 1.595333319936105099e+01
3.667915982917131501e-01 1.584638240893144712e+01
3.678501599027623747e-01 1.572273547604758726e+01
3.689087215138115994e-01 1.584847451746973945e+01
3.699672831248608240e-01 1.604757434699742902e+01
3.710258447359100487e-01 1.582946026125209471e+01
3.720844063469592733e-01 1.592787390812123682e+01
3.731429679580084979e-01 1.591055644836061411e+01
3.742015295690577226e-01 1.581394672376921662e+01
3.752600911801069472e-01 1.587524616226718344e+01
3.763186527911561718e-01 1.590278053811203129e+01
3.773772144022053965e-01 1.608125766102744336e+01
3.784357760132546211e-01 1.608272703568436768e+01
3.794943376243038458e-01 1.592246979267854101e+01
3.805528992353530704e-01 1.587517225095175100e+01
3.816114608464022950e-01 1.600901012056733919e+01
3.826700224574515197e-01 1.592749233404103215e+01
3.837285840685007443e-01 1.586747240494015720e+01
3.847871456795499689e-01 1.593396171282848428e+01
3.858457072905991381e-01 1.594622609531118052e+01
3.869042689016483627e-01 1.601140215693624214e+01
3.879628305126975873e-01 1.570675731413598086e+01
3.890213921237468120e-01 1.577210774857238995e+01
3.900799537347960366e-01 1.584309389957300951e+01
3.911385153458452613e-01 1.587183363771866063e+01
3.921970769568944859e-01 1.587863727993981122e+01
3.932556385679437105e-01 1.589711628794424669e+01
3.943142001789929352e-01 1.579503481958691502e+01
3.953727617900421598e-01 1.582677114172357768e+01
3.964313234010913289e-01 1.594763559923900686e+01
3.974898850121405536e-01 1.585197326202136914e+01
3.985484466231897782e-01 1.583248138446508690e+01
3.996070082342390029e-01 1.586658665985303784e+01
4.006655698452882830e-01 1.582648248369983790e+01
4.017241314563373966e-01 1.588740439660512394e+01
4.027826930673866213e-01 1.587936388283471167e+01
4.038412546784358459e-01 1.588582932144919901e+01
4.048998162894850705e-01 1.580207324021555415e+01
4.059583779005342952e-01 1.568755672867729700e+01
4.070169395115835198e-01 1.567910880831266418e+01
4.080755011226327444e-01 1.590590360424049798e+01
4.091340627336819691e-01 1.590408719877820687e+01
4.101926243447311937e-01 1.587087404146578962e+01
4.112511859557804184e-01 1.571085107895631872e+01
4.123097475668296430e-01 1.572072798640839153e+01
4.133683091778788676e-01 1.581326599748311956e+01
4.144268707889280923e-01 1.575398326315755249e+01
4.154854323999773169e-01 1.576332132548416531e+01
4.165439940110265415e-01 1.588529867946182783e+01
4.176025556220757662e-01 1.586594011779692970e+01
4.186611172331249908e-01 1.575888245026601986e+01
4.197196788441742155e-01 1.581321298085548577e+01
4.207782404552234401e-01 1.583914160657102599e+01
4.218368020662726647e-01 1.581954482043681232e+01
4.228953636773218894e-01 1.589300131691244822e+01
4.239539252883710585e-01 1.568900890717663721e+01
4.250124868994202831e-01 1.562664033471020275e+01
4.260710485104695078e-01 1.570166572733165111e+01
4.271296101215187324e-01 1.570195728909933131e+01
4.281881717325679571e-01 1.554527499917790223e+01
4.292467333436171817e-01 1.556044976180355022e+01
4.303052949546664063e-01 1.575459907697755391e+01
4.313638565657156310e-01 1.564321905570393767e+01
4.324224181767648556e-01 1.564918085117254165e+01
4.334809797878140802e-01 1.579755696491355188e+01
4.345395413988633049e-01 1.566512333884945107e+01
4.355981030099125295e-01 1.591416598285128359e+01
4.366566646209617542e-01 1.586061660627431102e+01
4.377152262320109788e-01 1.578662122185606265e+01
4.387737878430602034e-01 1.580873548788730432e+01
4.398323494541094281e-01 1.572402045995649189e+01
4.408909110651586527e-01 1.577060844045581689e+01
4.419494726762078773e-01 1.578567094852225594e+01
4.430080342872571020e-01 1.569263669115273885e+01
4.440665958983063266e-01 1.567801731519649699e+01
4.451251575093554402e-01 1.560457875678337025e+01
4.461837191204046649e-01 1.578036717346299689e+01
4.472422807314538895e-01 1.586806365598200763e+01
4.483008423425031141e-01 1.580981056095337678e+01
4.493594039535523388e-01 1.586353252523134039e+01
4.504179655646015634e-01 1.583180939036409463e+01
4.514765271756507881e-01 1.580162740035975233e+01
4.525350887867000127e-01 1.573117419411239482e+01
4.535936503977492373e-01 1.567053461579412676e+01
4.546522120087984620e-01 1.578238083421990900e+01
4.557107736198476866e-01 1.590252744747570013e+01
4.567693352308969112e-01 1.577488141491720164e+01
4.578278968419461359e-01 1.571405240496955535e+01
4.588864584529953605e-01 1.575734538873493484e+01
4.599450200640445852e-01 1.573765993426819065e+01
4.610035816750938098e-01 1.570348341634296929e+01
4.620621432861430344e-01 1.558702371997789449e+01
4.631207048971922591e-01 1.554064048446673674e+01
4.641792665082414837e-01 1.568335046358287599e+01
4.652378281192907084e-01 1.574057289929374726e+01
4.662963897303399330e-01 1.580235851714108541e+01
4.673549513413890466e-01 1.585775494936186014e+01
4.684135129524382712e-01 1.599236441137509956e+01
4.694720745634874959e-01 1.571012356387173803e+01
4.705306361745367205e-01 1.571361026785738702e+01
4.715891977855859452e-01 1.568289935736913243e+01
4.726477593966351698e-01 1.559010579501546445e+01
4.737063210076843944e-01 1.556718905427374189e+01
4.747648826187336191e-01 1.564894636262174821e+01
4.758234442297828437e-01 1.573281829929758224e+01
4.768820058408320683e-01 1.561108944417549083e+01
4.779405674518812930e-01 1.560930307943159789e+01
4.789991290629305176e-01 1.551450081836475903e+01
4.800576906739797423e-01 1.541423445671940406e+01
4.811162522850289669e-01 1.551665662993276307e+01
4.821748138960781915e-01 1.557173519139414708e+01
4.832333755071274162e-01 1.551011657994888182e+01
4.842919371181766408e-01 1.535070866414003099e+01
4.853504987292258654e-01 1.548293850718956399e+01
4.864090603402750901e-01 1.549412986844095741e+01
4.874676219513243147e-01 1.541839987578145355e+01
4.885261835623734838e-01 1.529877827583225702e+01
4.895847451734227085e-01 1.521967964961917019e+01
4.906433067844719331e-01 1.542760035274662656e+01
4.917018683955211578e-01 1.542463350456648641e+01
4.927604300065703824e-01 1.536968225798036336e+01
4.938189916176196070e-01 1.549565388352941042e+01
4.948775532286688317e-01 1.543212934938600256e+01
4.959361148397180563e-01 1.540212736455340981e+01
4.969946764507672810e-01 1.532427614020471651e+01
4.980532380618165056e-01 1.527884631327005316e+01
4.991117996728657302e-01 1.524425366780587865e+01
5.001703612839148994e-01 1.529760738856339408e+01
5.012289228949641240e-01 1.524301185227806066e+01
5.022874845060133486e-01 1.517658514804683989e+01
5.033460461170625733e-01 1.517495564053279722e+01
5.044046077281117979e-01 1.511384804350895905e+01
5.054631693391610225e-01 1.516136522155305855e+01
5.065217309502102472e-01 1.500989761783719700e+01
5.075802925612594718e-01 1.506543076277937310e+01
5.086388541723086965e-01 1.527766873963000194e+01
5.096974157833579211e-01 1.512984458716660541e+01
5.107559773944071457e-01 1.509712118027859340e+01
5.118145390054563704e-01 1.511841529888361002e+01
5.128731006165055950e-01 1.510180810472707869e+01
5.139316622275548196e-01 1.511953582761539394e+01
5.149902238386040443e-01 1.511196816780177521e+01
5.160487854496532689e-01 1.512675216498619513e+01
5.171073470607024936e-01 1.523893118103951849e+01
5.181659086717517182e-01 1.514587091681153552e+01
5.192244702828009428e-01 1.513407277919386473e+01
5.202830318938501675e-01 1.516991813745655548e+01
5.213415935048993921e-01 1.514697544167144194e+01
5.224001551159486167e-01 1.511223723533584540e+01
5.234587167269978414e-01 1.506163210181739132e+01
5.245172783380470660e-01 1.513589788514280343e+01
5.255758399490962907e-01 1.512423421325663142e+01
5.266344015601455153e-01 1.508214808966822496e+01
5.276929631711947399e-01 1.500842123621750446e+01
5.287515247822439646e-01 1.501957402645702544e+01
5.298100863932931892e-01 1.511226473723536756e+01
5.308686480043424138e-01 1.510226940874041368e+01
5.319272096153915275e-01 1.514418204616104191e+01
5.329857712264407521e-01 1.510924790800170747e+01
5.340443328374899767e-01 1.505106915720462801e+01
5.351028944485392014e-01 1.508317225596968392e+01
5.361614560595884260e-01 1.514650870239306002e+01
5.372200176706376507e-01 1.504820184816709094e+01
5.382785792816868753e-01 1.487067166292955989e+01
5.393371408927360999e-01 1.500483872897767945e+01
5.403957025037853246e-01 1.500773555841304585e+01
5.414542641148345492e-01 1.501902931714140976e+01
5.425128257258837738e-01 1.503997274462273914e+01
5.435713873369329985e-01 1.502697660452879980e+01
5.446299489479822231e-01 1.498976537577680546e+01
5.456885105590314478e-01 1.496640677161540545e+01
5.467470721700806724e-01 1.498172697614170801e+01
5.478056337811298970e-01 1.501065988026789988e+01
5.488641953921791217e-01 1.497792340884132933e+01
5.499227570032283463e-01 1.495515616593731956e+01
5.509813186142775709e-01 1.500143450917670407e+01
5.520398802253267956e-01 1.491775993897525510e+01
5.530984418363760202e-01 1.501649600356567760e+01
5.541570034474251338e-01 1.508972125232451766e+01
5.552155650584743585e-01 1.495787154628154703e+01
5.562741266695235831e-01 1.495531082383975985e+01
5.573326882805728077e-01 1.483740113135225513e+01
5.583912498916220324e-01 1.487113090962891171e+01
5.594498115026712570e-01 1.490692845923322096e+01
5.605083731137204817e-01 1.497024622253089454e+01
5.615669347247697063e-01 1.494773231848939865e+01
5.626254963358189309e-01 1.488243697644247199e+01
5.636840579468681556e-01 1.494614872922513804e+01
5.647426195579173802e-01 1.496291066549038895e+01
5.658011811689666049e-01 1.488597360390606816e+01
5.668597427800158295e-01 1.487021152855045969e+01
5.679183043910650541e-01 1.476849698077517559e+01
5.689768660021142788e-01 1.488283891621383148e+01
5.700354276131635034e-01 1.486267298475939569e+01
5.710939892242127280e-01 1.492069555114609436e+01
5.721525508352619527e-01 1.479110272198020581e+01
5.732111124463111773e-01 1.478628037095307945e+01
5.742696740573604020e-01 1.488617686672108675e+01
5.753282356684095156e-01 1.489074100188294558e+01
5.763867972794587402e-01 1.482325001070667803e+01
5.774453588905079648e-01 1.488043850172850924e+01
5.785039205015571895e-01 1.486557466546104145e+01
5.795624821126064141e-01 1.480159447603104006e+01
5.806210437236556388e-01 1.497111864765362732e+01
5.816796053347048634e-01 1.488154218715531485e+01
5.827381669457540880e-01 1.478166443947727871e+01
5.837967285568033127e-01 1.478374092337581125e+01
5.848552901678525373e-01 1.486243771171744221e+01
5.859138517789017619e-01 1.482037352417165721e+01
5.869724133899509866e-01 1.488799930970273522e+01
5.880309750010002112e-01 1.477304167875152885e+01
5.890895366120494359e-01 1.474828810879802177e+01
5.901480982230986605e-01 1.483403665570693342e+01
5.912066598341478851e-01 1.483718339952753063e+01
5.922652214451971098e-01 1.479531966910236207e+01
5.933237830562463344e-01 1.475539457568714141e+01
5.943823446672955590e-01 1.477393543977287926e+01
5.954409062783447837e-01 1.479273247945002012e+01
5.964994678893940083e-01 1.472978427639801779e+01
5.975580295004431219e-01 1.469500559257586936e+01
5.986165911114923466e-01 1.466324452335380002e+01
5.996751527225415712e-01 1.472209677125532146e+01
