# q (1/Angstrom), Intensity (arb)
2.029070354705860696e-02 1.433260685340559576e+03
2.133125244372399004e-02 1.428724310972780586e+03
2.237180134038937659e-02 1.417720803156767261e+03
2.341235023705475968e-02 1.409341703759476331e+03
2.445289913372014276e-02 1.397618150939300222e+03
2.549344803038552584e-02 1.386490505208341119e+03
2.653399692705091240e-02 1.375689469402349687e+03
2.757454582371629548e-02 1.363131089931301176e+03
2.861509472038167856e-02 1.342694029824610652e+03
2.965564361704706164e-02 1.328965172171060885e+03
3.069619251371244473e-02 1.315141851004803357e+03
3.173674141037782781e-02 1.298154017580057143e+03
3.277729030704321089e-02 1.277121163555290423e+03
3.381783920370859398e-02 1.253723518774329250e+03
3.485838810037397706e-02 1.238698181588155194e+03
3.589893699703936014e-02 1.218795615795042977e+03
3.693948589370474322e-02 1.190911596051201741e+03
3.798003479037012631e-02 1.166746318116445764e+03
3.902058368703550939e-02 1.149937240295035508e+03
4.006113258370089247e-02 1.130655596129637388e+03
4.110168148036627556e-02 1.110448073688319710e+03
4.214223037703165864e-02 1.083397240287916247e+03
4.318277927369704866e-02 1.057688283862463322e+03
4.422332817036243174e-02 1.033898073888359249e+03
4.526387706702781483e-02 1.013930135864517638e+03
4.630442596369319791e-02 9.860974963605358425e+02
4.734497486035858099e-02 9.632140129375339939e+02
4.838552375702396408e-02 9.402400977161605624e+02
4.942607265368934716e-02 9.156822627155185046e+02
5.046662155035473024e-02 8.924000490565596238e+02
5.150717044702011332e-02 8.683187713449933653e+02
5.254771934368549641e-02 8.468150648808963297e+02
5.358826824035087949e-02 8.239679886766398340e+02
5.462881713701626257e-02 8.005184423381106171e+02
5.566936603368164566e-02 7.769771768688813154e+02
5.670991493034702874e-02 7.548333049500846528e+02
5.775046382701241182e-02 7.303986989944886545e+02
5.879101272367779490e-02 7.074511169877708880e+02
5.983156162034317799e-02 6.854024773840498028e+02
6.087211051700856107e-02 6.639728806933320584e+02
6.191265941367394415e-02 6.423531526378079661e+02
6.295320831033933417e-02 6.196823484429372684e+02
6.399375720700471726e-02 5.971749634848140431e+02
6.503430610367010034e-02 5.773283314294458251e+02
6.607485500033548342e-02 5.564904585437769811e+02
6.711540389700086651e-02 5.362439131459225337e+02
6.815595279366624959e-02 5.131435953357291737e+02
6.919650169033163267e-02 4.917018356467298759e+02
7.023705058699701576e-02 4.715121849400987912e+02
7.127759948366239884e-02 4.522109904908475642e+02
7.231814838032778192e-02 4.356400974189018598e+02
7.335869727699316500e-02 4.173420559978602000e+02
7.439924617365854809e-02 3.999613323885501472e+02
7.543979507032393117e-02 3.811442011759373258e+02
7.648034396698931425e-02 3.645759279254405669e+02
7.752089286365469734e-02 3.467243534648736158e+02
7.856144176032008042e-02 3.301510450939751991e+02
7.960199065698546350e-02 3.137933363207805542e+02
8.064253955365084658e-02 2.977229879694822898e+02
8.168308845031622967e-02 2.832876841735853759e+02
8.272363734698161275e-02 2.701071029775999364e+02
8.376418624364699583e-02 2.557338193223511098e+02
8.480473514031239279e-02 2.419585670340077002e+02
8.584528403697777588e-02 2.278598940988293293e+02
8.688583293364315896e-02 2.155383073853930114e+02
8.792638183030854204e-02 2.028017477279635727e+02
8.896693072697392513e-02 1.915787683101453354e+02
9.000747962363930821e-02 1.795148865015569584e+02
9.104802852030469129e-02 1.681920101240514782e+02
9.208857741697007437e-02 1.580131615539536085e+02
9.312912631363545746e-02 1.478275022876237017e+02
9.416967521030084054e-02 1.381809378163221140e+02
9.521022410696622362e-02 1.281259723828968617e+02
9.625077300363160671e-02 1.193912011903572932e+02
9.729132190029698979e-02 1.114479323006064675e+02
9.833187079696237287e-02 1.026469927109810669e+02
9.937241969362775595e-02 9.446257183029661064e+01
1.004129685902931390e-01 8.588952145703663632e+01
1.014535174869585221e-01 7.901781056643797285e+01
1.024940663836239052e-01 7.339441986757751124e+01
1.035346152802892883e-01 6.726416314946239083e+01
1.045751641769546714e-01 6.172466923675688122e+01
1.056157130736200545e-01 5.626804013094481860e+01
1.066562619702854375e-01 5.196755825128909834e+01
1.076968108669508206e-01 4.728073460817467577e+01
1.087373597636162037e-01 4.231586063492924410e+01
1.097779086602815868e-01 3.819171741369742534e+01
1.108184575569469699e-01 3.423208946614711579e+01
1.118590064536123529e-01 3.101875489591333945e+01
1.128995553502777360e-01 2.689591987346312152e+01
1.139401042469431191e-01 2.388451111396820892e+01
1.149806531436085022e-01 2.069060358057564031e+01
1.160212020402738853e-01 1.805782170486791216e+01
1.170617509369392684e-01 1.599707989295997379e+01
1.181022998336046514e-01 1.407959179253603565e+01
1.191428487302700345e-01 1.214475176916058530e+01
1.201833976269354176e-01 1.018485964870767901e+01
1.212239465236008007e-01 8.675716141840808859e+00
1.222644954202661838e-01 7.655657774259758241e+00
1.233050443169315669e-01 6.279982129284036318e+00
1.243455932135969499e-01 5.234144018058003667e+00
1.253861421102623330e-01 4.320381888831413164e+00
1.264266910069277161e-01 3.742114779092418075e+00
1.274672399035930992e-01 3.363000404003685162e+00
1.285077888002584823e-01 2.915680069086761250e+00
1.295483376969238654e-01 2.146539194700380904e+00
1.305888865935892484e-01 1.769138313545063568e+00
1.316294354902546315e-01 1.846681730901849505e+00
1.326699843869200146e-01 1.826275019011276868e+00
1.337105332835853977e-01 1.520510845820872703e+00
1.347510821802507808e-01 1.363105991217501867e+00
1.357916310769161639e-01 1.513472435447624775e+00
1.368321799735815469e-01 2.044504115638311248e+00
1.378727288702469300e-01 2.172305583348425273e+00
1.389132777669123131e-01 2.575514018875075806e+00
1.399538266635776962e-01 2.419709181810951293e+00
1.409943755602430793e-01 3.180240738055175598e+00
1.420349244569084624e-01 3.522745388613465423e+00
1.430754733535738454e-01 3.815878591281510523e+00
1.441160222502392285e-01 4.178247471371300037e+00
1.451565711469046116e-01 5.060522180917139679e+00
1.461971200435699947e-01 5.617318499300132828e+00
1.472376689402353778e-01 6.223040382231303624e+00
1.482782178369007609e-01 6.645708411336126886e+00
1.493187667335661439e-01 6.983894761723927758e+00
1.503593156302315270e-01 7.287150609065598417e+00
1.513998645268969101e-01 7.764833543777783120e+00
1.524404134235622932e-01 7.841753606949154687e+00
1.534809623202276763e-01 8.329144123675774836e+00
1.545215112168930593e-01 8.341227701636370284e+00
1.555620601135584424e-01 8.938939477990729188e+00
1.566026090102238255e-01 9.363323607325611420e+00
1.576431579068892086e-01 9.575071946374592358e+00
1.586837068035545917e-01 9.848611008317618598e+00
1.597242557002199748e-01 9.981352219281781402e+00
1.607648045968853578e-01 1.041521611630333055e+01
1.618053534935507409e-01 1.075923955081814753e+01
1.628459023902161240e-01 1.075419236944421542e+01
1.638864512868815071e-01 1.084791600689696267e+01
1.649270001835468902e-01 1.089569528700000234e+01
1.659675490802122733e-01 1.066165746923240221e+01
1.670080979768776563e-01 1.083696218704384151e+01
1.680486468735430672e-01 1.072804962222173231e+01
1.690891957702084503e-01 1.075566857204153592e+01
1.701297446668738333e-01 1.137487873809775607e+01
1.711702935635392164e-01 1.101159774066574926e+01
1.722108424602045995e-01 1.092290217619711967e+01
1.732513913568699826e-01 1.076549958311283461e+01
1.742919402535353657e-01 1.031487368021515749e+01
1.753324891502007488e-01 1.033532033239164249e+01
1.763730380468661318e-01 1.032850719550539154e+01
1.774135869435315149e-01 1.032387255112267965e+01
1.784541358401968980e-01 1.018906466447943870e+01
1.794946847368622811e-01 9.699527915949495593e+00
1.805352336335276642e-01 9.289502580089319395e+00
1.815757825301930473e-01 9.592259172782164001e+00
1.826163314268584303e-01 9.346906749899929423e+00
1.836568803235238134e-01 8.490612432799885312e+00
1.846974292201891965e-01 7.942766283197371990e+00
1.857379781168545796e-01 8.034619695157338981e+00
1.867785270135199627e-01 7.816463663324263678e+00
1.878190759101853458e-01 7.495000276662626248e+00
1.888596248068507288e-01 7.402278212282070058e+00
1.899001737035161119e-01 7.006715170189636410e+00
1.909407226001814950e-01 6.835163900437958517e+00
1.919812714968468781e-01 6.305585768890757947e+00
1.930218203935122612e-01 6.283832407530873354e+00
1.940623692901776443e-01 5.930354365358358137e+00
1.951029181868430273e-01 5.181093376874304823e+00
1.961434670835084104e-01 4.938132053019593570e+00
1.971840159801737935e-01 4.837021850425418990e+00
1.982245648768391766e-01 4.454845491399190394e+00
1.992651137735045597e-01 4.303406360650175344e+00
2.003056626701699428e-01 4.052444635113911175e+00
2.013462115668353813e-01 3.662507440431362227e+00
2.023867604635007644e-01 3.484111990784292345e+00
2.034273093601661475e-01 3.320815616254591873e+00
2.044678582568315306e-01 2.777822568456237207e+00
2.055084071534969137e-01 2.628072786430500685e+00
2.065489560501622968e-01 2.536816646166570877e+00
2.075895049468276798e-01 2.243444442424532781e+00
2.086300538434930629e-01 1.656171758746456391e+00
2.096706027401584460e-01 1.292604146297140488e+00
2.107111516368238291e-01 1.346437838334310300e+00
2.117517005334892122e-01 1.341414365287739940e+00
2.127922494301545953e-01 1.707690491478544459e+00
2.138327983268199783e-01 1.266063699082106808e+00
2.148733472234853614e-01 9.590618248964553061e-01
2.159138961201507445e-01 7.196577912676609401e-01
2.169544450168161276e-01 6.183692362714054980e-01
2.179949939134815107e-01 8.818073061560447456e-01
2.190355428101468938e-01 1.036231401069180436e+00
2.200760917068122768e-01 9.528116703812159471e-01
2.211166406034776599e-01 7.791759082834133210e-01
2.221571895001430430e-01 7.135760655359213445e-01
2.231977383968084261e-01 4.346232220802050961e-01
2.242382872934738092e-01 4.784465998761469052e-01
2.252788361901391923e-01 7.461505123353724400e-01
2.263193850868045753e-01 8.347306029936660821e-01
2.273599339834699584e-01 7.605449513927879934e-01
2.284004828801353415e-01 6.086749653375740365e-01
2.294410317768007246e-01 4.747493447014754508e-01
2.304815806734661077e-01 5.034090342889214753e-01
2.315221295701314908e-01 5.626949916450350031e-01
2.325626784667968738e-01 4.417092569068756802e-01
2.336032273634622569e-01 4.928412691573527127e-01
2.346437762601276400e-01 7.364138545331258001e-01
2.356843251567930231e-01 9.078148214550942896e-01
2.367248740534584062e-01 5.964413412361189160e-01
2.377654229501237892e-01 1.524647727983143852e-01
2.388059718467891723e-01 3.036832460452068005e-01
2.398465207434545554e-01 5.295582274166115155e-01
2.408870696401199385e-01 6.813111821322195283e-01
2.419276185367853216e-01 8.206604462658688703e-01
2.429681674334507047e-01 8.974946172414135503e-01
2.440087163301160877e-01 1.014871170904477538e+00
2.450492652267814708e-01 1.149756269279716747e+00
2.460898141234468539e-01 1.386198179983132661e+00
2.471303630201122370e-01 1.586133261471260880e+00
2.481709119167776201e-01 1.492602621909160376e+00
2.492114608134430032e-01 1.512942505996026199e+00
2.502520097101083585e-01 1.368503246867767587e+00
2.512925586067737416e-01 1.762990676290847603e+00
2.523331075034391247e-01 1.566741371465560917e+00
2.533736564001045077e-01 1.534257526816933392e+00
2.544142052967698908e-01 1.434902925645474170e+00
2.554547541934352739e-01 1.219055187590967648e+00
2.564953030901006570e-01 1.228669925009928221e+00
2.575358519867660401e-01 1.439233076007909062e+00
2.585764008834314231e-01 1.599559285624909677e+00
2.596169497800968062e-01 1.654224928653079019e+00
2.606574986767621893e-01 1.398184594712624573e+00
2.616980475734275724e-01 1.556674033513040456e+00
2.627385964700929555e-01 1.659602187858862266e+00
2.637791453667583386e-01 1.717500438543027030e+00
2.648196942634237216e-01 1.670348391040029412e+00
2.658602431600891047e-01 1.746738113038727391e+00
2.669007920567544878e-01 1.702230530192927915e+00
2.679413409534198709e-01 1.630349460427485297e+00
2.689818898500852540e-01 1.658130513054793198e+00
2.700224387467506371e-01 1.764739864950819026e+00
2.710629876434160201e-01 1.486229157909658483e+00
2.721035365400814032e-01 1.449060954096957232e+00
2.731440854367467863e-01 1.539309975062177926e+00
2.741846343334121694e-01 1.578475962899336338e+00
2.752251832300775525e-01 1.605175890532414940e+00
2.762657321267429356e-01 1.643096852362120330e+00
2.773062810234083186e-01 1.467852342736875926e+00
2.783468299200737017e-01 1.322939167064124177e+00
2.793873788167390848e-01 1.269310376524529715e+00
2.804279277134044679e-01 1.219358805233117238e+00
2.814684766100698510e-01 1.218212029051805700e+00
2.825090255067352341e-01 1.034915153416523736e+00
2.835495744034006171e-01 1.122912485689511186e+00
2.845901233000660002e-01 1.214697752900580241e+00
2.856306721967313833e-01 1.299024811003810953e+00
2.866712210933967664e-01 1.269707666250127431e+00
2.877117699900621495e-01 1.122079535316707677e+00
2.887523188867275326e-01 1.091930887770505620e+00
2.897928677833929156e-01 1.177076653496914815e+00
2.908334166800582987e-01 1.005075259333704452e+00
2.918739655767236818e-01 8.919372325243450916e-01
2.929145144733890649e-01 1.018299052798358417e+00
2.939550633700544480e-01 9.555495040070276502e-01
2.949956122667198311e-01 5.779909174206494527e-01
2.960361611633852141e-01 5.759723427468728119e-01
2.970767100600505972e-01 6.091442191145866047e-01
2.981172589567159803e-01 7.490233023051438010e-01
2.991578078533813634e-01 7.271737520633259066e-01
3.001983567500468020e-01 6.717734661507073213e-01
3.012389056467121851e-01 5.719208190417113258e-01
3.022794545433775681e-01 4.012718092811233817e-01
3.033200034400429512e-01 3.645239437130740612e-01
3.043605523367083343e-01 2.677324421055296000e-01
3.054011012333737174e-01 4.215972243660779384e-01
3.064416501300391005e-01 4.085313049105927519e-01
3.074821990267044836e-01 2.364586062395765964e-01
3.085227479233698666e-01 2.768045646135028903e-01
3.095632968200352497e-01 3.652234590152225735e-01
3.106038457167006328e-01 3.414889484547387610e-01
3.116443946133660159e-01 2.240307513610915180e-01
3.126849435100313990e-01 1.161049957466921967e-01
3.137254924066967821e-01 2.099921459153684111e-01
3.147660413033621651e-01 2.171746966556504788e-01
3.158065902000275482e-01 8.616539679143642161e-02
3.168471390966929313e-01 8.179391519468737215e-02
3.178876879933583144e-01 2.401650729216910918e-01
3.189282368900236975e-01 2.282194676329076799e-01
3.199687857866890806e-01 2.729594689338057378e-01
3.210093346833544636e-01 4.086509289402293632e-01
3.220498835800198467e-01 5.333540367322235909e-01
3.230904324766852298e-01 4.534082314808358660e-01
3.241309813733506129e-01 4.263683885627536085e-01
3.251715302700159960e-01 2.585173990456759441e-01
3.262120791666813790e-01 3.445265558880095114e-01
3.272526280633467621e-01 3.581744929012025125e-01
3.282931769600121452e-01 2.780551050754240805e-01
3.293337258566775283e-01 6.271654595055053960e-02
3.303742747533429114e-01 2.681360693935133099e-01
3.314148236500082945e-01 4.436618947649364486e-01
3.324553725466736775e-01 7.177088872971886246e-01
3.334959214433390606e-01 4.036591013590857813e-01
3.345364703400044437e-01 2.082641679860195438e-01
3.355770192366698268e-01 2.761494534139679047e-01
3.366175681333352099e-01 4.374155458123105689e-01
3.376581170300005930e-01 5.008956333161265206e-01
3.386986659266659760e-01 4.386043649250268572e-01
3.397392148233313591e-01 4.170408884404466221e-01
3.407797637199967422e-01 6.160602716294185655e-01
3.418203126166621253e-01 5.902752168736959959e-01
3.428608615133275084e-01 3.991477640543834582e-01
3.439014104099928915e-01 1.110730062670661766e-01
3.449419593066582745e-01 2.929568939652185122e-01
3.459825082033236576e-01 3.530553574110655290e-01
3.470230570999890407e-01 5.090906314341445693e-01
3.480636059966544238e-01 6.644622069064354264e-01
3.491041548933198069e-01 7.305693405635196314e-01
3.501447037899851900e-01 7.726947443593878972e-01
3.511852526866505730e-01 6.240251039129880439e-01
3.522258015833159561e-01 5.804596427072503673e-01
3.532663504799813392e-01 5.510869511948008892e-01
3.543068993766467223e-01 4.936709978337852078e-01
3.553474482733121054e-01 4.992268653423685976e-01
3.563879971699774885e-01 5.511349675774113166e-01
3.574285460666428715e-01 4.109554585123404991e-01
3.584690949633082546e-01 5.256512274672573426e-01
3.595096438599736377e-01 5.565422792230343418e-01
3.605501927566390208e-01 4.961478457474051140e-01
3.615907416533044039e-01 4.363223119740489153e-01
3.626312905499697870e-01 4.092842126210669562e-01
3.636718394466351700e-01 5.503560604239829956e-01
3.647123883433005531e-01 4.967532571426147570e-01
3.657529372399659362e-01 6.053700294923736180e-01
3.667934861366313193e-01 3.702854317380115390e-01
3.678340350332967024e-01 4.202144517088584053e-01
3.688745839299620854e-01 7.082952042038108686e-01
3.699151328266274685e-01 4.399966728410511507e-01
3.709556817232928516e-01 6.133366611788133582e-01
3.719962306199582347e-01 9.121069970622563972e-01
3.730367795166236178e-01 7.777283873076186183e-01
3.740773284132890009e-01 6.518337225787114164e-01
3.751178773099543839e-01 6.513217384926193176e-01
3.761584262066197670e-01 7.114033279114977404e-01
3.771989751032851501e-01 6.491432130079282103e-01
3.782395239999505332e-01 6.871329359146010063e-01
3.792800728966159163e-01 6.769886864341039256e-01
3.803206217932812994e-01 7.067838725333821515e-01
3.813611706899466824e-01 6.106414414917296085e-01
3.824017195866120655e-01 3.503745051404223432e-01
3.834422684832774486e-01 4.169056917771136739e-01
3.844828173799428317e-01 4.229966520227357307e-01
3.855233662766082148e-01 3.343790573292260149e-01
3.865639151732735979e-01 4.298505394788350031e-01
3.876044640699389809e-01 2.653863841782673205e-01
3.886450129666043640e-01 3.206778329182746745e-01
3.896855618632697471e-01 3.352173599561503181e-01
3.907261107599351302e-01 4.091250844176173018e-01
3.917666596566005133e-01 3.678684342886597847e-01
3.928072085532658964e-01 5.663319602920999785e-01
3.938477574499312794e-01 4.824555148719618103e-01
3.948883063465966625e-01 3.955101816946395843e-01
3.959288552432620456e-01 4.528724466629867607e-01
3.969694041399274287e-01 4.596215356106334582e-01
3.980099530365928118e-01 3.017926143226823399e-01
3.990505019332581949e-01 3.100583466213464590e-01
4.000910508299235779e-01 3.860961681559800240e-01
4.011315997265889610e-01 3.949825522487451224e-01
4.021721486232543441e-01 2.081789808167968658e-01
4.032126975199197272e-01 1.676839277895219027e-01
4.042532464165851103e-01 2.868371209354450002e-01
4.052937953132504934e-01 5.227973176221851759e-01
4.063343442099158764e-01 4.382104651251488292e-01
4.073748931065812595e-01 4.646697153879735254e-01
4.084154420032466426e-01 2.783416740633271047e-01
4.094559908999120257e-01 3.801927939798090961e-01
4.104965397965774088e-01 3.758188732775771257e-01
4.115370886932427918e-01 1.859609931772006064e-01
4.125776375899081749e-01 1.339349594174272795e-01
4.136181864865735580e-01 2.679149066005486191e-01
4.146587353832389411e-01 5.756684290468747633e-01
4.156992842799043242e-01 5.945485337743647847e-01
4.167398331765697073e-01 2.179831052163549998e-01
4.177803820732350903e-01 3.192133675198114418e-01
4.188209309699004734e-01 2.005636813683722153e-01
4.198614798665658565e-01 0.000000000000000000e+00
4.209020287632312396e-01 1.066243518202227847e-01
4.219425776598966227e-01 1.898994073971813634e-01
4.229831265565620058e-01 8.278169414221636657e-02
4.240236754532273888e-01 1.394485601655794937e-01
4.250642243498927719e-01 2.574126568863164266e-01
4.261047732465581550e-01 2.955321348024035899e-01
4.271453221432235381e-01 4.196558074578682351e-01
4.281858710398889212e-01 2.940991494337126255e-01
4.292264199365543043e-01 1.994718338622440967e-01
4.302669688332196873e-01 4.934242820463445867e-01
4.313075177298850704e-01 5.532911640108189033e-01
4.323480666265504535e-01 5.125837958795678162e-01
4.333886155232158366e-01 4.426875319784500107e-01
4.344291644198812197e-01 3.981609330957667225e-01
4.354697133165466028e-01 4.495699221153337533e-01
4.365102622132119858e-01 2.730434967492989529e-01
4.375508111098773689e-01 3.044272800855551964e-01
4.385913600065427520e-01 4.498335199596255052e-01
4.396319089032081351e-01 3.539279896948244186e-01
4.406724577998735182e-01 2.135107588286260238e-01
4.417130066965389013e-01 3.071697695027495456e-01
4.427535555932042843e-01 4.383382994440232494e-01
4.437941044898696674e-01 4.942352811895247555e-01
4.448346533865350505e-01 4.022093428361408485e-01
4.458752022832004336e-01 4.405429388220376552e-01
4.469157511798658167e-01 3.848946725490094423e-01
4.479563000765311997e-01 3.805366272286185847e-01
4.489968489731965828e-01 3.167385888334912636e-01
4.500373978698619659e-01 3.663335029278123045e-01
4.510779467665273490e-01 3.105640946331007513e-01
4.521184956631927321e-01 2.192047170852973181e-01
4.531590445598581152e-01 2.505676362295083948e-01
4.541995934565234982e-01 5.503435651135433204e-01
4.552401423531888813e-01 6.145974004716237005e-01
4.562806912498542644e-01 4.294450100232971579e-01
4.573212401465196475e-01 3.495694117715402172e-01
4.583617890431850306e-01 3.400642101161146513e-01
4.594023379398504137e-01 5.044282595383222656e-01
4.604428868365157967e-01 4.628151440095855662e-01
4.614834357331811798e-01 5.019675941057784030e-01
4.625239846298465629e-01 5.356284196990763746e-01
4.635645335265119460e-01 5.154748412346243924e-01
4.646050824231773291e-01 5.193557637612684630e-01
4.656456313198427122e-01 4.578544294407969062e-01
4.666861802165080952e-01 2.870317426807353911e-01
4.677267291131734783e-01 3.256339318137797534e-01
4.687672780098388614e-01 3.821242476642190411e-01
4.698078269065042445e-01 3.112685827096157709e-01
4.708483758031696276e-01 2.987870544095088121e-01
4.718889246998350107e-01 2.237729296114281397e-01
4.729294735965003937e-01 3.105239214414190485e-01
4.739700224931657768e-01 3.493602594540412554e-01
4.750105713898311599e-01 3.061588769952834355e-01
4.760511202864965430e-01 4.421935461402703993e-01
4.770916691831619261e-01 3.952768256417442672e-01
4.781322180798273092e-01 4.669598921465869523e-01
4.791727669764926922e-01 4.138267389739773705e-01
4.802133158731580753e-01 3.589808054414156402e-01
4.812538647698234584e-01 2.653925980242242133e-01
4.822944136664888415e-01 2.691359208367387623e-01
4.833349625631542246e-01 3.808583142321815274e-01
4.843755114598196077e-01 3.298922535209385387e-01
4.854160603564849907e-01 3.392720427644384529e-01
4.864566092531503738e-01 1.338003310895210518e-01
4.874971581498157569e-01 1.472075493937659019e-01
4.885377070464811400e-01 2.895154169481273243e-02
4.895782559431465231e-01 2.221405293011997628e-01
4.906188048398119061e-01 2.559988505958621374e-01
4.916593537364772892e-01 2.109747873210885416e-01
4.926999026331426723e-01 3.245083090115308266e-01
4.937404515298080554e-01 2.684613991095403662e-01
4.947810004264734385e-01 4.124990385948592575e-01
4.958215493231388216e-01 4.550941908845871353e-01
4.968620982198042046e-01 2.956883186325036661e-01
4.979026471164695877e-01 3.010349469155073621e-01
4.989431960131349708e-01 4.848404917341468945e-01
4.999837449098003539e-01 4.805190075726741838e-01
5.010242938064657370e-01 2.040492796876378634e-01
5.020648427031311201e-01 1.898517315614185463e-01
5.031053915997965031e-01 2.225960495904679703e-01
5.041459404964618862e-01 2.453724141497417577e-01
5.051864893931272693e-01 2.930970737760993927e-01
5.062270382897926524e-01 2.121757875714891384e-01
5.072675871864580355e-01 3.725301580218811637e-01
5.083081360831234186e-01 3.329343993494724430e-01
5.093486849797888016e-01 4.142943298191354984e-01
5.103892338764541847e-01 3.850719908960442694e-01
5.114297827731195678e-01 2.676830190966903444e-01
5.124703316697849509e-01 1.739797143553367675e-01
5.135108805664503340e-01 1.141941154400463176e-01
5.145514294631157171e-01 6.541139189228672990e-02
5.155919783597811001e-01 1.503169286601604426e-01
5.166325272564464832e-01 2.438343321297082866e-01
5.176730761531118663e-01 3.364878797535908461e-01
5.187136250497772494e-01 4.396557347831766549e-01
5.197541739464426325e-01 4.162573943991247916e-01
5.207947228431080156e-01 4.058556325521891495e-01
5.218352717397733986e-01 4.293962049587740637e-01
5.228758206364387817e-01 3.709499925433306089e-01
5.239163695331041648e-01 4.992590065453619275e-01
5.249569184297695479e-01 4.274716276161214523e-01
5.259974673264349310e-01 3.292660488059198087e-01
5.270380162231003141e-01 4.055139707319561637e-01
5.280785651197656971e-01 4.245184370722903111e-01
5.291191140164310802e-01 2.170895465893742937e-01
5.301596629130964633e-01 2.756794312749271114e-01
5.312002118097618464e-01 2.484071042500914928e-01
5.322407607064272295e-01 3.482796390144571319e-01
5.332813096030926125e-01 3.440839431467708209e-01
5.343218584997581067e-01 4.211140247296150108e-01
5.353624073964233787e-01 4.148223296271318361e-01
5.364029562930888728e-01 5.273668276505034669e-01
5.374435051897541449e-01 6.015894043142182568e-01
5.384840540864196390e-01 5.064428033241377136e-01
5.395246029830849110e-01 4.943979927506596539e-01
5.405651518797504052e-01 3.941675654680771856e-01
5.416057007764156772e-01 2.640017291071607985e-01
5.426462496730811713e-01 2.639561562160572805e-01
5.436867985697464434e-01 3.491395812079041150e-01
5.447273474664119375e-01 3.841708938345398394e-01
5.457678963630772095e-01 2.701488194065291282e-01
5.468084452597427036e-01 4.165415205742810656e-01
5.478489941564079757e-01 4.156929818421275513e-01
5.488895430530734698e-01 1.893993243339195942e-01
5.499300919497387419e-01 2.738578563131390808e-01
5.509706408464042360e-01 3.413351426791422227e-01
5.520111897430695080e-01 2.871241277155931471e-01
5.530517386397350021e-01 3.536713282262979874e-01
5.540922875364002742e-01 4.113375663137794902e-01
5.551328364330657683e-01 3.789408732013939130e-01
5.561733853297310404e-01 3.918635261647693824e-01
5.572139342263965345e-01 4.922450944019836072e-01
5.582544831230618065e-01 4.594720092036617132e-01
5.592950320197273006e-01 3.376835717889434818e-01
5.603355809163925727e-01 3.274771281311643634e-01
5.613761298130580668e-01 3.714385489707012766e-01
5.624166787097233389e-01 1.853230439370605609e-01
5.634572276063888330e-01 3.452125845107936186e-01
5.644977765030541050e-01 3.504014213870938477e-01
5.655383253997195991e-01 3.362301450034514971e-01
5.665788742963848712e-01 2.864806494180420771e-01
5.676194231930503653e-01 3.176523812523193158e-01
5.686599720897156374e-01 2.496796452532308308e-01
5.697005209863811315e-01 3.987608024092281767e-01
5.707410698830464035e-01 3.872576925060151609e-01
5.717816187797118976e-01 3.439219110276887648e-01
5.728221676763771697e-01 2.136643606410473240e-01
5.738627165730426638e-01 3.224574344868251785e-01
5.749032654697079359e-01 2.704363989251312717e-01
5.759438143663734300e-01 3.011432101125386396e-01
5.769843632630387020e-01 2.428849474631995520e-01
5.780249121597041961e-01 2.135435148573918696e-01
5.790654610563694682e-01 2.337493311985561206e-01
5.801060099530349623e-01 1.758622382109962246e-01
5.811465588497002344e-01 2.819781384948960579e-01
5.821871077463657285e-01 3.126603189754284529e-01
5.832276566430310005e-01 1.075028062335192658e-01
5.842682055396964946e-01 1.391883908288136240e-01
5.853087544363617667e-01 4.457735627069894235e-01
5.863493033330272608e-01 4.718594156735882450e-01
5.873898522296925329e-01 3.971664615997028136e-01
5.884304011263580270e-01 2.283165555676447411e-01
5.894709500230232990e-01 3.809631223077474260e-01
5.905114989196887931e-01 4.261943939383421309e-01
5.915520478163540652e-01 2.559938124125125114e-01
5.925925967130195593e-01 3.743539943603266806e-01
5.936331456096848314e-01 3.413373845369491733e-01
5.946736945063503255e-01 2.418666684421566515e-01
5.957142434030155975e-01 3.259246963082063075e-01
5.967547922996810916e-01 2.921464231561259339e-01
5.977953411963463637e-01 2.953414996666161585e-01
5.988358900930118578e-01 3.821935072356446028e-01
5.998764389896771299e-01 2.798807742018674105e-01
