# q (1/Angstrom), Intensity (arb)
2.029070354705860696e-02 1.176911285920260980e+03
2.133125244372399004e-02 1.172338792223841892e+03
2.237180134038937659e-02 1.167550674376571578e+03
2.341235023705475968e-02 1.159773433430291334e+03
2.445289913372014276e-02 1.149252422259690547e+03
2.549344803038552584e-02 1.141116585263412617e+03
2.653399692705091240e-02 1.127545664277294236e+03
2.757454582371629548e-02 1.113577282608792075e+03
2.861509472038167856e-02 1.096586108651208178e+03
2.965564361704706164e-02 1.081077852618807356e+03
3.069619251371244473e-02 1.069698716712236774e+03
3.173674141037782781e-02 1.054898896448066580e+03
3.277729030704321089e-02 1.040668021624794164e+03
3.381783920370859398e-02 1.023486831955858520e+03
3.485838810037397706e-02 1.011956601497346242e+03
3.589893699703936014e-02 9.942579110138228771e+02
3.693948589370474322e-02 9.755921708874132037e+02
3.798003479037012631e-02 9.576754006769565422e+02
3.902058368703550939e-02 9.396639222620234477e+02
4.006113258370089247e-02 9.185978284644390897e+02
4.110168148036627556e-02 9.041969002357459431e+02
4.214223037703165864e-02 8.896968258225848558e+02
4.318277927369704866e-02 8.687262171884718782e+02
4.422332817036243174e-02 8.468664928784087351e+02
4.526387706702781483e-02 8.287050157583679493e+02
4.630442596369319791e-02 8.113765688084397425e+02
4.734497486035858099e-02 7.911982823773087148e+02
4.838552375702396408e-02 7.715629910826270361e+02
4.942607265368934716e-02 7.552923501450281947e+02
5.046662155035473024e-02 7.353686220287113429e+02
5.150717044702011332e-02 7.163541871263413441e+02
5.254771934368549641e-02 6.949955011253299517e+02
5.358826824035087949e-02 6.729508131086636240e+02
5.462881713701626257e-02 6.548472651253683807e+02
5.566936603368164566e-02 6.378990123787463062e+02
5.670991493034702874e-02 6.185197561380863363e+02
5.775046382701241182e-02 5.982759459839611509e+02
5.879101272367779490e-02 5.790554268704380547e+02
5.983156162034317799e-02 5.599472929191044841e+02
6.087211051700856107e-02 5.414361263474759198e+02
6.191265941367394415e-02 5.245041410659815710e+02
6.295320831033933417e-02 5.071042524698104330e+02
6.399375720700471726e-02 4.875376806142589317e+02
6.503430610367010034e-02 4.714208020853781704e+02
6.607485500033548342e-02 4.550018734645159952e+02
6.711540389700086651e-02 4.375649608758886870e+02
6.815595279366624959e-02 4.212236751114022582e+02
6.919650169033163267e-02 4.031217937659467907e+02
7.023705058699701576e-02 3.880302644434540866e+02
7.127759948366239884e-02 3.730073972260691448e+02
7.231814838032778192e-02 3.566656797775684140e+02
7.335869727699316500e-02 3.417610196305382715e+02
7.439924617365854809e-02 3.259499652940675105e+02
7.543979507032393117e-02 3.118624305253831608e+02
7.648034396698931425e-02 2.992941275258079941e+02
7.752089286365469734e-02 2.855531974701289073e+02
7.856144176032008042e-02 2.705010498954727609e+02
7.960199065698546350e-02 2.580656191763067113e+02
8.064253955365084658e-02 2.461353068396238939e+02
8.168308845031622967e-02 2.329363581926514541e+02
8.272363734698161275e-02 2.199096260103238194e+02
8.376418624364699583e-02 2.096595113517062714e+02
8.480473514031239279e-02 1.981122353142546615e+02
8.584528403697777588e-02 1.868389226188876933e+02
8.688583293364315896e-02 1.775353315601044528e+02
8.792638183030854204e-02 1.675205006139179886e+02
8.896693072697392513e-02 1.565526800484994965e+02
9.000747962363930821e-02 1.466434837533422524e+02
9.104802852030469129e-02 1.392576442408184505e+02
9.208857741697007437e-02 1.298302169933677135e+02
9.312912631363545746e-02 1.215826752309692154e+02
9.416967521030084054e-02 1.130570091658852192e+02
9.521022410696622362e-02 1.056542367633448407e+02
9.625077300363160671e-02 9.864609663013131069e+01
9.729132190029698979e-02 9.157803212829693962e+01
9.833187079696237287e-02 8.468517110659705338e+01
9.937241969362775595e-02 7.799078535580542848e+01
1.004129685902931390e-01 7.197104300989565218e+01
1.014535174869585221e-01 6.618345573470938348e+01
1.024940663836239052e-01 6.068733829444694550e+01
1.035346152802892883e-01 5.603741886476739609e+01
1.045751641769546714e-01 5.119019101658477666e+01
1.056157130736200545e-01 4.624248027922990190e+01
1.066562619702854375e-01 4.239182327165404729e+01
1.076968108669508206e-01 3.913986317987741614e+01
1.087373597636162037e-01 3.563718100131778499e+01
1.097779086602815868e-01 3.119973403386510569e+01
1.108184575569469699e-01 2.793711005142598225e+01
1.118590064536123529e-01 2.503912351259170777e+01
1.128995553502777360e-01 2.258830438260309847e+01
1.139401042469431191e-01 1.951640803249180323e+01
1.149806531436085022e-01 1.710190484741584527e+01
1.160212020402738853e-01 1.508691537945939132e+01
1.170617509369392684e-01 1.337132249499560999e+01
1.181022998336046514e-01 1.159743156330790725e+01
1.191428487302700345e-01 1.034773407810490653e+01
1.201833976269354176e-01 8.558426756423649806e+00
1.212239465236008007e-01 7.515017521826734992e+00
1.222644954202661838e-01 6.334389431884417831e+00
1.233050443169315669e-01 5.316020668362845925e+00
1.243455932135969499e-01 4.334260300128896404e+00
1.253861421102623330e-01 3.225028354545031561e+00
1.264266910069277161e-01 2.668009826977886689e+00
1.274672399035930992e-01 2.449427022690578326e+00
1.285077888002584823e-01 2.307658316483205851e+00
1.295483376969238654e-01 2.119652832889130423e+00
1.305888865935892484e-01 1.437428853219927305e+00
1.316294354902546315e-01 1.180627907887647154e+00
1.326699843869200146e-01 1.617320334507702739e+00
1.337105332835853977e-01 1.588933535811797526e+00
1.347510821802507808e-01 1.573529152749742366e+00
1.357916310769161639e-01 1.637967664396086320e+00
1.368321799735815469e-01 1.783455079977741775e+00
1.378727288702469300e-01 1.990643615272851719e+00
1.389132777669123131e-01 2.521778848997321631e+00
1.399538266635776962e-01 3.008307341065997065e+00
1.409943755602430793e-01 2.493916208939836565e+00
1.420349244569084624e-01 2.678647256262891574e+00
1.430754733535738454e-01 3.101693974785796115e+00
1.441160222502392285e-01 3.728217064685669158e+00
1.451565711469046116e-01 4.019711942176265040e+00
1.461971200435699947e-01 3.943890013875083866e+00
1.472376689402353778e-01 4.241201637134846436e+00
1.482782178369007609e-01 4.859880401445710874e+00
1.493187667335661439e-01 5.309201892939078959e+00
1.503593156302315270e-01 5.747812344818264307e+00
1.513998645268969101e-01 6.280022291070658014e+00
1.524404134235622932e-01 6.776486513674147005e+00
1.534809623202276763e-01 6.832859363771714101e+00
1.545215112168930593e-01 7.115080039033109927e+00
1.555620601135584424e-01 7.399909091474107470e+00
1.566026090102238255e-01 7.497100235840377991e+00
1.576431579068892086e-01 7.536675866722926997e+00
1.586837068035545917e-01 7.949405092648554216e+00
1.597242557002199748e-01 8.012172514158070413e+00
1.607648045968853578e-01 8.203085391336468746e+00
1.618053534935507409e-01 8.131234334376152617e+00
1.628459023902161240e-01 8.441746600270821688e+00
1.638864512868815071e-01 8.627972073163061140e+00
1.649270001835468902e-01 8.846069700885987430e+00
1.659675490802122733e-01 9.015616323155946077e+00
1.670080979768776563e-01 8.804309387807659704e+00
1.680486468735430672e-01 8.603953287389586535e+00
1.690891957702084503e-01 8.608455365779629886e+00
1.701297446668738333e-01 8.407933596910368124e+00
1.711702935635392164e-01 8.621300113880554505e+00
1.722108424602045995e-01 8.922564532816554816e+00
1.732513913568699826e-01 8.914459348188756849e+00
1.742919402535353657e-01 8.852553014065716042e+00
1.753324891502007488e-01 8.552613441711276465e+00
1.763730380468661318e-01 8.451796497409770126e+00
1.774135869435315149e-01 8.494278791204809664e+00
1.784541358401968980e-01 8.246211697848583100e+00
1.794946847368622811e-01 8.117150876969446927e+00
1.805352336335276642e-01 8.083080759451291897e+00
1.815757825301930473e-01 7.559788073539049691e+00
1.826163314268584303e-01 7.315420313719847911e+00
1.836568803235238134e-01 6.986130235569603997e+00
1.846974292201891965e-01 6.893755626952465576e+00
1.857379781168545796e-01 6.659032466032225983e+00
1.867785270135199627e-01 6.333722928765425308e+00
1.878190759101853458e-01 6.170676307036398356e+00
1.888596248068507288e-01 6.032587477775788187e+00
1.899001737035161119e-01 5.995156765426656875e+00
1.909407226001814950e-01 5.795588084651839722e+00
1.919812714968468781e-01 5.415563484384684045e+00
1.930218203935122612e-01 4.922195869755643827e+00
1.940623692901776443e-01 4.721384267244637556e+00
1.951029181868430273e-01 4.510895898545179250e+00
1.961434670835084104e-01 4.183692126940126599e+00
1.971840159801737935e-01 3.880990554858570363e+00
1.982245648768391766e-01 3.714692690453578194e+00
1.992651137735045597e-01 3.502175231477021811e+00
2.003056626701699428e-01 3.188940199741971071e+00
2.013462115668353813e-01 2.574936759242635986e+00
2.023867604635007644e-01 2.593452572828581992e+00
2.034273093601661475e-01 2.490561950544126546e+00
2.044678582568315306e-01 2.605999092859029531e+00
2.055084071534969137e-01 2.251073489453933263e+00
2.065489560501622968e-01 2.103442477470835570e+00
2.075895049468276798e-01 2.009805843543670534e+00
2.086300538434930629e-01 1.634882506219508258e+00
2.096706027401584460e-01 1.464054859074998660e+00
2.107111516368238291e-01 1.677777663824940646e+00
2.117517005334892122e-01 1.702929847533059871e+00
2.127922494301545953e-01 1.136256645663504372e+00
2.138327983268199783e-01 9.251720236052953794e-01
2.148733472234853614e-01 8.763598650180206562e-01
2.159138961201507445e-01 7.063945017989290420e-01
2.169544450168161276e-01 1.060293630765883677e+00
2.179949939134815107e-01 1.105988332757206649e+00
2.190355428101468938e-01 5.715420639197752450e-01
2.200760917068122768e-01 3.127533639059372206e-01
2.211166406034776599e-01 4.626034371679992319e-01
2.221571895001430430e-01 4.321805439530521653e-01
2.231977383968084261e-01 3.989026429665365470e-01
2.242382872934738092e-01 7.686663985769328633e-01
2.252788361901391923e-01 6.090211974890706870e-01
2.263193850868045753e-01 3.094853851727989991e-01
2.273599339834699584e-01 4.218674762454028837e-01
2.284004828801353415e-01 4.060889383474943770e-01
2.294410317768007246e-01 5.288246073863795971e-01
2.304815806734661077e-01 5.188602818328718058e-01
2.315221295701314908e-01 9.126542758993494431e-01
2.325626784667968738e-01 4.594424805778736243e-01
2.336032273634622569e-01 3.762107135417487314e-01
2.346437762601276400e-01 6.370330388513600894e-01
2.356843251567930231e-01 4.492910795145128589e-01
2.367248740534584062e-01 3.912043966917870819e-01
2.377654229501237892e-01 3.741090187178528481e-01
2.388059718467891723e-01 1.957103676396592107e-01
2.398465207434545554e-01 4.364450410036724293e-01
2.408870696401199385e-01 5.752079075337697134e-01
2.419276185367853216e-01 3.915731697155884206e-01
2.429681674334507047e-01 7.256027742951935977e-01
2.440087163301160877e-01 9.351591711757549774e-01
2.450492652267814708e-01 8.677908959282056855e-01
2.460898141234468539e-01 9.212405401591077236e-01
2.471303630201122370e-01 7.572912563339890823e-01
2.481709119167776201e-01 5.821294842542386050e-01
2.492114608134430032e-01 7.415091125554802431e-01
2.502520097101083585e-01 9.844183049190426971e-01
2.512925586067737416e-01 8.962036325958351313e-01
2.523331075034391247e-01 1.219497694112618547e+00
2.533736564001045077e-01 1.050556323410223314e+00
2.544142052967698908e-01 8.994280654059281233e-01
2.554547541934352739e-01 1.236887337112406726e+00
2.564953030901006570e-01 1.037465030666972154e+00
2.575358519867660401e-01 1.149646147663684559e+00
2.585764008834314231e-01 1.465995638296707426e+00
2.596169497800968062e-01 1.768693328422468625e+00
2.606574986767621893e-01 1.621573787008699696e+00
2.616980475734275724e-01 1.579153753447517516e+00
2.627385964700929555e-01 1.449951998047549040e+00
2.637791453667583386e-01 1.412309240451278924e+00
2.648196942634237216e-01 1.383939577175873126e+00
2.658602431600891047e-01 1.471139999524542219e+00
2.669007920567544878e-01 1.558715782092448876e+00
2.679413409534198709e-01 1.367935955209109267e+00
2.689818898500852540e-01 1.451357661985056779e+00
2.700224387467506371e-01 1.305156550027469109e+00
2.710629876434160201e-01 1.160370845513750027e+00
2.721035365400814032e-01 1.470335073426230821e+00
2.731440854367467863e-01 1.457977137102151488e+00
2.741846343334121694e-01 1.451176138004942828e+00
2.752251832300775525e-01 1.331125118425916298e+00
2.762657321267429356e-01 1.196381093756372138e+00
2.773062810234083186e-01 1.080185919634153890e+00
2.783468299200737017e-01 1.032014985047062794e+00
2.793873788167390848e-01 1.202431969785536126e+00
2.804279277134044679e-01 9.943144264684846689e-01
2.814684766100698510e-01 9.865690091961099029e-01
2.825090255067352341e-01 9.916949836505395410e-01
2.835495744034006171e-01 1.056963397375088931e+00
2.845901233000660002e-01 1.058593453178474419e+00
2.856306721967313833e-01 9.526706548030468014e-01
2.866712210933967664e-01 8.399209695199942871e-01
2.877117699900621495e-01 9.226674303761548401e-01
2.887523188867275326e-01 1.131856540887248741e+00
2.897928677833929156e-01 8.397759437649341407e-01
2.908334166800582987e-01 8.017268597693387733e-01
2.918739655767236818e-01 7.890879337581893083e-01
2.929145144733890649e-01 7.200650158666270784e-01
2.939550633700544480e-01 6.807316488092887141e-01
2.949956122667198311e-01 6.153144965480308315e-01
2.960361611633852141e-01 3.293405346965627700e-01
2.970767100600505972e-01 3.071093999156033760e-01
2.981172589567159803e-01 7.338149282250476801e-01
2.991578078533813634e-01 6.118259690996730171e-01
3.001983567500468020e-01 5.027976581574620241e-01
3.012389056467121851e-01 3.288644561624707308e-01
3.022794545433775681e-01 4.407897962620488386e-01
3.033200034400429512e-01 2.853211932676558149e-01
3.043605523367083343e-01 3.257242919132430359e-01
3.054011012333737174e-01 3.683756557483768290e-01
3.064416501300391005e-01 3.842907507989323790e-01
3.074821990267044836e-01 5.509219482123448586e-01
3.085227479233698666e-01 3.557720429045723165e-01
3.095632968200352497e-01 2.192372225374477068e-01
3.106038457167006328e-01 2.842556357205410222e-01
3.116443946133660159e-01 2.487131804975710736e-01
3.126849435100313990e-01 2.214699499285863737e-01
3.137254924066967821e-01 1.283448882349240705e-01
3.147660413033621651e-01 1.619411707784763621e-01
3.158065902000275482e-01 1.566252837397748010e-01
3.168471390966929313e-01 2.628389145008753758e-01
3.178876879933583144e-01 2.227866861618998939e-01
3.189282368900236975e-01 2.305370130871864376e-02
3.199687857866890806e-01 3.424088713662598593e-02
3.210093346833544636e-01 2.824730161648396631e-01
3.220498835800198467e-01 2.219422675745086337e-01
3.230904324766852298e-01 2.311634463924896465e-01
3.241309813733506129e-01 3.941206507459895647e-01
3.251715302700159960e-01 1.111092408304408252e-01
3.262120791666813790e-01 9.714280683412823691e-02
3.272526280633467621e-01 1.658721039611421588e-01
3.282931769600121452e-01 2.635610240377523894e-01
3.293337258566775283e-01 1.832054684637078878e-01
3.303742747533429114e-01 0.000000000000000000e+00
3.314148236500082945e-01 6.851552112384240445e-02
3.324553725466736775e-01 2.249442794802760659e-01
3.334959214433390606e-01 4.807824875834043610e-01
3.345364703400044437e-01 4.337718367309939538e-01
3.355770192366698268e-01 2.754954295229872230e-01
3.366175681333352099e-01 2.763703445258833824e-01
3.376581170300005930e-01 3.067182470286766716e-01
3.386986659266659760e-01 1.425161293618515401e-02
3.397392148233313591e-01 2.464523462946210941e-01
3.407797637199967422e-01 5.265298108992446657e-01
3.418203126166621253e-01 5.582794828110664298e-01
3.428608615133275084e-01 5.124362624987277570e-01
3.439014104099928915e-01 4.895642469690990595e-01
3.449419593066582745e-01 2.370224770097344447e-01
3.459825082033236576e-01 1.818676139870838426e-01
3.470230570999890407e-01 2.576182879088051436e-01
3.480636059966544238e-01 2.530311607531317009e-01
3.491041548933198069e-01 5.159014965340524839e-01
3.501447037899851900e-01 5.032560763181912478e-01
3.511852526866505730e-01 4.464394704449254903e-01
3.522258015833159561e-01 5.206444036393875763e-01
3.532663504799813392e-01 6.053344338946686776e-01
3.543068993766467223e-01 5.008620899023803474e-01
3.553474482733121054e-01 4.339700196202258553e-01
3.563879971699774885e-01 4.829343375329671062e-01
3.574285460666428715e-01 5.850264234031321564e-01
3.584690949633082546e-01 3.888442742997710866e-01
3.595096438599736377e-01 5.239969079016191245e-01
3.605501927566390208e-01 6.825363755099189689e-01
3.615907416533044039e-01 4.411350606036386068e-01
3.626312905499697870e-01 5.109966902068201478e-01
3.636718394466351700e-01 5.589531437654002843e-01
3.647123883433005531e-01 5.878406797900694869e-01
3.657529372399659362e-01 3.096892247406408671e-01
3.667934861366313193e-01 4.544821349802106170e-01
3.678340350332967024e-01 4.213333976396320679e-01
3.688745839299620854e-01 3.561840365397692665e-01
3.699151328266274685e-01 3.414315325646626320e-01
3.709556817232928516e-01 3.011539946609786966e-01
3.719962306199582347e-01 4.448775598943655041e-01
3.730367795166236178e-01 3.125708827174058513e-01
3.740773284132890009e-01 4.605214778260808828e-01
3.751178773099543839e-01 4.452934933134891082e-01
3.761584262066197670e-01 4.874942221791691566e-01
3.771989751032851501e-01 5.544773483590859087e-01
3.782395239999505332e-01 4.696831910325727222e-01
3.792800728966159163e-01 5.348808532907227686e-01
3.803206217932812994e-01 6.017636244364794607e-01
3.813611706899466824e-01 4.902242028815031460e-01
3.824017195866120655e-01 3.688349581673548983e-01
3.834422684832774486e-01 5.239547120623910814e-01
3.844828173799428317e-01 3.835793022608484648e-01
3.855233662766082148e-01 1.948341781351103918e-02
3.865639151732735979e-01 1.640829506850209896e-01
3.876044640699389809e-01 4.552106457332598666e-01
3.886450129666043640e-01 5.918535874358639148e-01
3.896855618632697471e-01 4.410894738202202348e-01
3.907261107599351302e-01 3.237793819044227916e-01
3.917666596566005133e-01 3.070626375057337043e-01
3.928072085532658964e-01 1.551598415335853076e-01
3.938477574499312794e-01 9.354040290008569514e-02
3.948883063465966625e-01 2.373494535593820842e-01
3.959288552432620456e-01 2.116084674106311070e-01
3.969694041399274287e-01 1.798084242295843183e-01
3.980099530365928118e-01 2.136897610422039406e-01
3.990505019332581949e-01 1.509784853979709851e-01
4.000910508299235779e-01 2.330852626745283374e-01
4.011315997265889610e-01 3.530048654095914173e-01
4.021721486232543441e-01 2.422532594665902650e-01
4.032126975199197272e-01 8.642342094233868011e-02
4.042532464165851103e-01 2.440259016807004855e-01
4.052937953132504934e-01 3.894911626012316219e-01
4.063343442099158764e-01 1.765400946594333220e-01
4.073748931065812595e-01 2.990276699602105737e-01
4.084154420032466426e-01 2.827919119941704196e-01
4.094559908999120257e-01 3.693179202977425746e-01
4.104965397965774088e-01 3.946531739173799735e-01
4.115370886932427918e-01 1.932195961855285304e-01
4.125776375899081749e-01 3.369374758520358171e-01
4.136181864865735580e-01 3.433127382650233983e-01
4.146587353832389411e-01 9.381489549202726153e-02
4.156992842799043242e-01 3.519129828303135810e-02
4.167398331765697073e-01 9.117140113893640319e-02
4.177803820732350903e-01 2.261163387438287486e-01
4.188209309699004734e-01 1.357640150474423990e-01
4.198614798665658565e-01 2.177231516593955973e-01
4.209020287632312396e-01 2.109970673622534321e-01
4.219425776598966227e-01 2.462299901370812449e-01
4.229831265565620058e-01 2.643742416062657696e-01
4.240236754532273888e-01 2.776194590813609864e-01
4.250642243498927719e-01 1.366875201499198056e-01
4.261047732465581550e-01 9.540621244370228737e-02
4.271453221432235381e-01 9.495287127258578153e-02
4.281858710398889212e-01 1.756550142826540650e-01
4.292264199365543043e-01 1.935597840191682906e-01
4.302669688332196873e-01 3.476011417712285834e-01
4.313075177298850704e-01 2.935081651897029076e-01
4.323480666265504535e-01 2.875156846825355217e-01
4.333886155232158366e-01 2.611728898521015196e-01
4.344291644198812197e-01 1.422809561891114072e-01
4.354697133165466028e-01 3.549143759072173054e-01
4.365102622132119858e-01 2.843446794671287137e-01
4.375508111098773689e-01 2.380119861210516774e-01
4.385913600065427520e-01 2.706068766045355289e-01
4.396319089032081351e-01 3.495875622311004349e-01
4.406724577998735182e-01 1.990970546022623466e-01
4.417130066965389013e-01 2.449862646039733249e-01
4.427535555932042843e-01 4.922909904192565023e-01
4.437941044898696674e-01 4.021948350009978412e-01
4.448346533865350505e-01 3.759211236966919500e-01
4.458752022832004336e-01 3.537433381670567201e-01
4.469157511798658167e-01 4.062859730432784033e-01
4.479563000765311997e-01 6.312533085405895861e-01
4.489968489731965828e-01 7.022181554234840917e-01
4.500373978698619659e-01 5.938009909153585397e-01
4.510779467665273490e-01 3.126464467261662605e-01
4.521184956631927321e-01 4.019051948599567936e-01
4.531590445598581152e-01 3.440164630611910468e-01
4.541995934565234982e-01 4.439517549756217818e-01
4.552401423531888813e-01 4.706684843427062503e-01
4.562806912498542644e-01 2.784598378954221687e-01
4.573212401465196475e-01 3.004119854440148174e-01
4.583617890431850306e-01 2.867251326757873642e-01
4.594023379398504137e-01 3.366228826975010691e-01
4.604428868365157967e-01 5.325686560732947328e-01
4.614834357331811798e-01 4.442991252982544381e-01
4.625239846298465629e-01 2.343301556038106526e-01
4.635645335265119460e-01 2.612744855957629397e-01
4.646050824231773291e-01 1.685293109460381800e-01
4.656456313198427122e-01 2.918303676943345693e-01
4.666861802165080952e-01 3.727348321394110542e-01
4.677267291131734783e-01 3.003723591497760026e-01
4.687672780098388614e-01 1.309626544854936014e-01
4.698078269065042445e-01 1.527497880907766614e-01
4.708483758031696276e-01 1.924369499644420500e-01
4.718889246998350107e-01 2.589723120036460102e-01
4.729294735965003937e-01 1.652378376915741853e-01
4.739700224931657768e-01 1.189733198329818720e-01
4.750105713898311599e-01 1.677866137987642503e-01
4.760511202864965430e-01 2.426977704298138860e-01
4.770916691831619261e-01 3.333120667321693986e-01
4.781322180798273092e-01 4.646512332591186123e-01
4.791727669764926922e-01 3.767087297173574711e-01
4.802133158731580753e-01 6.671667069001330219e-02
4.812538647698234584e-01 2.086648950511502676e-01
4.822944136664888415e-01 3.362546921241182929e-01
4.833349625631542246e-01 3.020093683219080560e-01
4.843755114598196077e-01 2.622422099249988037e-01
4.854160603564849907e-01 2.831190915147026033e-01
4.864566092531503738e-01 3.208099754583528807e-01
4.874971581498157569e-01 3.988311561445918585e-01
4.885377070464811400e-01 2.829416670657742827e-01
4.895782559431465231e-01 3.930319118238436715e-01
4.906188048398119061e-01 1.496921376543447479e-01
4.916593537364772892e-01 1.585082461192399705e-01
4.926999026331426723e-01 2.675152553320288007e-01
4.937404515298080554e-01 2.254079299974236505e-01
4.947810004264734385e-01 2.419960866212740314e-01
4.958215493231388216e-01 2.636741910830942004e-01
4.968620982198042046e-01 3.466732530579577087e-01
4.979026471164695877e-01 2.715051019523997411e-01
4.989431960131349708e-01 2.676706068564911334e-01
4.999837449098003539e-01 4.379821630302984659e-01
5.010242938064657370e-01 3.539239511553518014e-01
5.020648427031311201e-01 3.574897118293804965e-01
5.031053915997965031e-01 4.037681749778450069e-01
5.041459404964618862e-01 3.316810723408565309e-01
5.051864893931272693e-01 2.767223334734438822e-01
5.062270382897926524e-01 2.846246960576408469e-01
5.072675871864580355e-01 1.929020754828414397e-01
5.083081360831234186e-01 3.159993231351805321e-01
5.093486849797888016e-01 3.233872337729053470e-01
5.103892338764541847e-01 2.114810675662148753e-01
5.114297827731195678e-01 2.055916490279656728e-01
5.124703316697849509e-01 2.808992944516539580e-01
5.135108805664503340e-01 3.610890804556206035e-01
5.145514294631157171e-01 3.247354004621563206e-01
5.155919783597811001e-01 2.833462144121128290e-01
5.166325272564464832e-01 3.050243809782351434e-01
5.176730761531118663e-01 2.836437047289983582e-01
5.187136250497772494e-01 2.843107124450128254e-01
5.197541739464426325e-01 4.575149057407479347e-01
5.207947228431080156e-01 4.347963840033983729e-01
5.218352717397733986e-01 3.510277360423472715e-01
5.228758206364387817e-01 3.633489789848987073e-01
5.239163695331041648e-01 2.593395804384961423e-01
5.249569184297695479e-01 4.261722924095785459e-01
5.259974673264349310e-01 4.344255030896100322e-01
5.270380162231003141e-01 3.672078638798446093e-01
5.280785651197656971e-01 1.996153858664158065e-01
5.291191140164310802e-01 2.022833629659785970e-01
5.301596629130964633e-01 1.992450833173116109e-01
5.312002118097618464e-01 2.778144237219635215e-01
5.322407607064272295e-01 1.920819600541676664e-01
5.332813096030926125e-01 1.753026474334866691e-01
5.343218584997581067e-01 1.545974598022752389e-01
5.353624073964233787e-01 1.842511340023804678e-01
5.364029562930888728e-01 4.135189298667256708e-01
5.374435051897541449e-01 4.277381756432916404e-01
5.384840540864196390e-01 3.707184330758899193e-01
5.395246029830849110e-01 3.965670333938575709e-01
5.405651518797504052e-01 3.705924300170480024e-01
5.416057007764156772e-01 3.915606751572546784e-01
5.426462496730811713e-01 3.448248032176799427e-01
5.436867985697464434e-01 4.988695171949650842e-01
5.447273474664119375e-01 5.976641250321712562e-01
5.457678963630772095e-01 4.895289759634451343e-01
5.468084452597427036e-01 6.037825247024457553e-01
5.478489941564079757e-01 5.351289255975046899e-01
5.488895430530734698e-01 3.274821450267921819e-01
5.499300919497387419e-01 3.960997508939740896e-01
5.509706408464042360e-01 3.981008433129069601e-01
5.520111897430695080e-01 3.509748216284975797e-01
5.530517386397350021e-01 4.262708124044358726e-01
5.540922875364002742e-01 5.584715863064992902e-01
5.551328364330657683e-01 2.943791553273591433e-01
5.561733853297310404e-01 2.987208625329600409e-01
5.572139342263965345e-01 3.788754987394788998e-01
5.582544831230618065e-01 5.010367505548032341e-01
5.592950320197273006e-01 4.493772138215952339e-01
5.603355809163925727e-01 4.676352879496654680e-01
5.613761298130580668e-01 3.521883839198274302e-01
5.624166787097233389e-01 4.293697500979121173e-01
5.634572276063888330e-01 5.014172486510091176e-01
5.644977765030541050e-01 4.167713767956939819e-01
5.655383253997195991e-01 4.304702688869674887e-01
5.665788742963848712e-01 4.688434572190374183e-01
5.676194231930503653e-01 4.194523194027723889e-01
5.686599720897156374e-01 4.871247387702766218e-01
5.697005209863811315e-01 3.464943370532189704e-01
5.707410698830464035e-01 3.011153163682216416e-01
5.717816187797118976e-01 4.529381192325061534e-01
5.728221676763771697e-01 6.181802359560037985e-01
5.738627165730426638e-01 4.909341000696265667e-01
5.749032654697079359e-01 5.742586969866749769e-01
5.759438143663734300e-01 7.243307092351471965e-01
5.769843632630387020e-01 6.770460776097237954e-01
5.780249121597041961e-01 5.988185025459102917e-01
5.790654610563694682e-01 5.622740778411738916e-01
5.801060099530349623e-01 4.322597752236738700e-01
5.811465588497002344e-01 3.017649205081269770e-01
5.821871077463657285e-01 2.908241307246299812e-01
5.832276566430310005e-01 5.055208284406198516e-01
5.842682055396964946e-01 6.462405331509479822e-01
5.853087544363617667e-01 4.927614480311532930e-01
5.863493033330272608e-01 4.709160621593220242e-01
5.873898522296925329e-01 4.369065114981580678e-01
5.884304011263580270e-01 3.812025963490306424e-01
5.894709500230232990e-01 4.407839424727697519e-01
5.905114989196887931e-01 5.523217751855860058e-01
5.915520478163540652e-01 4.295873432729102603e-01
5.925925967130195593e-01 5.464267231277517567e-01
5.936331456096848314e-01 4.899172427723534895e-01
5.946736945063503255e-01 4.554292903949743732e-01
5.957142434030155975e-01 4.984032878981246029e-01
5.967547922996810916e-01 2.948381563158832819e-01
5.977953411963463637e-01 3.338508888903639615e-01
5.988358900930118578e-01 3.287798111904685072e-01
5.998764389896771299e-01 4.068360867563285410e-01
