# q (1/Angstrom), Intensity (arb)
2.029070354705860696e-02 1.205692954781690560e+03
2.133125244372399004e-02 1.199562172958525707e+03
2.237180134038937659e-02 1.187790692985862734e+03
2.341235023705475968e-02 1.181570325906969174e+03
2.445289913372014276e-02 1.175326029628299693e+03
2.549344803038552584e-02 1.166611919536474261e+03
2.653399692705091240e-02 1.147859148322455439e+03
2.757454582371629548e-02 1.135404472499796611e+03
2.861509472038167856e-02 1.126525882120190090e+03
2.965564361704706164e-02 1.113993551804888739e+03
3.069619251371244473e-02 1.096876208072701502e+03
3.173674141037782781e-02 1.083590703430058738e+03
3.277729030704321089e-02 1.065113243359627859e+03
3.381783920370859398e-02 1.052803339015402116e+03
3.485838810037397706e-02 1.037467607943678331e+03
3.589893699703936014e-02 1.019372113170192847e+03
3.693948589370474322e-02 1.003619442250555835e+03
3.798003479037012631e-02 9.826337835386555071e+02
3.902058368703550939e-02 9.667810564162768969e+02
4.006113258370089247e-02 9.451547252066770852e+02
4.110168148036627556e-02 9.263099209012377742e+02
4.214223037703165864e-02 9.108364830230450480e+02
4.318277927369704866e-02 8.913510030033831981e+02
4.422332817036243174e-02 8.689740383823452703e+02
4.526387706702781483e-02 8.504172126449248026e+02
4.630442596369319791e-02 8.306163734292864547e+02
4.734497486035858099e-02 8.118492877830584575e+02
4.838552375702396408e-02 7.926037611171160506e+02
4.942607265368934716e-02 7.729779020109849625e+02
5.046662155035473024e-02 7.516111698129757315e+02
5.150717044702011332e-02 7.315767992655728449e+02
5.254771934368549641e-02 7.126495530692197917e+02
5.358826824035087949e-02 6.938436624657208540e+02
5.462881713701626257e-02 6.709196016845429540e+02
5.566936603368164566e-02 6.520797434460465638e+02
5.670991493034702874e-02 6.329836824906635684e+02
5.775046382701241182e-02 6.144020605017262824e+02
5.879101272367779490e-02 5.931279025395499502e+02
5.983156162034317799e-02 5.749541009647961118e+02
6.087211051700856107e-02 5.559725593630757885e+02
6.191265941367394415e-02 5.375235958166816772e+02
6.295320831033933417e-02 5.198145774891354449e+02
6.399375720700471726e-02 5.009123739486439604e+02
6.503430610367010034e-02 4.830385836425888328e+02
6.607485500033548342e-02 4.665083585313394678e+02
6.711540389700086651e-02 4.486901461365081900e+02
6.815595279366624959e-02 4.323992860990248914e+02
6.919650169033163267e-02 4.166329927796008974e+02
7.023705058699701576e-02 3.995486391751787210e+02
7.127759948366239884e-02 3.829241226844101789e+02
7.231814838032778192e-02 3.662156715224273853e+02
7.335869727699316500e-02 3.511928482986294284e+02
7.439924617365854809e-02 3.351692823874483906e+02
7.543979507032393117e-02 3.203155520857203555e+02
7.648034396698931425e-02 3.053336560453021775e+02
7.752089286365469734e-02 2.916204801344833868e+02
7.856144176032008042e-02 2.793726313037624323e+02
7.960199065698546350e-02 2.657135191974700774e+02
8.064253955365084658e-02 2.519576545297170185e+02
8.168308845031622967e-02 2.400221597869361290e+02
8.272363734698161275e-02 2.279422133089968554e+02
8.376418624364699583e-02 2.158053813256125295e+02
8.480473514031239279e-02 2.041262468781108339e+02
8.584528403697777588e-02 1.930617238177848947e+02
8.688583293364315896e-02 1.824597349345862369e+02
8.792638183030854204e-02 1.711869363921528020e+02
8.896693072697392513e-02 1.610332522361573524e+02
9.000747962363930821e-02 1.512283030824528396e+02
9.104802852030469129e-02 1.422120029114032036e+02
9.208857741697007437e-02 1.333174596845171891e+02
9.312912631363545746e-02 1.247133862150455457e+02
9.416967521030084054e-02 1.162211153188203383e+02
9.521022410696622362e-02 1.077239081724443821e+02
9.625077300363160671e-02 1.000202364547123466e+02
9.729132190029698979e-02 9.297136098671066406e+01
9.833187079696237287e-02 8.595032256403231941e+01
9.937241969362775595e-02 7.892893554027079972e+01
1.004129685902931390e-01 7.311897695660272234e+01
1.014535174869585221e-01 6.843201745741740183e+01
1.024940663836239052e-01 6.323234713987442035e+01
1.035346152802892883e-01 5.801933573559288959e+01
1.045751641769546714e-01 5.309876151922501464e+01
1.056157130736200545e-01 4.801032128030360013e+01
1.066562619702854375e-01 4.367152154230976180e+01
1.076968108669508206e-01 3.984448170091466324e+01
1.087373597636162037e-01 3.556193830323276472e+01
1.097779086602815868e-01 3.177314802690797535e+01
1.108184575569469699e-01 2.857864416591980472e+01
1.118590064536123529e-01 2.588034575673358262e+01
1.128995553502777360e-01 2.303779138240736302e+01
1.139401042469431191e-01 2.051035256860468081e+01
1.149806531436085022e-01 1.873040819952958458e+01
1.160212020402738853e-01 1.641983969159733903e+01
1.170617509369392684e-01 1.387229338847054549e+01
1.181022998336046514e-01 1.175386037061601741e+01
1.191428487302700345e-01 1.017964761350349079e+01
1.201833976269354176e-01 8.285065668863211386e+00
1.212239465236008007e-01 7.200121495368929203e+00
1.222644954202661838e-01 6.375644420295206061e+00
1.233050443169315669e-01 5.582577182202367538e+00
1.243455932135969499e-01 4.598604155212925093e+00
1.253861421102623330e-01 4.235109497208572549e+00
1.264266910069277161e-01 3.507865246821300076e+00
1.274672399035930992e-01 2.781961908066662659e+00
1.285077888002584823e-01 2.310118615596959302e+00
1.295483376969238654e-01 1.673285865000035955e+00
1.305888865935892484e-01 1.807914288736345299e+00
1.316294354902546315e-01 2.010215997496683116e+00
1.326699843869200146e-01 1.858763007101110531e+00
1.337105332835853977e-01 1.618024392753603991e+00
1.347510821802507808e-01 1.158144518426883707e+00
1.357916310769161639e-01 1.508229341827846071e+00
1.368321799735815469e-01 2.006467795750751293e+00
1.378727288702469300e-01 2.324473325450547634e+00
1.389132777669123131e-01 2.355433746602891176e+00
1.399538266635776962e-01 2.501354584972151684e+00
1.409943755602430793e-01 2.713701401334464691e+00
1.420349244569084624e-01 3.039299193852432523e+00
1.430754733535738454e-01 3.118454722084674557e+00
1.441160222502392285e-01 3.452194043376611177e+00
1.451565711469046116e-01 4.288699624113096576e+00
1.461971200435699947e-01 4.520081036444395295e+00
1.472376689402353778e-01 4.344003064409569959e+00
1.482782178369007609e-01 5.348314750265046769e+00
1.493187667335661439e-01 5.975994736549242958e+00
1.503593156302315270e-01 6.841138613740806562e+00
1.513998645268969101e-01 6.624368000596227546e+00
1.524404134235622932e-01 6.636991220380124901e+00
1.534809623202276763e-01 6.438940477573467547e+00
1.545215112168930593e-01 7.032604521765318140e+00
1.555620601135584424e-01 8.015575840183455369e+00
1.566026090102238255e-01 8.306273142665069997e+00
1.576431579068892086e-01 9.069920366263570344e+00
1.586837068035545917e-01 9.349103929434189553e+00
1.597242557002199748e-01 8.974974335755035781e+00
1.607648045968853578e-01 8.964602445907626560e+00
1.618053534935507409e-01 8.710721550915373257e+00
1.628459023902161240e-01 8.936100077858764479e+00
1.638864512868815071e-01 9.124111173807097686e+00
1.649270001835468902e-01 9.434271017933934189e+00
1.659675490802122733e-01 9.389054893007209301e+00
1.670080979768776563e-01 9.458650910652870891e+00
1.680486468735430672e-01 9.381043538803886861e+00
1.690891957702084503e-01 9.310122470711252873e+00
1.701297446668738333e-01 9.081185648501843843e+00
1.711702935635392164e-01 9.297718203880965149e+00
1.722108424602045995e-01 9.640228524467101323e+00
1.732513913568699826e-01 9.423391258866498532e+00
1.742919402535353657e-01 9.214177859373268831e+00
1.753324891502007488e-01 9.250966638701985545e+00
1.763730380468661318e-01 8.957662900471518697e+00
1.774135869435315149e-01 8.535518267434575534e+00
1.784541358401968980e-01 8.422853997407219850e+00
1.794946847368622811e-01 8.222061387338495564e+00
1.805352336335276642e-01 8.143596507447732336e+00
1.815757825301930473e-01 8.161813679994079251e+00
1.826163314268584303e-01 7.868779463046145395e+00
1.836568803235238134e-01 7.547437629625850519e+00
1.846974292201891965e-01 7.441163703580532029e+00
1.857379781168545796e-01 7.068439128975615660e+00
1.867785270135199627e-01 6.695912422850966550e+00
1.878190759101853458e-01 6.631669397762109952e+00
1.888596248068507288e-01 6.292939152972607531e+00
1.899001737035161119e-01 6.204856900544552190e+00
1.909407226001814950e-01 5.920496013885202302e+00
1.919812714968468781e-01 5.764502450411956858e+00
1.930218203935122612e-01 5.259903169112320143e+00
1.940623692901776443e-01 5.100637677479699761e+00
1.951029181868430273e-01 5.012077201351683442e+00
1.961434670835084104e-01 4.502377520903664276e+00
1.971840159801737935e-01 4.318767430168662713e+00
1.982245648768391766e-01 4.154501334868974993e+00
1.992651137735045597e-01 3.766289109050209305e+00
2.003056626701699428e-01 3.572177654184024220e+00
2.013462115668353813e-01 3.520683379390654011e+00
2.023867604635007644e-01 3.159224517854955394e+00
2.034273093601661475e-01 2.801627679262200132e+00
2.044678582568315306e-01 2.548261785595865803e+00
2.055084071534969137e-01 2.205496410395948459e+00
2.065489560501622968e-01 1.878691628811477443e+00
2.075895049468276798e-01 1.679453406447887431e+00
2.086300538434930629e-01 1.417589424826225297e+00
2.096706027401584460e-01 1.355896508985367177e+00
2.107111516368238291e-01 1.353013854504972358e+00
2.117517005334892122e-01 1.503465800684047338e+00
2.127922494301545953e-01 1.330584775588800284e+00
2.138327983268199783e-01 1.051378282360456495e+00
2.148733472234853614e-01 9.822697558582937916e-01
2.159138961201507445e-01 9.609183697429912741e-01
2.169544450168161276e-01 1.048004338739360719e+00
2.179949939134815107e-01 1.183443700217821970e+00
2.190355428101468938e-01 9.759084313145223177e-01
2.200760917068122768e-01 6.468000311977490924e-01
2.211166406034776599e-01 5.630168143468274877e-01
2.221571895001430430e-01 5.284178887044035378e-01
2.231977383968084261e-01 4.513621387069548518e-01
2.242382872934738092e-01 7.598208490550035776e-01
2.252788361901391923e-01 5.745881178724161487e-01
2.263193850868045753e-01 4.141235208232103560e-01
2.273599339834699584e-01 3.064665309140650606e-01
2.284004828801353415e-01 3.264023445020960423e-01
2.294410317768007246e-01 5.001918566956291556e-01
2.304815806734661077e-01 6.423654239357752260e-01
2.315221295701314908e-01 6.031152135223791788e-01
2.325626784667968738e-01 3.579334098451703028e-01
2.336032273634622569e-01 3.725716616909302559e-01
2.346437762601276400e-01 4.888493025924063318e-01
2.356843251567930231e-01 6.129901393374090901e-01
2.367248740534584062e-01 4.562794701761632155e-01
2.377654229501237892e-01 2.418461262093316577e-01
2.388059718467891723e-01 4.975009845011655329e-01
2.398465207434545554e-01 5.448819097138652978e-01
2.408870696401199385e-01 9.598702312684928017e-01
2.419276185367853216e-01 8.430502301038487190e-01
2.429681674334507047e-01 8.760792190607560315e-01
2.440087163301160877e-01 9.538083198992168832e-01
2.450492652267814708e-01 9.154313747130409240e-01
2.460898141234468539e-01 9.981258462623721073e-01
2.471303630201122370e-01 1.194390114901398903e+00
2.481709119167776201e-01 1.324846675895823722e+00
2.492114608134430032e-01 1.231853488818568820e+00
2.502520097101083585e-01 1.446841211717064368e+00
2.512925586067737416e-01 1.467483114119549015e+00
2.523331075034391247e-01 1.166503338273475521e+00
2.533736564001045077e-01 1.051426752890410654e+00
2.544142052967698908e-01 1.399686189506546441e+00
2.554547541934352739e-01 1.304597547562714510e+00
2.564953030901006570e-01 1.268001883626705961e+00
2.575358519867660401e-01 1.353028238297728336e+00
2.585764008834314231e-01 1.195147882716682375e+00
2.596169497800968062e-01 1.206138320077297266e+00
2.606574986767621893e-01 1.399843256746429176e+00
2.616980475734275724e-01 1.350646624990766043e+00
2.627385964700929555e-01 1.441586672056271112e+00
2.637791453667583386e-01 1.452159982702085017e+00
2.648196942634237216e-01 1.569546154330851095e+00
2.658602431600891047e-01 1.553623069470333462e+00
2.669007920567544878e-01 1.524351982318975729e+00
2.679413409534198709e-01 1.390745536853309261e+00
2.689818898500852540e-01 1.375080454735261526e+00
2.700224387467506371e-01 1.329108869323036402e+00
2.710629876434160201e-01 1.525485178037850886e+00
2.721035365400814032e-01 1.393720931125830731e+00
2.731440854367467863e-01 1.464978504877741727e+00
2.741846343334121694e-01 1.256920494337137484e+00
2.752251832300775525e-01 1.194350606142279503e+00
2.762657321267429356e-01 1.237594689599088582e+00
2.773062810234083186e-01 1.145343633813389772e+00
2.783468299200737017e-01 1.378398522926833181e+00
2.793873788167390848e-01 1.394277375602648306e+00
2.804279277134044679e-01 1.232916225226137641e+00
2.814684766100698510e-01 1.249458766469057736e+00
2.825090255067352341e-01 9.928676067841308850e-01
2.835495744034006171e-01 1.252396116642117363e+00
2.845901233000660002e-01 1.358643530512583908e+00
2.856306721967313833e-01 1.106090686712697391e+00
2.866712210933967664e-01 9.946106921184281191e-01
2.877117699900621495e-01 1.030046511110640495e+00
2.887523188867275326e-01 1.002909364917623947e+00
2.897928677833929156e-01 7.460214687171493608e-01
2.908334166800582987e-01 1.016191019686946362e+00
2.918739655767236818e-01 9.930311923509975713e-01
2.929145144733890649e-01 9.747418764895101617e-01
2.939550633700544480e-01 8.399771163945466412e-01
2.949956122667198311e-01 5.550790569955204035e-01
2.960361611633852141e-01 5.131716990625854180e-01
2.970767100600505972e-01 5.605092228264538790e-01
2.981172589567159803e-01 6.474592227872442152e-01
2.991578078533813634e-01 4.340250204733635542e-01
3.001983567500468020e-01 3.366571249879797278e-01
3.012389056467121851e-01 3.951567994856652888e-01
3.022794545433775681e-01 2.668308194170592174e-01
3.033200034400429512e-01 2.633330570164638118e-01
3.043605523367083343e-01 3.825933836652772868e-01
3.054011012333737174e-01 2.737459851346493167e-01
3.064416501300391005e-01 3.107479663141248238e-01
3.074821990267044836e-01 5.484581310410163724e-01
3.085227479233698666e-01 4.520814287336598625e-01
3.095632968200352497e-01 3.912920577356047147e-01
3.106038457167006328e-01 3.644656366982772511e-01
3.116443946133660159e-01 1.795866344230567790e-01
3.126849435100313990e-01 2.174805334933758161e-01
3.137254924066967821e-01 4.414476521220329630e-01
3.147660413033621651e-01 5.261368783009032768e-01
3.158065902000275482e-01 3.691201585309968891e-01
3.168471390966929313e-01 4.162482581816355776e-01
3.178876879933583144e-01 2.788180860648523662e-01
3.189282368900236975e-01 2.361055008478238904e-01
3.199687857866890806e-01 1.417212705820176666e-01
3.210093346833544636e-01 3.091844745619916068e-01
3.220498835800198467e-01 4.350430342614970414e-01
3.230904324766852298e-01 2.502292816800633091e-01
3.241309813733506129e-01 1.140402412461121173e-01
3.251715302700159960e-01 1.492024914082001885e-01
3.262120791666813790e-01 0.000000000000000000e+00
3.272526280633467621e-01 1.914086326117434567e-01
3.282931769600121452e-01 1.491879679011667292e-01
3.293337258566775283e-01 2.423137482598534120e-01
3.303742747533429114e-01 3.788808304625028711e-01
3.314148236500082945e-01 4.476582035309739638e-01
3.324553725466736775e-01 5.325521377425452840e-01
3.334959214433390606e-01 4.518181329833872439e-01
3.345364703400044437e-01 3.150398360639030670e-01
3.355770192366698268e-01 2.632223999063754150e-01
3.366175681333352099e-01 4.615546760996167563e-01
3.376581170300005930e-01 3.879114089132364995e-01
3.386986659266659760e-01 5.823808095903260096e-01
3.397392148233313591e-01 6.390298166636227961e-01
3.407797637199967422e-01 5.092028624019384608e-01
3.418203126166621253e-01 3.715138003014466506e-01
3.428608615133275084e-01 4.027026559719644183e-01
3.439014104099928915e-01 5.379911070426359743e-01
3.449419593066582745e-01 6.198514992252484035e-01
3.459825082033236576e-01 5.933339081878443722e-01
3.470230570999890407e-01 6.009926773445073422e-01
3.480636059966544238e-01 3.572833737768199569e-01
3.491041548933198069e-01 2.832863531390934497e-01
3.501447037899851900e-01 3.400251743278452921e-01
3.511852526866505730e-01 5.046574771125023062e-01
3.522258015833159561e-01 6.487561619327415485e-01
3.532663504799813392e-01 3.471827995710476955e-01
3.543068993766467223e-01 2.913829845929392093e-01
3.553474482733121054e-01 3.264433209825341464e-01
3.563879971699774885e-01 4.667304021687073146e-01
3.574285460666428715e-01 4.276796850293429486e-01
3.584690949633082546e-01 5.192239294691596285e-01
3.595096438599736377e-01 4.498666985748016600e-01
3.605501927566390208e-01 6.441539894324250781e-01
3.615907416533044039e-01 5.825318725854913282e-01
3.626312905499697870e-01 6.279409712144961020e-01
3.636718394466351700e-01 6.212548747783515068e-01
3.647123883433005531e-01 6.667665832220102118e-01
3.657529372399659362e-01 7.867882139111337381e-01
3.667934861366313193e-01 7.463016986540544906e-01
3.678340350332967024e-01 5.732628492777038787e-01
3.688745839299620854e-01 6.813259203426369481e-01
3.699151328266274685e-01 4.870136094182377917e-01
3.709556817232928516e-01 4.646739706248581570e-01
3.719962306199582347e-01 6.411775602803899687e-01
3.730367795166236178e-01 5.851983417467998549e-01
3.740773284132890009e-01 5.718380103615494647e-01
3.751178773099543839e-01 5.326734123355372219e-01
3.761584262066197670e-01 6.409314680781967866e-01
3.771989751032851501e-01 4.446361349305902877e-01
3.782395239999505332e-01 4.793236820292783307e-01
3.792800728966159163e-01 3.530107331730683029e-01
3.803206217932812994e-01 2.082009202948214011e-01
3.813611706899466824e-01 3.527279955490953967e-01
3.824017195866120655e-01 7.017650569268987226e-01
3.834422684832774486e-01 7.509192550804648647e-01
3.844828173799428317e-01 6.143752889249647353e-01
3.855233662766082148e-01 4.521857845508527873e-01
3.865639151732735979e-01 4.657775504209880069e-01
3.876044640699389809e-01 5.033328882131051785e-01
3.886450129666043640e-01 4.190071837638598140e-01
3.896855618632697471e-01 4.300705160202866750e-01
3.907261107599351302e-01 2.107300026121485814e-01
3.917666596566005133e-01 7.120160336354786068e-02
3.928072085532658964e-01 9.838065881916691069e-02
3.938477574499312794e-01 1.300195260683736365e-01
3.948883063465966625e-01 1.443442032205695114e-01
3.959288552432620456e-01 1.060004953334221511e-01
3.969694041399274287e-01 1.377010036622969835e-01
3.980099530365928118e-01 2.020596151856572931e-01
3.990505019332581949e-01 3.549585627346125705e-01
4.000910508299235779e-01 3.472736011078048080e-01
4.011315997265889610e-01 2.892919681818462152e-01
4.021721486232543441e-01 3.167694895578065939e-01
4.032126975199197272e-01 2.475125139998830548e-01
4.042532464165851103e-01 3.020190042940669173e-01
4.052937953132504934e-01 3.345554186488612913e-01
4.063343442099158764e-01 3.467041083245092636e-01
4.073748931065812595e-01 3.431688123702549831e-01
4.084154420032466426e-01 3.986226381907940208e-01
4.094559908999120257e-01 2.732559544131270002e-01
4.104965397965774088e-01 1.198127315782606672e-01
4.115370886932427918e-01 3.024891232109290229e-01
4.125776375899081749e-01 4.041619115022747621e-01
4.136181864865735580e-01 2.660691241802908280e-01
4.146587353832389411e-01 1.938858273179064895e-01
4.156992842799043242e-01 3.378491886122709786e-01
4.167398331765697073e-01 4.858668690161032089e-01
4.177803820732350903e-01 4.986423162233890594e-01
4.188209309699004734e-01 3.651945944005703382e-01
4.198614798665658565e-01 3.311160752631252535e-01
4.209020287632312396e-01 2.959776871004251575e-01
4.219425776598966227e-01 2.721268818074911167e-01
4.229831265565620058e-01 3.823168001329655397e-01
4.240236754532273888e-01 3.532181925532249522e-01
4.250642243498927719e-01 3.385171131335553696e-01
4.261047732465581550e-01 3.298060620571199308e-01
4.271453221432235381e-01 2.866513561347900918e-01
4.281858710398889212e-01 4.383423234008496649e-01
4.292264199365543043e-01 2.588256137628341946e-01
4.302669688332196873e-01 1.807461563128356374e-01
4.313075177298850704e-01 2.994342358675829985e-01
4.323480666265504535e-01 1.513461800869535523e-01
4.333886155232158366e-01 2.281128661450075867e-01
4.344291644198812197e-01 3.708778035195763323e-01
4.354697133165466028e-01 4.347451959349584172e-01
4.365102622132119858e-01 4.645572269836613089e-01
4.375508111098773689e-01 4.664221196212317011e-01
4.385913600065427520e-01 4.486458428932742493e-01
4.396319089032081351e-01 4.410951110530305641e-01
4.406724577998735182e-01 5.025713919537686536e-01
4.417130066965389013e-01 3.436935078706788715e-01
4.427535555932042843e-01 2.615942309248886488e-01
4.437941044898696674e-01 1.734687157442529326e-01
4.448346533865350505e-01 2.587652725741378390e-01
4.458752022832004336e-01 2.859877823046907963e-01
4.469157511798658167e-01 2.971190011278217469e-01
4.479563000765311997e-01 2.763925051282143386e-01
4.489968489731965828e-01 4.026501196648943903e-01
4.500373978698619659e-01 4.306127597593807366e-01
4.510779467665273490e-01 4.204410930605639862e-01
4.521184956631927321e-01 3.601894045065812122e-01
4.531590445598581152e-01 3.747440650586604249e-01
4.541995934565234982e-01 4.262550252660624039e-01
4.552401423531888813e-01 5.448967826231978506e-01
4.562806912498542644e-01 4.904054228083438716e-01
4.573212401465196475e-01 4.489338575390213748e-01
4.583617890431850306e-01 3.775313510131717010e-01
4.594023379398504137e-01 4.229640438530317681e-01
4.604428868365157967e-01 4.494852174379104781e-01
4.614834357331811798e-01 6.171472894206750937e-01
4.625239846298465629e-01 5.358548371709090929e-01
4.635645335265119460e-01 6.872932262078776944e-01
4.646050824231773291e-01 5.930244486593707620e-01
4.656456313198427122e-01 4.175396391061916290e-01
4.666861802165080952e-01 3.346464009634644299e-01
4.677267291131734783e-01 4.791479671018805675e-01
4.687672780098388614e-01 4.516034787632712266e-01
4.698078269065042445e-01 3.270490557809218046e-01
4.708483758031696276e-01 3.958932286165612879e-01
4.718889246998350107e-01 3.769098227286313829e-01
4.729294735965003937e-01 4.273121884422543815e-01
4.739700224931657768e-01 4.896417200689668903e-01
4.750105713898311599e-01 3.394336367547552413e-01
4.760511202864965430e-01 2.476476647327032765e-01
4.770916691831619261e-01 3.480607207500732159e-01
4.781322180798273092e-01 3.424736457387638211e-01
4.791727669764926922e-01 3.108010898605826355e-01
4.802133158731580753e-01 4.560710409826498335e-01
4.812538647698234584e-01 4.167477618199413314e-01
4.822944136664888415e-01 4.892110201639674472e-01
4.833349625631542246e-01 4.490880935206966740e-01
4.843755114598196077e-01 4.103157640165875364e-01
4.854160603564849907e-01 2.645854689139603977e-01
4.864566092531503738e-01 1.954600000376771618e-01
4.874971581498157569e-01 4.181693550922425118e-01
4.885377070464811400e-01 3.244362289755819972e-01
4.895782559431465231e-01 1.916112269163825488e-01
4.906188048398119061e-01 1.961903599879271098e-01
4.916593537364772892e-01 2.798064629497325484e-01
4.926999026331426723e-01 3.345458499732245627e-01
4.937404515298080554e-01 3.282175001226015354e-01
4.947810004264734385e-01 2.929013580866453026e-01
4.958215493231388216e-01 3.605204349009909492e-01
4.968620982198042046e-01 1.793633108166829970e-01
4.979026471164695877e-01 2.874199207335337292e-01
4.989431960131349708e-01 4.302190408626529461e-01
4.999837449098003539e-01 3.898457494631877296e-01
5.010242938064657370e-01 3.099024509590435628e-01
5.020648427031311201e-01 1.921934983369766314e-01
5.031053915997965031e-01 2.356744877310994468e-01
5.041459404964618862e-01 3.202911931399903267e-01
5.051864893931272693e-01 2.833638517791392530e-01
5.062270382897926524e-01 3.000830250755619488e-01
5.072675871864580355e-01 2.421474294417755857e-01
5.083081360831234186e-01 2.682336753385179406e-01
5.093486849797888016e-01 2.128252231327358857e-01
5.103892338764541847e-01 2.058327072499075427e-01
5.114297827731195678e-01 1.858903803998046556e-01
5.124703316697849509e-01 3.203408038928863277e-01
5.135108805664503340e-01 1.436185956235469519e-01
5.145514294631157171e-01 1.069179371141686374e-01
5.155919783597811001e-01 2.561584717900657893e-01
5.166325272564464832e-01 2.474628441401343082e-01
5.176730761531118663e-01 2.069012198977517869e-01
5.187136250497772494e-01 2.754827435832076787e-01
5.197541739464426325e-01 4.743797167720700259e-01
5.207947228431080156e-01 2.483838428716573787e-01
5.218352717397733986e-01 2.991909677213477892e-01
5.228758206364387817e-01 2.857782263626127417e-01
5.239163695331041648e-01 1.246066283750408843e-01
5.249569184297695479e-01 3.076330788946961547e-01
5.259974673264349310e-01 2.068454334695850605e-01
5.270380162231003141e-01 3.416839827610402835e-01
5.280785651197656971e-01 4.078540001321186992e-01
5.291191140164310802e-01 3.876015004015300747e-01
5.301596629130964633e-01 2.874605175620246200e-01
5.312002118097618464e-01 2.709839280926118477e-01
5.322407607064272295e-01 3.342543487327027663e-01
5.332813096030926125e-01 2.953313253802036797e-01
5.343218584997581067e-01 4.121132736384645057e-01
5.353624073964233787e-01 5.625510099129940045e-01
5.364029562930888728e-01 3.805615142407283713e-01
5.374435051897541449e-01 3.506101117094253539e-01
5.384840540864196390e-01 4.264940232339462511e-01
5.395246029830849110e-01 3.316698134247992868e-01
5.405651518797504052e-01 2.906065399916748504e-01
5.416057007764156772e-01 3.113247959548175459e-01
5.426462496730811713e-01 2.131969329122149759e-01
5.436867985697464434e-01 3.362321648767867543e-01
5.447273474664119375e-01 3.365656928100548839e-01
5.457678963630772095e-01 2.132326084792310894e-01
5.468084452597427036e-01 3.608199585909162010e-01
5.478489941564079757e-01 4.243367582820098960e-01
5.488895430530734698e-01 3.200875166674350680e-01
5.499300919497387419e-01 3.354893430837080359e-01
5.509706408464042360e-01 3.311060225936799384e-01
5.520111897430695080e-01 4.253612336708059161e-01
5.530517386397350021e-01 3.510908309517901671e-01
5.540922875364002742e-01 4.075021419069777551e-01
5.551328364330657683e-01 4.770137371689671113e-01
5.561733853297310404e-01 5.218956539277570528e-01
5.572139342263965345e-01 5.089242367172595038e-01
5.582544831230618065e-01 4.355810829941795248e-01
5.592950320197273006e-01 4.698292402543948754e-01
5.603355809163925727e-01 6.944175818104447728e-01
5.613761298130580668e-01 5.486359278362584746e-01
5.624166787097233389e-01 5.415164126194795813e-01
5.634572276063888330e-01 6.909767027673900941e-01
5.644977765030541050e-01 7.376318912184238741e-01
5.655383253997195991e-01 4.962590596413214428e-01
5.665788742963848712e-01 4.296804256663548927e-01
5.676194231930503653e-01 3.632932592728757015e-01
5.686599720897156374e-01 3.649205439638514292e-01
5.697005209863811315e-01 3.724021692002175143e-01
5.707410698830464035e-01 4.507133731521975051e-01
5.717816187797118976e-01 5.263161619434164606e-01
5.728221676763771697e-01 5.311924111911849877e-01
5.738627165730426638e-01 6.032005425326545378e-01
5.749032654697079359e-01 5.231521431255607979e-01
5.759438143663734300e-01 3.678313023784340885e-01
5.769843632630387020e-01 3.110286050110815381e-01
5.780249121597041961e-01 4.408043099912859475e-01
5.790654610563694682e-01 5.532485453323410241e-01
5.801060099530349623e-01 6.604968343528234698e-01
5.811465588497002344e-01 5.303232470208278926e-01
5.821871077463657285e-01 3.912763090781616881e-01
5.832276566430310005e-01 5.463483210670396772e-01
5.842682055396964946e-01 5.417234259150660591e-01
5.853087544363617667e-01 4.379247326324957612e-01
5.863493033330272608e-01 4.860189747655461190e-01
5.873898522296925329e-01 5.525596521901761093e-01
5.884304011263580270e-01 4.704656027575069288e-01
5.894709500230232990e-01 4.893002947229447841e-01
5.905114989196887931e-01 4.440559492848770162e-01
5.915520478163540652e-01 4.449544139199232973e-01
5.925925967130195593e-01 3.928036674258308381e-01
5.936331456096848314e-01 4.349089418819644948e-01
5.946736945063503255e-01 4.417519288415583389e-01
5.957142434030155975e-01 4.592671283184905917e-01
5.967547922996810916e-01 3.870969868612093023e-01
5.977953411963463637e-01 4.671996466151178140e-01
5.988358900930118578e-01 5.073470700191187177e-01
5.998764389896771299e-01 4.780402410370179211e-01
