# q (1/Angstrom), Intensity (arb)
2.029070354705860696e-02 1.430698830678641116e+03
2.133125244372399004e-02 1.429931077048474663e+03
2.237180134038937659e-02 1.420305013192418301e+03
2.341235023705475968e-02 1.409644166990342910e+03
2.445289913372014276e-02 1.400209552515986161e+03
2.549344803038552584e-02 1.383356124870336998e+03
2.653399692705091240e-02 1.368872540856864589e+03
2.757454582371629548e-02 1.355616603387433088e+03
2.861509472038167856e-02 1.340288428847695059e+03
2.965564361704706164e-02 1.327215666956888072e+03
3.069619251371244473e-02 1.311976246304624965e+03
3.173674141037782781e-02 1.295645105576695414e+03
3.277729030704321089e-02 1.271553950819973124e+03
3.381783920370859398e-02 1.254701733675407013e+03
3.485838810037397706e-02 1.235429433597353182e+03
3.589893699703936014e-02 1.215676920391658314e+03
3.693948589370474322e-02 1.193259700069268320e+03
3.798003479037012631e-02 1.171268977221007162e+03
3.902058368703550939e-02 1.146880502379113068e+03
4.006113258370089247e-02 1.124046575283505945e+03
4.110168148036627556e-02 1.102309320968429574e+03
4.214223037703165864e-02 1.085362302630316208e+03
4.318277927369704866e-02 1.062583539341250798e+03
4.422332817036243174e-02 1.036867976224996937e+03
4.526387706702781483e-02 1.015591467052931307e+03
4.630442596369319791e-02 9.901733126128989397e+02
4.734497486035858099e-02 9.669753167808640910e+02
4.838552375702396408e-02 9.436943467627633026e+02
4.942607265368934716e-02 9.190406069389539425e+02
5.046662155035473024e-02 8.955888333957535679e+02
5.150717044702011332e-02 8.706922266932728007e+02
5.254771934368549641e-02 8.482711030246113069e+02
5.358826824035087949e-02 8.273293379962816516e+02
5.462881713701626257e-02 8.057556222044380547e+02
5.566936603368164566e-02 7.794248721673837963e+02
5.670991493034702874e-02 7.554480362611462851e+02
5.775046382701241182e-02 7.324417068398032598e+02
5.879101272367779490e-02 7.103214772220720761e+02
5.983156162034317799e-02 6.869238857828840992e+02
6.087211051700856107e-02 6.637763991655912150e+02
6.191265941367394415e-02 6.449723684559008916e+02
6.295320831033933417e-02 6.227973408188190660e+02
6.399375720700471726e-02 6.007502345237415966e+02
6.503430610367010034e-02 5.806435336065432011e+02
6.607485500033548342e-02 5.587582096887812213e+02
6.711540389700086651e-02 5.389959134139598973e+02
6.815595279366624959e-02 5.186918756536958881e+02
6.919650169033163267e-02 4.967971417551445938e+02
7.023705058699701576e-02 4.776453669313728483e+02
7.127759948366239884e-02 4.570496701503649319e+02
7.231814838032778192e-02 4.377806222873840625e+02
7.335869727699316500e-02 4.200537768484734329e+02
7.439924617365854809e-02 4.026528456373559948e+02
7.543979507032393117e-02 3.837773785374948829e+02
7.648034396698931425e-02 3.673141290460654886e+02
7.752089286365469734e-02 3.508771505781063524e+02
7.856144176032008042e-02 3.341707172904974641e+02
7.960199065698546350e-02 3.183876995059225692e+02
8.064253955365084658e-02 3.012283725907933558e+02
8.168308845031622967e-02 2.851690607743397550e+02
8.272363734698161275e-02 2.710883503950732916e+02
8.376418624364699583e-02 2.587254304727459839e+02
8.480473514031239279e-02 2.443899208247401873e+02
8.584528403697777588e-02 2.298626598771373040e+02
8.688583293364315896e-02 2.173067734112808580e+02
8.792638183030854204e-02 2.060614909130225669e+02
8.896693072697392513e-02 1.940680124988743671e+02
9.000747962363930821e-02 1.814683883692285917e+02
9.104802852030469129e-02 1.708669067102868553e+02
9.208857741697007437e-02 1.603402132405971656e+02
9.312912631363545746e-02 1.507248034731825044e+02
9.416967521030084054e-02 1.398098329762683534e+02
9.521022410696622362e-02 1.302181960884309717e+02
9.625077300363160671e-02 1.218675752570906923e+02
9.729132190029698979e-02 1.127751250116272672e+02
9.833187079696237287e-02 1.051217292600425708e+02
9.937241969362775595e-02 9.678383999566116813e+01
1.004129685902931390e-01 8.915007090826595970e+01
1.014535174869585221e-01 8.258055727954869951e+01
1.024940663836239052e-01 7.685805763554976977e+01
1.035346152802892883e-01 7.090488624066750845e+01
1.045751641769546714e-01 6.408541381442825013e+01
1.056157130736200545e-01 5.828106924017816226e+01
1.066562619702854375e-01 5.260629788581674404e+01
1.076968108669508206e-01 4.805052815705669644e+01
1.087373597636162037e-01 4.367445359967237550e+01
1.097779086602815868e-01 3.964944296607826146e+01
1.108184575569469699e-01 3.588926012059900472e+01
1.118590064536123529e-01 3.264323649486807710e+01
1.128995553502777360e-01 2.906530849981913889e+01
1.139401042469431191e-01 2.570024271289619477e+01
1.149806531436085022e-01 2.228711848815023089e+01
1.160212020402738853e-01 1.961316525011507039e+01
1.170617509369392684e-01 1.684665299970867736e+01
1.181022998336046514e-01 1.476195433211490737e+01
1.191428487302700345e-01 1.273836684601041114e+01
1.201833976269354176e-01 1.085963732778405344e+01
1.212239465236008007e-01 9.549956399693041220e+00
1.222644954202661838e-01 8.178451325239009861e+00
1.233050443169315669e-01 6.666068799514544452e+00
1.243455932135969499e-01 5.978829160827562106e+00
1.253861421102623330e-01 5.025393543244550898e+00
1.264266910069277161e-01 4.697778989983866893e+00
1.274672399035930992e-01 4.166233732341414253e+00
1.285077888002584823e-01 3.299669485493872401e+00
1.295483376969238654e-01 2.988990162503903036e+00
1.305888865935892484e-01 3.217617565715748640e+00
1.316294354902546315e-01 2.562689051365286019e+00
1.326699843869200146e-01 2.155937118651259254e+00
1.337105332835853977e-01 2.547079413189678121e+00
1.347510821802507808e-01 2.337785321754328294e+00
1.357916310769161639e-01 2.168687458904400955e+00
1.368321799735815469e-01 2.363960468603220733e+00
1.378727288702469300e-01 2.777042440805434609e+00
1.389132777669123131e-01 3.189464577654501198e+00
1.399538266635776962e-01 3.411853971984445622e+00
1.409943755602430793e-01 3.716753801353593900e+00
1.420349244569084624e-01 4.305811740805285837e+00
1.430754733535738454e-01 4.490966966701606111e+00
1.441160222502392285e-01 5.098193717423509241e+00
1.451565711469046116e-01 5.561709104743155052e+00
1.461971200435699947e-01 6.033725046864333308e+00
1.472376689402353778e-01 6.003373628975889886e+00
1.482782178369007609e-01 6.665535291351410763e+00
1.493187667335661439e-01 7.116662160680803595e+00
1.503593156302315270e-01 7.560743624315115596e+00
1.513998645268969101e-01 8.036958928971660754e+00
1.524404134235622932e-01 8.550008359022914561e+00
1.534809623202276763e-01 8.917341587912744671e+00
1.545215112168930593e-01 9.103340909077935805e+00
1.555620601135584424e-01 9.685113809359769732e+00
1.566026090102238255e-01 1.012915528648849417e+01
1.576431579068892086e-01 1.007132497278552563e+01
1.586837068035545917e-01 1.002927151805589645e+01
1.597242557002199748e-01 1.032479722654590049e+01
1.607648045968853578e-01 1.066045030120792347e+01
1.618053534935507409e-01 1.123584903140852731e+01
1.628459023902161240e-01 1.151091657408466773e+01
1.638864512868815071e-01 1.131494547031217479e+01
1.649270001835468902e-01 1.148324903284178333e+01
1.659675490802122733e-01 1.177538498811156487e+01
1.670080979768776563e-01 1.179246829939170738e+01
1.680486468735430672e-01 1.158329525886438205e+01
1.690891957702084503e-01 1.135428738279218308e+01
1.701297446668738333e-01 1.143260134719947985e+01
1.711702935635392164e-01 1.163362858882153716e+01
1.722108424602045995e-01 1.145856881938572158e+01
1.732513913568699826e-01 1.119190148186685363e+01
1.742919402535353657e-01 1.152586780152327250e+01
1.753324891502007488e-01 1.144339611451291105e+01
1.763730380468661318e-01 1.138157028478470068e+01
1.774135869435315149e-01 1.099206608581138411e+01
1.784541358401968980e-01 1.072818273978433368e+01
1.794946847368622811e-01 1.055147516057907353e+01
1.805352336335276642e-01 1.022383120674749080e+01
1.815757825301930473e-01 9.851292576295030301e+00
1.826163314268584303e-01 9.834748128779878584e+00
1.836568803235238134e-01 9.622450812406363241e+00
1.846974292201891965e-01 9.276127791212410045e+00
1.857379781168545796e-01 9.258206440926620928e+00
1.867785270135199627e-01 8.734691848263778979e+00
1.878190759101853458e-01 8.477310437799037146e+00
1.888596248068507288e-01 7.849821462726279009e+00
1.899001737035161119e-01 7.486924797263004194e+00
1.909407226001814950e-01 7.358923705625034728e+00
1.919812714968468781e-01 7.246984846338037300e+00
1.930218203935122612e-01 6.571096522415860619e+00
1.940623692901776443e-01 6.013927775971851020e+00
1.951029181868430273e-01 5.723789283055626953e+00
1.961434670835084104e-01 5.294077420319027283e+00
1.971840159801737935e-01 5.197775032976689857e+00
1.982245648768391766e-01 5.087382212192263609e+00
1.992651137735045597e-01 4.833740465692248023e+00
2.003056626701699428e-01 4.747781372615822448e+00
2.013462115668353813e-01 4.366352202970603003e+00
2.023867604635007644e-01 4.107867357733436364e+00
2.034273093601661475e-01 3.864774777598242395e+00
2.044678582568315306e-01 3.456640728685023589e+00
2.055084071534969137e-01 3.373618659594168179e+00
2.065489560501622968e-01 3.075673779437455124e+00
2.075895049468276798e-01 2.575740022135530438e+00
2.086300538434930629e-01 2.675180699766446679e+00
2.096706027401584460e-01 2.461934194681184351e+00
2.107111516368238291e-01 2.200872133569951927e+00
2.117517005334892122e-01 2.397357168682436424e+00
2.127922494301545953e-01 2.231270768773395474e+00
2.138327983268199783e-01 2.000862302390419956e+00
2.148733472234853614e-01 1.668729099928636828e+00
2.159138961201507445e-01 1.461621267565085702e+00
2.169544450168161276e-01 1.280988804632340106e+00
2.179949939134815107e-01 1.292819121223214296e+00
2.190355428101468938e-01 1.036876011663846242e+00
2.200760917068122768e-01 8.730815698506901867e-01
2.211166406034776599e-01 7.551468654939590408e-01
2.221571895001430430e-01 1.128550471217899087e+00
2.231977383968084261e-01 1.090934352259655071e+00
2.242382872934738092e-01 9.697416510437157910e-01
2.252788361901391923e-01 5.732647659891867420e-01
2.263193850868045753e-01 6.405923088905431939e-01
2.273599339834699584e-01 1.016452865582628817e+00
2.284004828801353415e-01 9.029583217746477430e-01
2.294410317768007246e-01 8.492702931628990370e-01
2.304815806734661077e-01 7.150083714001738144e-01
2.315221295701314908e-01 8.102124630739773181e-01
2.325626784667968738e-01 9.235419225965060264e-01
2.336032273634622569e-01 6.490209638876329734e-01
2.346437762601276400e-01 7.783803650528824392e-01
2.356843251567930231e-01 8.279931750329723172e-01
2.367248740534584062e-01 1.116355399657049219e+00
2.377654229501237892e-01 1.187228010103780207e+00
2.388059718467891723e-01 1.158119802262689291e+00
2.398465207434545554e-01 1.417526202547456649e+00
2.408870696401199385e-01 1.308825205264831482e+00
2.419276185367853216e-01 1.487794510345057830e+00
2.429681674334507047e-01 1.458006266767657877e+00
2.440087163301160877e-01 1.524150144212740088e+00
2.450492652267814708e-01 1.531595044299173480e+00
2.460898141234468539e-01 1.543840976012145205e+00
2.471303630201122370e-01 1.509540905921166853e+00
2.481709119167776201e-01 1.523495215789157697e+00
2.492114608134430032e-01 1.721933062658006719e+00
2.502520097101083585e-01 1.834349625165387465e+00
2.512925586067737416e-01 1.768254293478513262e+00
2.523331075034391247e-01 1.755535801046374189e+00
2.533736564001045077e-01 1.558538079528858589e+00
2.544142052967698908e-01 1.708885669498055648e+00
2.554547541934352739e-01 1.761594103819923873e+00
2.564953030901006570e-01 2.113571894126586415e+00
2.575358519867660401e-01 2.187461411098848174e+00
2.585764008834314231e-01 2.115620561714994352e+00
2.596169497800968062e-01 2.124589640640714094e+00
2.606574986767621893e-01 2.426094359404164180e+00
2.616980475734275724e-01 2.434761661185611104e+00
2.627385964700929555e-01 2.216680559009724050e+00
2.637791453667583386e-01 2.282799325963434711e+00
2.648196942634237216e-01 1.995076090059022533e+00
2.658602431600891047e-01 2.132029230772342743e+00
2.669007920567544878e-01 2.236288389876328608e+00
2.679413409534198709e-01 1.995937926838813326e+00
2.689818898500852540e-01 2.132081640962535829e+00
2.700224387467506371e-01 2.097075119882187977e+00
2.710629876434160201e-01 1.955737757965746226e+00
2.721035365400814032e-01 2.052836113284154607e+00
2.731440854367467863e-01 1.912159470039657805e+00
2.741846343334121694e-01 1.738380762393820334e+00
2.752251832300775525e-01 1.794594754483266996e+00
2.762657321267429356e-01 1.671786842992744937e+00
2.773062810234083186e-01 1.599975817304610359e+00
2.783468299200737017e-01 1.518299938772518232e+00
2.793873788167390848e-01 1.453595806561281734e+00
2.804279277134044679e-01 1.686093548597565217e+00
2.814684766100698510e-01 1.830934271707373995e+00
2.825090255067352341e-01 1.710458511679661342e+00
2.835495744034006171e-01 1.467068705112357208e+00
2.845901233000660002e-01 1.424950282642257093e+00
2.856306721967313833e-01 1.481993032429709700e+00
2.866712210933967664e-01 1.679330630112200851e+00
2.877117699900621495e-01 1.695526586251656198e+00
2.887523188867275326e-01 1.507182119325577219e+00
2.897928677833929156e-01 1.325194519904531631e+00
2.908334166800582987e-01 1.105269452469620717e+00
2.918739655767236818e-01 9.472811791200435039e-01
2.929145144733890649e-01 1.037702541957052915e+00
2.939550633700544480e-01 1.064069169759335409e+00
2.949956122667198311e-01 9.859745833264632608e-01
2.960361611633852141e-01 1.032842566980612276e+00
2.970767100600505972e-01 1.151811168180149281e+00
2.981172589567159803e-01 1.092375699721877425e+00
2.991578078533813634e-01 1.037663475755994824e+00
3.001983567500468020e-01 1.075291280029190943e+00
3.012389056467121851e-01 1.012083985145558529e+00
3.022794545433775681e-01 9.209673550473738146e-01
3.033200034400429512e-01 7.534214073999230266e-01
3.043605523367083343e-01 9.755231461672693172e-01
3.054011012333737174e-01 9.428076548889201547e-01
3.064416501300391005e-01 8.064692489295346434e-01
3.074821990267044836e-01 8.169884423942406215e-01
3.085227479233698666e-01 6.356939020209821933e-01
3.095632968200352497e-01 4.598243249196833915e-01
3.106038457167006328e-01 6.431242115514805846e-01
3.116443946133660159e-01 7.964766895395882784e-01
3.126849435100313990e-01 5.711446366053785084e-01
3.137254924066967821e-01 4.195188958899933596e-01
3.147660413033621651e-01 3.945780906117413167e-01
3.158065902000275482e-01 3.895658326461273191e-01
3.168471390966929313e-01 3.389801839883013201e-01
3.178876879933583144e-01 2.722974926138910234e-01
3.189282368900236975e-01 3.827126149059267846e-01
3.199687857866890806e-01 8.804432162255437788e-02
3.210093346833544636e-01 1.258640364993226513e-01
3.220498835800198467e-01 5.196154863982478389e-01
3.230904324766852298e-01 4.859667181076687825e-01
3.241309813733506129e-01 6.376383358204549268e-01
3.251715302700159960e-01 4.273898324725671216e-01
3.262120791666813790e-01 0.000000000000000000e+00
3.272526280633467621e-01 2.685090844056219339e-01
3.282931769600121452e-01 2.609799318749637109e-01
3.293337258566775283e-01 5.113363410466469361e-01
3.303742747533429114e-01 7.065331857205947585e-01
3.314148236500082945e-01 5.462458592316394856e-01
3.324553725466736775e-01 5.637770876784635732e-01
3.334959214433390606e-01 8.409575547627703429e-01
3.345364703400044437e-01 8.786498360380505801e-01
3.355770192366698268e-01 5.131935337537427699e-01
3.366175681333352099e-01 4.607409123536818640e-01
3.376581170300005930e-01 5.508716893599334696e-01
3.386986659266659760e-01 7.577757877348716420e-01
3.397392148233313591e-01 6.767779685638686260e-01
3.407797637199967422e-01 8.935011158654333485e-01
3.418203126166621253e-01 9.347546340078061178e-01
3.428608615133275084e-01 7.425859712192028894e-01
3.439014104099928915e-01 6.963728435476959078e-01
3.449419593066582745e-01 5.379922802938388315e-01
3.459825082033236576e-01 3.759378720264088258e-01
3.470230570999890407e-01 6.734565772131020367e-01
3.480636059966544238e-01 7.202182708280062684e-01
3.491041548933198069e-01 8.037665639714752785e-01
3.501447037899851900e-01 7.567027331939009116e-01
3.511852526866505730e-01 6.734012332225454145e-01
3.522258015833159561e-01 6.435336642631490633e-01
3.532663504799813392e-01 8.553597378148083408e-01
3.543068993766467223e-01 1.040266885859757906e+00
3.553474482733121054e-01 9.015883523289645041e-01
3.563879971699774885e-01 1.034686059026778793e+00
3.574285460666428715e-01 9.635647404570768515e-01
3.584690949633082546e-01 9.125891019586553909e-01
3.595096438599736377e-01 8.379775829549238608e-01
3.605501927566390208e-01 8.374416287703390083e-01
3.615907416533044039e-01 8.306050778347717767e-01
3.626312905499697870e-01 9.400579248794329601e-01
3.636718394466351700e-01 6.772218861716545746e-01
3.647123883433005531e-01 5.661664456906052578e-01
3.657529372399659362e-01 8.777534555129520299e-01
3.667934861366313193e-01 8.722981375584808461e-01
3.678340350332967024e-01 7.959430219294958420e-01
3.688745839299620854e-01 7.931689085126869543e-01
3.699151328266274685e-01 7.716109850581887031e-01
3.709556817232928516e-01 7.445020097910592938e-01
3.719962306199582347e-01 7.769603946382055426e-01
3.730367795166236178e-01 7.286304845008579889e-01
3.740773284132890009e-01 8.012786041317276897e-01
3.751178773099543839e-01 8.352579754875577578e-01
3.761584262066197670e-01 5.930587133417724033e-01
3.771989751032851501e-01 6.444694297830082519e-01
3.782395239999505332e-01 7.807753957117604671e-01
3.792800728966159163e-01 7.822396973907643769e-01
3.803206217932812994e-01 7.458708695790079446e-01
3.813611706899466824e-01 7.040152327639077612e-01
3.824017195866120655e-01 6.295658742865342106e-01
3.834422684832774486e-01 5.139613489362346854e-01
3.844828173799428317e-01 4.878984107569586115e-01
3.855233662766082148e-01 4.518398217731594002e-01
3.865639151732735979e-01 6.273372856716967760e-01
3.876044640699389809e-01 6.976808782362802219e-01
3.886450129666043640e-01 6.043361622538903077e-01
3.896855618632697471e-01 7.154021258660421267e-01
3.907261107599351302e-01 5.799681402859171442e-01
3.917666596566005133e-01 5.448257448100477518e-01
3.928072085532658964e-01 7.041355489856577776e-01
3.938477574499312794e-01 5.519297132159017849e-01
3.948883063465966625e-01 5.218372545116274352e-01
3.959288552432620456e-01 5.025932264206645073e-01
3.969694041399274287e-01 5.568408128455892836e-01
3.980099530365928118e-01 4.864597238473784557e-01
3.990505019332581949e-01 4.173006069273164087e-01
4.000910508299235779e-01 3.183458301701485027e-01
4.011315997265889610e-01 2.962800458344680976e-01
4.021721486232543441e-01 3.743625475598157948e-01
4.032126975199197272e-01 6.226718960306456552e-01
4.042532464165851103e-01 6.280508348329689738e-01
4.052937953132504934e-01 6.678525244636581704e-01
4.063343442099158764e-01 7.101365127910383990e-01
4.073748931065812595e-01 7.358228162368725123e-01
4.084154420032466426e-01 4.745521184461765074e-01
4.094559908999120257e-01 5.352342190012713274e-01
4.104965397965774088e-01 7.544476779593374260e-01
4.115370886932427918e-01 6.153439013519914624e-01
4.125776375899081749e-01 6.069155904955287895e-01
4.136181864865735580e-01 5.834986490974181095e-01
4.146587353832389411e-01 3.387732035271930897e-01
4.156992842799043242e-01 2.460346292560551262e-01
4.167398331765697073e-01 3.386373188719602467e-01
4.177803820732350903e-01 4.258580841153225549e-01
4.188209309699004734e-01 4.691588008772171747e-01
4.198614798665658565e-01 5.187582911718031653e-01
4.209020287632312396e-01 5.097172113068140220e-01
4.219425776598966227e-01 5.061979892587125107e-01
4.229831265565620058e-01 4.008827333257833914e-01
4.240236754532273888e-01 4.819002113303518797e-01
4.250642243498927719e-01 5.585968279752400178e-01
4.261047732465581550e-01 6.168676539552002680e-01
4.271453221432235381e-01 7.369882430017860031e-01
4.281858710398889212e-01 6.423188807775126463e-01
4.292264199365543043e-01 3.661678468302369538e-01
4.302669688332196873e-01 3.606941065003397284e-01
4.313075177298850704e-01 5.658098716048414190e-01
4.323480666265504535e-01 6.104800989125145350e-01
4.333886155232158366e-01 6.965271240876766967e-01
4.344291644198812197e-01 5.834875871245515100e-01
4.354697133165466028e-01 6.595957168317490016e-01
4.365102622132119858e-01 6.810011991613365012e-01
4.375508111098773689e-01 7.608531261900779441e-01
4.385913600065427520e-01 6.846361114523915603e-01
4.396319089032081351e-01 5.906639766676100578e-01
4.406724577998735182e-01 7.143268574603069965e-01
4.417130066965389013e-01 5.842122382046213147e-01
4.427535555932042843e-01 3.795787312378173795e-01
4.437941044898696674e-01 4.904795903981735705e-01
4.448346533865350505e-01 4.871073906484753024e-01
4.458752022832004336e-01 5.467416210246014430e-01
4.469157511798658167e-01 8.136293816729569528e-01
4.479563000765311997e-01 7.340503694706903559e-01
4.489968489731965828e-01 7.315847622695166308e-01
4.500373978698619659e-01 5.608465284646548810e-01
4.510779467665273490e-01 6.153704132995123643e-01
4.521184956631927321e-01 6.378776977801656756e-01
4.531590445598581152e-01 6.035625356304166189e-01
4.541995934565234982e-01 4.753775326410583091e-01
4.552401423531888813e-01 5.067625694998412200e-01
4.562806912498542644e-01 5.510765793259153611e-01
4.573212401465196475e-01 5.277573336628798018e-01
4.583617890431850306e-01 5.933930574186447870e-01
4.594023379398504137e-01 5.265920813146536261e-01
4.604428868365157967e-01 4.523798197009263333e-01
4.614834357331811798e-01 4.346796925236375841e-01
4.625239846298465629e-01 5.767954537914015134e-01
4.635645335265119460e-01 4.962959955928489819e-01
4.646050824231773291e-01 4.541744240514766773e-01
4.656456313198427122e-01 7.102219781293648282e-01
4.666861802165080952e-01 6.356457689420373924e-01
4.677267291131734783e-01 5.430242907428706189e-01
4.687672780098388614e-01 6.471866368084739918e-01
4.698078269065042445e-01 6.891023239728717442e-01
4.708483758031696276e-01 7.039666995863598231e-01
4.718889246998350107e-01 6.390773486551637461e-01
4.729294735965003937e-01 7.386062708549268052e-01
4.739700224931657768e-01 7.326710452173230692e-01
4.750105713898311599e-01 7.266507213910848861e-01
4.760511202864965430e-01 4.775436277941409458e-01
4.770916691831619261e-01 3.445157655586186252e-01
4.781322180798273092e-01 3.933580879958284982e-01
4.791727669764926922e-01 6.023786164878188742e-01
4.802133158731580753e-01 5.445894045986960919e-01
4.812538647698234584e-01 5.057412346808831671e-01
4.822944136664888415e-01 6.583806408073797911e-01
4.833349625631542246e-01 6.245388436783265718e-01
4.843755114598196077e-01 4.644886819863316418e-01
4.854160603564849907e-01 5.117543898620269260e-01
4.864566092531503738e-01 5.932222113431357968e-01
4.874971581498157569e-01 5.507963153154769032e-01
4.885377070464811400e-01 5.229959171032838583e-01
4.895782559431465231e-01 5.339363073111336178e-01
4.906188048398119061e-01 6.064697090428268211e-01
4.916593537364772892e-01 5.818709652349376427e-01
4.926999026331426723e-01 6.731423016385029712e-01
4.937404515298080554e-01 5.398399089428487230e-01
4.947810004264734385e-01 5.650365007365181214e-01
4.958215493231388216e-01 6.014542683168322412e-01
4.968620982198042046e-01 6.120239169404229074e-01
4.979026471164695877e-01 6.938857771856312695e-01
4.989431960131349708e-01 5.528453026061193043e-01
4.999837449098003539e-01 6.882786173294483945e-01
5.010242938064657370e-01 7.459127878716174109e-01
5.020648427031311201e-01 6.176371235065118981e-01
5.031053915997965031e-01 5.673990028284769949e-01
5.041459404964618862e-01 6.320526344854151546e-01
5.051864893931272693e-01 4.998408480523082176e-01
5.062270382897926524e-01 5.766043349085698821e-01
5.072675871864580355e-01 6.248430350899845109e-01
5.083081360831234186e-01 4.864384463188820007e-01
5.093486849797888016e-01 3.941506714969378322e-01
5.103892338764541847e-01 3.193080877067657752e-01
5.114297827731195678e-01 4.250913008505854407e-01
5.124703316697849509e-01 5.451209789052455790e-01
5.135108805664503340e-01 5.876077349828641161e-01
5.145514294631157171e-01 6.675350285711942888e-01
5.155919783597811001e-01 6.634051980281263639e-01
5.166325272564464832e-01 5.450776828380163863e-01
5.176730761531118663e-01 5.026407977157951734e-01
5.187136250497772494e-01 6.581360397020965536e-01
5.197541739464426325e-01 6.822991527989756833e-01
5.207947228431080156e-01 4.452355017436282481e-01
5.218352717397733986e-01 5.000193325879571660e-01
5.228758206364387817e-01 7.557268811262858321e-01
5.239163695331041648e-01 7.514973950567096495e-01
5.249569184297695479e-01 4.610620027440539559e-01
5.259974673264349310e-01 3.800167650143997378e-01
5.270380162231003141e-01 5.320595184898841978e-01
5.280785651197656971e-01 6.006213915922309354e-01
5.291191140164310802e-01 6.963345715060640373e-01
5.301596629130964633e-01 5.917569120240244729e-01
5.312002118097618464e-01 4.850053525684501210e-01
5.322407607064272295e-01 5.057924497886787663e-01
5.332813096030926125e-01 4.795963255524959834e-01
5.343218584997581067e-01 5.081039609243660493e-01
5.353624073964233787e-01 5.873438656734570884e-01
5.364029562930888728e-01 4.636254019375307678e-01
5.374435051897541449e-01 3.993390670589320735e-01
5.384840540864196390e-01 5.530046628273233011e-01
5.395246029830849110e-01 5.466525446207413097e-01
5.405651518797504052e-01 5.225449095480492190e-01
5.416057007764156772e-01 6.843426052093946055e-01
5.426462496730811713e-01 6.514957193038135586e-01
5.436867985697464434e-01 5.979778742867765118e-01
5.447273474664119375e-01 7.195212020283818788e-01
5.457678963630772095e-01 4.796572381965518161e-01
5.468084452597427036e-01 3.910246343615639830e-01
5.478489941564079757e-01 4.737486140864142214e-01
5.488895430530734698e-01 3.418346747532332586e-01
5.499300919497387419e-01 3.916706987993983091e-01
5.509706408464042360e-01 5.854836421519031830e-01
5.520111897430695080e-01 4.540420511599307929e-01
5.530517386397350021e-01 4.854836187326974084e-01
5.540922875364002742e-01 5.016449494522134955e-01
5.551328364330657683e-01 5.300277542365208205e-01
5.561733853297310404e-01 5.706490954311256303e-01
5.572139342263965345e-01 6.052375358904491520e-01
5.582544831230618065e-01 5.474100706799376326e-01
5.592950320197273006e-01 5.078320521644705821e-01
5.603355809163925727e-01 4.688739911158990026e-01
5.613761298130580668e-01 4.598407837356432992e-01
5.624166787097233389e-01 6.029287103686336025e-01
5.634572276063888330e-01 6.210841846294634649e-01
5.644977765030541050e-01 6.542900561461770792e-01
5.655383253997195991e-01 5.575250781282043988e-01
5.665788742963848712e-01 5.430878911535437226e-01
5.676194231930503653e-01 6.076074549148167137e-01
5.686599720897156374e-01 4.806680943881929124e-01
5.697005209863811315e-01 4.515926487355628183e-01
5.707410698830464035e-01 5.453125067840787210e-01
5.717816187797118976e-01 5.091361968219025869e-01
5.728221676763771697e-01 6.364949117835223547e-01
5.738627165730426638e-01 8.196567254440161321e-01
5.749032654697079359e-01 7.477686309932423114e-01
5.759438143663734300e-01 6.170982906046944549e-01
5.769843632630387020e-01 7.525388872345892821e-01
5.780249121597041961e-01 6.248928874427441826e-01
5.790654610563694682e-01 4.736759544841184777e-01
5.801060099530349623e-01 3.537935911155400959e-01
5.811465588497002344e-01 4.622685042434753200e-01
5.821871077463657285e-01 5.475764972170473754e-01
5.832276566430310005e-01 4.632843107922290926e-01
5.842682055396964946e-01 4.301183495726128569e-01
5.853087544363617667e-01 5.726215015521987084e-01
5.863493033330272608e-01 4.826289851875387171e-01
5.873898522296925329e-01 4.919131953555684333e-01
5.884304011263580270e-01 5.886537106627685034e-01
5.894709500230232990e-01 4.304757822189131389e-01
5.905114989196887931e-01 4.508240996400765255e-01
5.915520478163540652e-01 5.062936701017086705e-01
5.925925967130195593e-01 5.009330286060809101e-01
5.936331456096848314e-01 5.430629693413315806e-01
5.946736945063503255e-01 5.429780470831140349e-01
5.957142434030155975e-01 5.103335741235177636e-01
5.967547922996810916e-01 4.039640732065699069e-01
5.977953411963463637e-01 5.076738859322666997e-01
5.988358900930118578e-01 5.469666714443519595e-01
5.998764389896771299e-01 4.236466782551744359e-01
