# q (1/Angstrom), Intensity (arb)
2.029070354705860696e-02 3.211457394290277989e+00
2.133125244372399004e-02 3.102770389926917005e+00
2.237180134038937659e-02 2.352039400794268431e+00
2.341235023705475968e-02 0.000000000000000000e+00
2.445289913372014276e-02 2.071229916221469125e+00
2.549344803038552584e-02 3.430134345329420853e+00
2.653399692705091240e-02 2.400099418748510516e+00
2.757454582371629548e-02 2.711341365054352082e+00
2.861509472038167856e-02 3.195719384564583265e+00
2.965564361704706164e-02 3.469771080023591026e+00
3.069619251371244473e-02 4.224898232809749743e+00
3.173674141037782781e-02 5.106619442064868508e+00
3.277729030704321089e-02 5.037218203333367228e+00
3.381783920370859398e-02 4.460122657342481034e+00
3.485838810037397706e-02 5.119394956119613482e+00
3.589893699703936014e-02 5.602255277744468742e+00
3.693948589370474322e-02 6.151061986379069424e+00
3.798003479037012631e-02 6.209051231932406267e+00
3.902058368703550939e-02 6.056437858169477551e+00
4.006113258370089247e-02 6.107624452163634032e+00
4.110168148036627556e-02 5.641567568917167819e+00
4.214223037703165864e-02 5.765785612229624491e+00
4.318277927369704866e-02 5.594764250606122147e+00
4.422332817036243174e-02 5.555021648170843207e+00
4.526387706702781483e-02 5.866468676718724851e+00
4.630442596369319791e-02 5.682254322539758817e+00
4.734497486035858099e-02 5.447404098468368261e+00
4.838552375702396408e-02 5.798706009507565540e+00
4.942607265368934716e-02 5.585256138416074378e+00
5.046662155035473024e-02 5.875058405087322910e+00
5.150717044702011332e-02 5.330249495313925223e+00
5.254771934368549641e-02 5.384062179181842822e+00
5.358826824035087949e-02 5.697435195438654176e+00
5.462881713701626257e-02 6.060059771297368059e+00
5.566936603368164566e-02 6.222696861931851231e+00
5.670991493034702874e-02 6.289660067726046577e+00
5.775046382701241182e-02 6.258949799232649269e+00
5.879101272367779490e-02 5.999855637505561390e+00
5.983156162034317799e-02 5.548691908931658645e+00
6.087211051700856107e-02 5.916127925960232403e+00
6.191265941367394415e-02 6.318510187901029695e+00
6.295320831033933417e-02 5.972834573341369691e+00
6.399375720700471726e-02 5.776084280458654518e+00
6.503430610367010034e-02 5.710644899194210922e+00
6.607485500033548342e-02 5.773682010684304089e+00
6.711540389700086651e-02 5.978083152722973637e+00
6.815595279366624959e-02 6.306143212064085901e+00
6.919650169033163267e-02 6.071454689477334909e+00
7.023705058699701576e-02 5.711915507285770133e+00
7.127759948366239884e-02 5.715868301901430470e+00
7.231814838032778192e-02 5.330481898011939279e+00
7.335869727699316500e-02 5.654672614572994860e+00
7.439924617365854809e-02 5.747069108130716586e+00
7.543979507032393117e-02 5.507667371751573171e+00
7.648034396698931425e-02 5.938293236051684687e+00
7.752089286365469734e-02 5.982962463770949313e+00
7.856144176032008042e-02 6.044592915819102075e+00
7.960199065698546350e-02 5.819621337335558309e+00
8.064253955365084658e-02 6.032227741448664915e+00
8.168308845031622967e-02 6.330130475595279194e+00
8.272363734698161275e-02 6.072056897883093995e+00
8.376418624364699583e-02 5.611394119898612587e+00
8.480473514031239279e-02 5.550938440415944086e+00
8.584528403697777588e-02 5.530620633605746406e+00
8.688583293364315896e-02 5.891865697901128129e+00
8.792638183030854204e-02 5.783643656284095158e+00
8.896693072697392513e-02 5.836101427706832823e+00
9.000747962363930821e-02 5.984499799194150427e+00
9.104802852030469129e-02 5.918660244536873449e+00
9.208857741697007437e-02 5.882217786990892705e+00
9.312912631363545746e-02 5.834395522627229269e+00
9.416967521030084054e-02 5.953493915582008356e+00
9.521022410696622362e-02 5.613229383486810775e+00
9.625077300363160671e-02 5.706063292743664306e+00
9.729132190029698979e-02 5.948156108039960088e+00
9.833187079696237287e-02 5.734763206094985577e+00
9.937241969362775595e-02 5.482026368280536133e+00
1.004129685902931390e-01 5.984340121469653440e+00
1.014535174869585221e-01 5.953891605722247959e+00
1.024940663836239052e-01 5.513755334713721368e+00
1.035346152802892883e-01 5.379342051519472534e+00
1.045751641769546714e-01 5.539478745430741924e+00
1.056157130736200545e-01 5.926718600013469285e+00
1.066562619702854375e-01 5.900658390770409767e+00
1.076968108669508206e-01 5.840644507293035304e+00
1.087373597636162037e-01 5.582982506448225024e+00
1.097779086602815868e-01 5.407529657885081775e+00
1.108184575569469699e-01 5.517730155067173570e+00
1.118590064536123529e-01 5.590409620314879646e+00
1.128995553502777360e-01 5.741952339736823063e+00
1.139401042469431191e-01 5.678691614334265836e+00
1.149806531436085022e-01 5.977560458822626543e+00
1.160212020402738853e-01 5.761512387541209534e+00
1.170617509369392684e-01 5.600115128447562540e+00
1.181022998336046514e-01 5.720065628219000331e+00
1.191428487302700345e-01 5.950204803300600531e+00
1.201833976269354176e-01 5.977670847084603167e+00
1.212239465236008007e-01 5.880544947897544006e+00
1.222644954202661838e-01 5.742058868119048753e+00
1.233050443169315669e-01 5.854122439488314456e+00
1.243455932135969499e-01 5.963056394724446818e+00
1.253861421102623330e-01 5.839676052985836918e+00
1.264266910069277161e-01 5.817150291542997564e+00
1.274672399035930992e-01 5.630081520236995374e+00
1.285077888002584823e-01 5.709702399143022689e+00
1.295483376969238654e-01 5.782200315740215757e+00
1.305888865935892484e-01 5.741625931071869360e+00
1.316294354902546315e-01 5.793365850276178008e+00
1.326699843869200146e-01 5.711420312857171666e+00
1.337105332835853977e-01 5.403781491044529872e+00
1.347510821802507808e-01 5.527805840682781024e+00
1.357916310769161639e-01 5.748425425206413308e+00
1.368321799735815469e-01 5.516837601091381771e+00
1.378727288702469300e-01 5.591128590095195250e+00
1.389132777669123131e-01 5.622251406464915391e+00
1.399538266635776962e-01 5.626855515891413972e+00
1.409943755602430793e-01 5.569703297129102282e+00
1.420349244569084624e-01 5.609111412103114702e+00
1.430754733535738454e-01 5.655425069044387243e+00
1.441160222502392285e-01 5.812884584891360618e+00
1.451565711469046116e-01 5.840226611043465965e+00
1.461971200435699947e-01 5.854023019418534091e+00
1.472376689402353778e-01 5.750119182967125653e+00
1.482782178369007609e-01 5.440987246247416920e+00
1.493187667335661439e-01 5.357347591002149301e+00
1.503593156302315270e-01 5.529590709449479391e+00
1.513998645268969101e-01 5.997600824948253972e+00
1.524404134235622932e-01 5.835609904636648082e+00
1.534809623202276763e-01 5.584005220600552377e+00
1.545215112168930593e-01 5.749891734395905729e+00
1.555620601135584424e-01 5.711369952284080398e+00
1.566026090102238255e-01 5.566084966153816538e+00
1.576431579068892086e-01 5.538276077193124536e+00
1.586837068035545917e-01 5.433201795786011701e+00
1.597242557002199748e-01 5.372916255621102977e+00
1.607648045968853578e-01 5.412834969655978767e+00
1.618053534935507409e-01 5.482310382602314291e+00
1.628459023902161240e-01 5.550116175851819378e+00
1.638864512868815071e-01 5.572569722039801832e+00
1.649270001835468902e-01 5.518155232722360637e+00
1.659675490802122733e-01 5.445285459721265653e+00
1.670080979768776563e-01 5.348358273457758827e+00
1.680486468735430672e-01 5.453086062589349581e+00
1.690891957702084503e-01 5.772927670724602223e+00
1.701297446668738333e-01 5.642070636441442133e+00
1.711702935635392164e-01 5.612099215264720442e+00
1.722108424602045995e-01 5.498719035671040700e+00
1.732513913568699826e-01 5.607315564131930330e+00
1.742919402535353657e-01 5.534809655953239371e+00
1.753324891502007488e-01 5.424256938173556364e+00
1.763730380468661318e-01 5.543697855384696282e+00
1.774135869435315149e-01 5.375803143715742749e+00
1.784541358401968980e-01 5.275349028078185398e+00
1.794946847368622811e-01 5.346911965048498416e+00
1.805352336335276642e-01 5.363210054284660799e+00
1.815757825301930473e-01 5.481709084861069670e+00
1.826163314268584303e-01 5.383855018198808295e+00
1.836568803235238134e-01 5.518302361212032991e+00
1.846974292201891965e-01 5.395575414269785597e+00
1.857379781168545796e-01 5.265708882942963243e+00
1.867785270135199627e-01 5.241012656806411485e+00
1.878190759101853458e-01 5.485847901461536225e+00
1.888596248068507288e-01 5.610063477585406133e+00
1.899001737035161119e-01 5.642697055752595503e+00
1.909407226001814950e-01 5.581843119977342838e+00
1.919812714968468781e-01 5.584782121350606587e+00
1.930218203935122612e-01 5.733353097490493155e+00
1.940623692901776443e-01 5.416885425826642120e+00
1.951029181868430273e-01 5.518948023535354963e+00
1.961434670835084104e-01 5.538702873710125374e+00
1.971840159801737935e-01 5.364243401771876307e+00
1.982245648768391766e-01 5.493465842134408916e+00
1.992651137735045597e-01 5.573887074696397548e+00
2.003056626701699428e-01 5.525622971842636844e+00
2.013462115668353813e-01 5.396015818048464752e+00
2.023867604635007644e-01 5.345034112365016910e+00
2.034273093601661475e-01 5.339855826200906819e+00
2.044678582568315306e-01 5.465739261718695730e+00
2.055084071534969137e-01 5.598357421056043393e+00
2.065489560501622968e-01 5.648649090345021051e+00
2.075895049468276798e-01 5.702734539054400642e+00
2.086300538434930629e-01 5.414640204943030000e+00
2.096706027401584460e-01 5.192857760277345136e+00
2.107111516368238291e-01 5.375740873885533233e+00
2.117517005334892122e-01 5.524704029873642952e+00
2.127922494301545953e-01 5.506179957755811927e+00
2.138327983268199783e-01 5.570977186728491404e+00
2.148733472234853614e-01 5.250160500376207295e+00
2.159138961201507445e-01 5.271751826810831432e+00
2.169544450168161276e-01 5.460948036326971788e+00
2.179949939134815107e-01 5.693114820152430866e+00
2.190355428101468938e-01 5.552615439502954331e+00
2.200760917068122768e-01 5.629815899552212954e+00
2.211166406034776599e-01 5.629629920517945862e+00
2.221571895001430430e-01 5.346836522973017480e+00
2.231977383968084261e-01 5.276723973377034582e+00
2.242382872934738092e-01 5.406366576232425558e+00
2.252788361901391923e-01 5.404811722521166928e+00
2.263193850868045753e-01 5.549337835175222722e+00
2.273599339834699584e-01 5.569391530452790562e+00
2.284004828801353415e-01 5.622993632540833175e+00
2.294410317768007246e-01 5.498889701677605046e+00
2.304815806734661077e-01 5.420529914559274687e+00
2.315221295701314908e-01 5.476701684505567158e+00
2.325626784667968738e-01 5.583419415808748454e+00
2.336032273634622569e-01 5.254839993220553396e+00
2.346437762601276400e-01 5.419589753637090723e+00
2.356843251567930231e-01 5.570231706480349487e+00
2.367248740534584062e-01 5.653337374801488124e+00
2.377654229501237892e-01 5.391898080852691066e+00
2.388059718467891723e-01 5.217717422032308150e+00
2.398465207434545554e-01 5.430290988737638713e+00
2.408870696401199385e-01 5.502048025693447642e+00
2.419276185367853216e-01 5.555424802430131592e+00
2.429681674334507047e-01 5.750893879295627897e+00
2.440087163301160877e-01 5.491954399006218068e+00
2.450492652267814708e-01 5.316020902654280178e+00
2.460898141234468539e-01 5.465641295493391283e+00
2.471303630201122370e-01 5.597797564709136253e+00
2.481709119167776201e-01 5.691328792113402812e+00
2.492114608134430032e-01 5.433548799789893025e+00
2.502520097101083585e-01 5.328779971593267106e+00
2.512925586067737416e-01 5.518697193009749924e+00
2.523331075034391247e-01 5.566062894815068773e+00
2.533736564001045077e-01 5.286454917116401475e+00
2.544142052967698908e-01 5.278794611654472391e+00
2.554547541934352739e-01 5.371043473529990564e+00
2.564953030901006570e-01 5.321921035127846977e+00
2.575358519867660401e-01 5.327305778806266545e+00
2.585764008834314231e-01 5.462807463524143259e+00
2.596169497800968062e-01 5.714299521519478731e+00
2.606574986767621893e-01 5.549764017625705037e+00
2.616980475734275724e-01 5.369739493088790283e+00
2.627385964700929555e-01 5.258760923372264529e+00
2.637791453667583386e-01 5.454622916250652764e+00
2.648196942634237216e-01 5.427188547818037279e+00
2.658602431600891047e-01 5.320544208238516148e+00
2.669007920567544878e-01 5.357392575235532917e+00
2.679413409534198709e-01 5.435153570718405547e+00
2.689818898500852540e-01 5.432745636144797885e+00
2.700224387467506371e-01 5.528662967280837393e+00
2.710629876434160201e-01 5.395589404957430446e+00
2.721035365400814032e-01 5.367428954543917996e+00
2.731440854367467863e-01 5.362795402321022920e+00
2.741846343334121694e-01 5.431871763159950461e+00
2.752251832300775525e-01 5.475149506383928610e+00
2.762657321267429356e-01 5.607749081541854252e+00
2.773062810234083186e-01 5.563451004721368776e+00
2.783468299200737017e-01 5.568610333868811324e+00
2.793873788167390848e-01 5.274142320847960974e+00
2.804279277134044679e-01 4.922801975401387864e+00
2.814684766100698510e-01 5.107201019884470838e+00
2.825090255067352341e-01 5.685275997903104894e+00
2.835495744034006171e-01 5.420605611108946675e+00
2.845901233000660002e-01 5.426651551395796247e+00
2.856306721967313833e-01 5.567985826257952908e+00
2.866712210933967664e-01 5.502871487337930745e+00
2.877117699900621495e-01 5.422546701889014997e+00
2.887523188867275326e-01 5.411372324000176093e+00
2.897928677833929156e-01 5.574392035656810407e+00
2.908334166800582987e-01 5.498900206978419192e+00
2.918739655767236818e-01 5.575217784133521093e+00
2.929145144733890649e-01 5.418859858250211659e+00
2.939550633700544480e-01 5.307219811347565042e+00
2.949956122667198311e-01 5.315907431989938203e+00
2.960361611633852141e-01 5.510482418791983861e+00
2.970767100600505972e-01 5.514394515360290683e+00
2.981172589567159803e-01 5.590403368657526073e+00
2.991578078533813634e-01 5.674035904055863000e+00
3.001983567500468020e-01 5.526461991016343944e+00
3.012389056467121851e-01 5.667460825655947332e+00
3.022794545433775681e-01 5.580408690667102434e+00
3.033200034400429512e-01 5.568506797653551388e+00
3.043605523367083343e-01 5.469690039359317524e+00
3.054011012333737174e-01 5.502609243230953240e+00
3.064416501300391005e-01 5.723859332165336156e+00
3.074821990267044836e-01 5.503505639479037370e+00
3.085227479233698666e-01 5.434298652654142359e+00
3.095632968200352497e-01 5.399091439530653957e+00
3.106038457167006328e-01 5.518813104696938865e+00
3.116443946133660159e-01 5.312705389421441993e+00
3.126849435100313990e-01 5.332674628616427270e+00
3.137254924066967821e-01 5.496799275097504989e+00
3.147660413033621651e-01 5.444159275353808169e+00
3.158065902000275482e-01 5.470316210581273708e+00
3.168471390966929313e-01 5.515225269342362679e+00
3.178876879933583144e-01 5.404165391638819926e+00
3.189282368900236975e-01 5.350699599725817990e+00
3.199687857866890806e-01 5.583625624502186469e+00
3.210093346833544636e-01 5.598835423469768813e+00
3.220498835800198467e-01 5.468480727256668672e+00
3.230904324766852298e-01 5.414662714408720490e+00
3.241309813733506129e-01 5.332330518158599375e+00
3.251715302700159960e-01 5.340000279933981631e+00
3.262120791666813790e-01 5.305576981909300827e+00
3.272526280633467621e-01 5.388435112575582053e+00
3.282931769600121452e-01 5.231276529464981451e+00
3.293337258566775283e-01 5.253678798839242603e+00
3.303742747533429114e-01 5.318022233810292931e+00
3.314148236500082945e-01 5.404160468820450092e+00
3.324553725466736775e-01 5.549169461583971952e+00
3.334959214433390606e-01 5.437961275331392841e+00
3.345364703400044437e-01 5.475443596372727484e+00
3.355770192366698268e-01 5.424507283961567339e+00
3.366175681333352099e-01 5.490320736619441533e+00
3.376581170300005930e-01 5.490223913080267693e+00
3.386986659266659760e-01 5.460370831534458347e+00
3.397392148233313591e-01 5.475053101267477018e+00
3.407797637199967422e-01 5.593747171166704391e+00
3.418203126166621253e-01 5.639228842473723802e+00
3.428608615133275084e-01 5.704750823893366629e+00
3.439014104099928915e-01 5.652331418012195741e+00
3.449419593066582745e-01 5.661544445220204835e+00
3.459825082033236576e-01 5.528057646950731652e+00
3.470230570999890407e-01 5.506365452851500919e+00
3.480636059966544238e-01 5.539669178920796355e+00
3.491041548933198069e-01 5.424733354708209276e+00
3.501447037899851900e-01 5.501267172585926346e+00
3.511852526866505730e-01 5.579499810334461074e+00
3.522258015833159561e-01 5.440626539150791530e+00
3.532663504799813392e-01 5.589977605316555298e+00
3.543068993766467223e-01 5.502561493266409087e+00
3.553474482733121054e-01 5.522569866812737871e+00
3.563879971699774885e-01 5.556861863290858849e+00
3.574285460666428715e-01 5.539717907672418562e+00
3.584690949633082546e-01 5.545189341284284978e+00
3.595096438599736377e-01 5.512496338799564910e+00
3.605501927566390208e-01 5.559887602198532619e+00
3.615907416533044039e-01 5.536515559026032207e+00
3.626312905499697870e-01 5.634802510949828758e+00
3.636718394466351700e-01 5.598590033282288658e+00
3.647123883433005531e-01 5.575540042253244621e+00
3.657529372399659362e-01 5.678086073407182965e+00
3.667934861366313193e-01 5.587900942207131294e+00
3.678340350332967024e-01 5.491751147952129486e+00
3.688745839299620854e-01 5.446040677239402328e+00
3.699151328266274685e-01 5.555052258662836806e+00
3.709556817232928516e-01 5.531914041195921783e+00
3.719962306199582347e-01 5.663990187243264529e+00
3.730367795166236178e-01 5.677652425607455200e+00
3.740773284132890009e-01 5.471848344716566004e+00
3.751178773099543839e-01 5.626023597899703077e+00
3.761584262066197670e-01 5.805114826224020419e+00
3.771989751032851501e-01 5.934046032909833457e+00
3.782395239999505332e-01 5.508300057388908044e+00
3.792800728966159163e-01 5.316914329536214012e+00
3.803206217932812994e-01 5.335048488991468219e+00
3.813611706899466824e-01 5.527473646296588328e+00
3.824017195866120655e-01 5.528059760947460433e+00
3.834422684832774486e-01 5.687914388776945884e+00
3.844828173799428317e-01 5.496194211314033851e+00
3.855233662766082148e-01 5.269506136808637109e+00
3.865639151732735979e-01 5.264949134413349441e+00
3.876044640699389809e-01 5.418652053820149916e+00
3.886450129666043640e-01 5.507216424440656510e+00
3.896855618632697471e-01 5.455331706892138754e+00
3.907261107599351302e-01 5.504380217594235347e+00
3.917666596566005133e-01 5.494289899851622749e+00
3.928072085532658964e-01 5.338172525984631989e+00
3.938477574499312794e-01 5.527135924068396378e+00
3.948883063465966625e-01 5.593579884396007174e+00
3.959288552432620456e-01 5.519225311124358768e+00
3.969694041399274287e-01 5.396087159457707116e+00
3.980099530365928118e-01 5.616150331756319503e+00
3.990505019332581949e-01 5.721857818238564874e+00
4.000910508299235779e-01 5.424033336205543065e+00
4.011315997265889610e-01 5.333732305201706936e+00
4.021721486232543441e-01 5.406377486622968576e+00
4.032126975199197272e-01 5.399401929937678091e+00
4.042532464165851103e-01 5.451094861428948946e+00
4.052937953132504934e-01 5.639605962085042279e+00
4.063343442099158764e-01 5.574570229332234561e+00
4.073748931065812595e-01 5.488356329297797487e+00
4.084154420032466426e-01 5.442675901550796169e+00
4.094559908999120257e-01 5.555526198091499168e+00
4.104965397965774088e-01 5.527005942648997916e+00
4.115370886932427918e-01 5.557905565431042305e+00
4.125776375899081749e-01 5.592549642044637892e+00
4.136181864865735580e-01 5.632847207913872722e+00
4.146587353832389411e-01 5.639797808617995400e+00
4.156992842799043242e-01 5.586676971451932872e+00
4.167398331765697073e-01 5.546885013811959197e+00
4.177803820732350903e-01 5.487639985471105319e+00
4.188209309699004734e-01 5.510082720708712856e+00
4.198614798665658565e-01 5.615615738449431404e+00
4.209020287632312396e-01 5.629711538043334684e+00
4.219425776598966227e-01 5.578768309189317876e+00
4.229831265565620058e-01 5.487839537542267720e+00
4.240236754532273888e-01 5.581807772102941101e+00
4.250642243498927719e-01 5.522631952689732060e+00
4.261047732465581550e-01 5.479916306632269141e+00
4.271453221432235381e-01 5.546589078480419488e+00
4.281858710398889212e-01 5.653717245180118312e+00
4.292264199365543043e-01 5.618910347129745020e+00
4.302669688332196873e-01 5.541955852847834763e+00
4.313075177298850704e-01 5.667979929182600074e+00
4.323480666265504535e-01 5.446857460251820271e+00
4.333886155232158366e-01 5.400010880150585280e+00
4.344291644198812197e-01 5.448071935306547431e+00
4.354697133165466028e-01 5.462021169672613752e+00
4.365102622132119858e-01 5.307945421934746832e+00
4.375508111098773689e-01 5.381278713794383606e+00
4.385913600065427520e-01 5.513291861937002381e+00
4.396319089032081351e-01 5.514566878671356420e+00
4.406724577998735182e-01 5.534979976633650267e+00
4.417130066965389013e-01 5.411301927739874174e+00
4.427535555932042843e-01 5.431538745581324434e+00
4.437941044898696674e-01 5.576140779630133437e+00
4.448346533865350505e-01 5.359801102330415290e+00
4.458752022832004336e-01 5.357063908234998451e+00
4.469157511798658167e-01 5.462639863999278589e+00
4.479563000765311997e-01 5.467829313728163498e+00
4.489968489731965828e-01 5.477338987762319533e+00
4.500373978698619659e-01 5.548960325062743948e+00
4.510779467665273490e-01 5.478999742499478742e+00
4.521184956631927321e-01 5.438329839790245757e+00
4.531590445598581152e-01 5.551949864317155203e+00
4.541995934565234982e-01 5.502034860164751962e+00
4.552401423531888813e-01 5.499461938552748563e+00
4.562806912498542644e-01 5.450753413668145697e+00
4.573212401465196475e-01 5.570122141623190970e+00
4.583617890431850306e-01 5.539953943087287058e+00
4.594023379398504137e-01 5.409042084016828511e+00
4.604428868365157967e-01 5.505498498878811375e+00
4.614834357331811798e-01 5.464587424815167793e+00
4.625239846298465629e-01 5.464069512287736075e+00
4.635645335265119460e-01 5.538198951067236919e+00
4.646050824231773291e-01 5.396507087509281320e+00
4.656456313198427122e-01 5.382669815264996771e+00
4.666861802165080952e-01 5.516040172836746081e+00
4.677267291131734783e-01 5.501140205410621320e+00
4.687672780098388614e-01 5.502381699737014742e+00
4.698078269065042445e-01 5.532764955351900937e+00
4.708483758031696276e-01 5.515318942030130955e+00
4.718889246998350107e-01 5.288197067922929762e+00
4.729294735965003937e-01 5.499357434575454562e+00
4.739700224931657768e-01 5.606710473470087663e+00
4.750105713898311599e-01 5.466826678476131463e+00
4.760511202864965430e-01 5.508481116501087627e+00
4.770916691831619261e-01 5.435080211868385192e+00
4.781322180798273092e-01 5.396093884293513554e+00
4.791727669764926922e-01 5.433663686216238631e+00
4.802133158731580753e-01 5.396653567840630217e+00
4.812538647698234584e-01 5.402395504843926943e+00
4.822944136664888415e-01 5.409566795276845141e+00
4.833349625631542246e-01 5.438438345775459482e+00
4.843755114598196077e-01 5.582594035199356597e+00
4.854160603564849907e-01 5.629450625576744471e+00
4.864566092531503738e-01 5.584045979583052599e+00
4.874971581498157569e-01 5.493862360881706763e+00
4.885377070464811400e-01 5.460397235703386087e+00
4.895782559431465231e-01 5.496740085412380239e+00
4.906188048398119061e-01 5.557895855779264593e+00
4.916593537364772892e-01 5.438715016321054918e+00
4.926999026331426723e-01 5.504367018529258360e+00
4.937404515298080554e-01 5.602947371331804760e+00
4.947810004264734385e-01 5.656745803813581830e+00
4.958215493231388216e-01 5.439591867711541795e+00
4.968620982198042046e-01 5.234602756933938394e+00
4.979026471164695877e-01 5.276304265527603121e+00
4.989431960131349708e-01 5.481720034825162458e+00
4.999837449098003539e-01 5.476596517361720373e+00
5.010242938064657370e-01 5.332605662685956815e+00
5.020648427031311201e-01 5.364083813065800399e+00
5.031053915997965031e-01 5.494708498439489830e+00
5.041459404964618862e-01 5.533213611189523817e+00
5.051864893931272693e-01 5.467241842044341382e+00
5.062270382897926524e-01 5.306823663205570085e+00
5.072675871864580355e-01 5.291157386608944080e+00
5.083081360831234186e-01 5.459597339245192416e+00
5.093486849797888016e-01 5.437549391593400117e+00
5.103892338764541847e-01 5.459750351137550695e+00
5.114297827731195678e-01 5.499579962240741082e+00
5.124703316697849509e-01 5.326802677875615899e+00
5.135108805664503340e-01 5.385116202295030519e+00
5.145514294631157171e-01 5.378082825494946206e+00
5.155919783597811001e-01 5.365989815748857694e+00
5.166325272564464832e-01 5.249739096824391993e+00
5.176730761531118663e-01 5.274601642311552041e+00
5.187136250497772494e-01 5.375652147974072648e+00
5.197541739464426325e-01 5.506125455121971157e+00
5.207947228431080156e-01 5.539100562896443591e+00
5.218352717397733986e-01 5.623091973896372053e+00
5.228758206364387817e-01 5.462759342272097030e+00
5.239163695331041648e-01 5.467748282447882247e+00
5.249569184297695479e-01 5.453483465382952033e+00
5.259974673264349310e-01 5.288459883092322400e+00
5.270380162231003141e-01 5.238095721184894416e+00
5.280785651197656971e-01 5.286084923019103599e+00
5.291191140164310802e-01 5.422117035926731887e+00
5.301596629130964633e-01 5.436250960010276856e+00
5.312002118097618464e-01 5.398958918084048264e+00
5.322407607064272295e-01 5.310064590705820819e+00
5.332813096030926125e-01 5.303146746572181769e+00
5.343218584997581067e-01 5.498501306358171803e+00
5.353624073964233787e-01 5.433412758507746076e+00
5.364029562930888728e-01 5.467016349190107150e+00
5.374435051897541449e-01 5.497199755919368158e+00
5.384840540864196390e-01 5.320538560101468306e+00
5.395246029830849110e-01 5.412794924327585022e+00
5.405651518797504052e-01 5.418969072599423953e+00
5.416057007764156772e-01 5.380983285871170807e+00
5.426462496730811713e-01 5.406926677751492605e+00
5.436867985697464434e-01 5.400505107997396692e+00
5.447273474664119375e-01 5.249607022434204850e+00
5.457678963630772095e-01 5.349562835263807159e+00
5.468084452597427036e-01 5.348064383504713248e+00
5.478489941564079757e-01 5.469001363636142088e+00
5.488895430530734698e-01 5.325940767635291451e+00
5.499300919497387419e-01 5.377614786690777748e+00
5.509706408464042360e-01 5.360502156187497036e+00
5.520111897430695080e-01 5.348928124494619851e+00
5.530517386397350021e-01 5.356883647209883748e+00
5.540922875364002742e-01 5.315391173857957341e+00
5.551328364330657683e-01 5.368691437038414449e+00
5.561733853297310404e-01 5.375588810060850875e+00
5.572139342263965345e-01 5.303678034256186891e+00
5.582544831230618065e-01 5.392993772361062810e+00
5.592950320197273006e-01 5.279074319473512134e+00
5.603355809163925727e-01 5.222172125222478201e+00
5.613761298130580668e-01 5.273810998090912250e+00
5.624166787097233389e-01 5.333705289563791752e+00
5.634572276063888330e-01 5.413006257587792192e+00
5.644977765030541050e-01 5.487745386469594422e+00
5.655383253997195991e-01 5.349809858342986502e+00
5.665788742963848712e-01 5.361630821003423364e+00
5.676194231930503653e-01 5.374889615085599814e+00
5.686599720897156374e-01 5.377123241814508958e+00
5.697005209863811315e-01 5.268630537278212955e+00
5.707410698830464035e-01 5.232748157303731773e+00
5.717816187797118976e-01 5.272983198977392760e+00
5.728221676763771697e-01 5.267513105237714655e+00
5.738627165730426638e-01 5.157699061141890695e+00
5.749032654697079359e-01 5.101502976202510808e+00
5.759438143663734300e-01 5.055946552666327420e+00
5.769843632630387020e-01 5.118701549985487986e+00
5.780249121597041961e-01 5.181845475087616393e+00
5.790654610563694682e-01 5.228257597345535856e+00
5.801060099530349623e-01 5.196299038198372244e+00
5.811465588497002344e-01 5.235278743638289711e+00
5.821871077463657285e-01 5.157815747713531351e+00
5.832276566430310005e-01 5.167765638253118965e+00
5.842682055396964946e-01 5.208184956403329124e+00
5.853087544363617667e-01 5.304634378598169775e+00
5.863493033330272608e-01 5.360980472273606523e+00
5.873898522296925329e-01 5.180969687813618663e+00
5.884304011263580270e-01 5.215299032422013426e+00
5.894709500230232990e-01 5.260555697018279631e+00
5.905114989196887931e-01 5.309887050855810031e+00
5.915520478163540652e-01 5.309116595608561084e+00
5.925925967130195593e-01 5.294548428168969423e+00
5.936331456096848314e-01 5.209080314805405010e+00
5.946736945063503255e-01 5.247786333151296390e+00
5.957142434030155975e-01 5.173044059880794521e+00
5.967547922996810916e-01 5.208473526821716604e+00
5.977953411963463637e-01 5.330550558170930486e+00
5.988358900930118578e-01 5.362621672650828231e+00
5.998764389896771299e-01 5.307630727371304147e+00
