# q (1/Angstrom), Intensity (arb)
2.078726924066784734e-02 0.000000000000000000e+00
2.212838338006469993e-02 4.142188917178106067e+01
2.346949751946154905e-02 5.787243352158128573e+01
2.481061165885840164e-02 5.255558736598055702e+01
2.615172579825525423e-02 4.808060712556812177e+01
2.749283993765210335e-02 4.480900742584827867e+01
2.883395407704895941e-02 4.379116355233745139e+01
3.017506821644580506e-02 4.190932005141857530e+01
3.151618235584265765e-02 4.051328515237611327e+01
3.285729649523951718e-02 3.547555601656299018e+01
3.419841063463636283e-02 3.446595909600895880e+01
3.553952477403321542e-02 3.371174105223269635e+01
3.688063891343006800e-02 2.938808244604416586e+01
3.822175305282692059e-02 2.353627270791942294e+01
3.956286719222376624e-02 2.204573424865684217e+01
4.090398133162062577e-02 2.120151642844477635e+01
4.224509547101747142e-02 2.026349428893672666e+01
4.358620961041432401e-02 1.924499967001666789e+01
4.492732374981117660e-02 1.899608146330947989e+01
4.626843788920802919e-02 1.614505119390260290e+01
4.760955202860488178e-02 1.335477257264481921e+01
4.895066616800172743e-02 1.455093348926443753e+01
5.029178030739858696e-02 1.269521043344799693e+01
5.163289444679544649e-02 1.285960453633244072e+01
5.297400858619229214e-02 1.308705037398776483e+01
5.431512272558913779e-02 1.222863844583675075e+01
5.565623686498599731e-02 1.240076953544075877e+01
5.699735100438284990e-02 1.143998378450405085e+01
5.833846514377969555e-02 1.104423133175879457e+01
5.967957928317654814e-02 1.047037844074054647e+01
6.102069342257340767e-02 1.052297583595122887e+01
6.236180756197025332e-02 9.544064584141878527e+00
6.370292170136709897e-02 9.572197768794836747e+00
6.504403584076395850e-02 1.043061309766717670e+01
6.638514998016080415e-02 9.619185353949035289e+00
6.772626411955766368e-02 7.849577914003859291e+00
6.906737825895450933e-02 9.294694650869175234e+00
7.040849239835136886e-02 9.416796348429286923e+00
7.174960653774821451e-02 9.885451569972104835e+00
7.309072067714506016e-02 9.171947994973166374e+00
7.443183481654190581e-02 9.101995795574140402e+00
7.577294895593877921e-02 9.630142591935239693e+00
7.711406309533562486e-02 8.020967927982084689e+00
7.845517723473247051e-02 9.660842216164667207e+00
7.979629137412933004e-02 9.884125793271792304e+00
8.113740551352617569e-02 8.447195994475237057e+00
8.247851965292302134e-02 8.839852996719940847e+00
8.381963379231988087e-02 8.592834619219900105e+00
8.516074793171674040e-02 8.724524070579718682e+00
8.650186207111358605e-02 8.271726154150556454e+00
8.784297621051043170e-02 8.134167185411740775e+00
8.918409034990729123e-02 8.798442729739804236e+00
9.052520448930413688e-02 8.389420009710050863e+00
9.186631862870098253e-02 7.960687097730399842e+00
9.320743276809784206e-02 6.780630317987089484e+00
9.454854690749470159e-02 8.318515253222628303e+00
9.588966104689154724e-02 8.084701598388136290e+00
9.723077518628839289e-02 7.583555520508852510e+00
9.857188932568525241e-02 6.705409801830739980e+00
9.991300346508209806e-02 7.995911329476740548e+00
1.012541176044789437e-01 8.727845387541037780e+00
1.025952317438758032e-01 8.398706099699211336e+00
1.039363458832726350e-01 9.412965755623332598e+00
1.052774600226694945e-01 8.557694237260065506e+00
1.066185741620663541e-01 7.740457936015559426e+00
1.079596883014631858e-01 7.866307659399907948e+00
1.093008024408600454e-01 7.585928926081379586e+00
1.106419165802569049e-01 9.138777338661540739e+00
1.119830307196537506e-01 8.992678910870480991e+00
1.133241448590506101e-01 8.739882489414426914e+00
1.146652589984474419e-01 8.475341649049553894e+00
1.160063731378443014e-01 7.761957155764562799e+00
1.173474872772411609e-01 8.078365313763484323e+00
1.186886014166380066e-01 7.741960856765686572e+00
1.200297155560348661e-01 7.932615332470703606e+00
1.213708296954317256e-01 9.264093180151647289e+00
1.227119438348285574e-01 8.859814654236984666e+00
1.240530579742254169e-01 9.109449688236338716e+00
1.253941721136222764e-01 8.933503375139082436e+00
1.267352862530191082e-01 8.054158959966486009e+00
1.280764003924159677e-01 7.700857164265983101e+00
1.294175145318128273e-01 8.274956983414838874e+00
1.307586286712096590e-01 8.180823492691843057e+00
1.320997428106065186e-01 7.676714597653017336e+00
1.334408569500033781e-01 8.281271692123965522e+00
1.347819710894002376e-01 8.039444382712019888e+00
1.361230852287970972e-01 7.524629985765258766e+00
1.374641993681939289e-01 7.657496175130063421e+00
1.388053135075907885e-01 7.621121877409322565e+00
1.401464276469876480e-01 8.671787960705145792e+00
1.414875417863844798e-01 8.037358769050499063e+00
1.428286559257813393e-01 7.915632356658932167e+00
1.441697700651781988e-01 8.140489334577509339e+00
1.455108842045750306e-01 7.837730533942092848e+00
1.468519983439718901e-01 7.662819693077523198e+00
1.481931124833687219e-01 7.811098424935437379e+00
1.495342266227655814e-01 8.095956544499713914e+00
1.508753407621624687e-01 7.627877175838989388e+00
1.522164549015593005e-01 7.618258040305263989e+00
1.535575690409561600e-01 7.944804366209055502e+00
1.548986831803530195e-01 8.028767390178515484e+00
1.562397973197498513e-01 8.369235613218648950e+00
1.575809114591467108e-01 8.875555550098823687e+00
1.589220255985435704e-01 8.670865748628770575e+00
1.602631397379404021e-01 8.070719320846336586e+00
1.616042538773372617e-01 8.135259343414887212e+00
1.629453680167341212e-01 7.411222314145291534e+00
1.642864821561309530e-01 7.887278523997068191e+00
1.656275962955278125e-01 8.114285369250580970e+00
1.669687104349246720e-01 7.624769565160420370e+00
1.683098245743215315e-01 6.807655212276301882e+00
1.696509387137183911e-01 6.964955932723142951e+00
1.709920528531152228e-01 7.566108729636212615e+00
1.723331669925120824e-01 7.026604049035398702e+00
1.736742811319089419e-01 6.983464135594715572e+00
1.750153952713057737e-01 7.934400081707906338e+00
1.763565094107026332e-01 7.981559005939359963e+00
1.776976235500994927e-01 7.879729391721554066e+00
1.790387376894963245e-01 7.143572098076631960e+00
1.803798518288931840e-01 7.175542193645981115e+00
1.817209659682900158e-01 8.009306873868041521e+00
1.830620801076868753e-01 7.632645804417165891e+00
1.844031942470837349e-01 7.746489039448505309e+00
1.857443083864805944e-01 7.446189582879654267e+00
1.870854225258774539e-01 7.892326678209158786e+00
1.884265366652743134e-01 8.245859290096319683e+00
1.897676508046711452e-01 7.172439391511744589e+00
1.911087649440680047e-01 7.185579287925193626e+00
1.924498790834648643e-01 7.330117004039877315e+00
1.937909932228616960e-01 8.447258033184652959e+00
1.951321073622585556e-01 8.160164466825008844e+00
1.964732215016554151e-01 7.711193002795482698e+00
1.978143356410522469e-01 7.458159265394272097e+00
1.991554497804491064e-01 7.871117377500070234e+00
2.004965639198459382e-01 6.994423166279489124e+00
2.018376780592427977e-01 7.514716416742842853e+00
2.031787921986396572e-01 7.643858690078971563e+00
2.045199063380365168e-01 7.514031024273393200e+00
2.058610204774333763e-01 7.382491976579245829e+00
2.072021346168302081e-01 7.302396719117183466e+00
2.085432487562270676e-01 7.469398182154463939e+00
2.098843628956239271e-01 7.408978561377011829e+00
2.112254770350207866e-01 7.010774878655780640e+00
2.125665911744176462e-01 7.380485685756681846e+00
2.139077053138144502e-01 7.502557454222028355e+00
2.152488194532113097e-01 6.986465845896631777e+00
2.165899335926081692e-01 6.706833020541978385e+00
2.179310477320050288e-01 7.134092980607917411e+00
2.192721618714018883e-01 6.747499477052443240e+00
2.206132760107987478e-01 7.062280674417550586e+00
2.219543901501955796e-01 7.592924624658110133e+00
2.232955042895924391e-01 7.371106348963095911e+00
2.246366184289892987e-01 7.272654509387251665e+00
2.259777325683861582e-01 7.164843070483001952e+00
2.273188467077830177e-01 7.503464081692953869e+00
2.286599608471798217e-01 6.831315866790660607e+00
2.300010749865766813e-01 6.525147264925166724e+00
2.313421891259735408e-01 7.128485912985198070e+00
2.326833032653704003e-01 6.695820016037515643e+00
2.340244174047672598e-01 6.769819590579899682e+00
2.353655315441641194e-01 6.815182855494839487e+00
2.367066456835609234e-01 6.769665467369790690e+00
2.380477598229577829e-01 6.716229362260179414e+00
2.393888739623546424e-01 7.442454471888041212e+00
2.407299881017515020e-01 6.763855538903925435e+00
2.420711022411483615e-01 7.102391052481010547e+00
2.434122163805451933e-01 7.165022176769710427e+00
2.447533305199420528e-01 6.996686900760423100e+00
2.460944446593389123e-01 6.730697020765646243e+00
2.474355587987357719e-01 7.346162519519694456e+00
2.487766729381326314e-01 7.014466906763928478e+00
2.501177870775294632e-01 7.234292339774910374e+00
2.514589012169263227e-01 7.193828945243737394e+00
2.528000153563231822e-01 7.218850653117016236e+00
2.541411294957200417e-01 6.847715415802881012e+00
2.554822436351169013e-01 6.498441394614559385e+00
2.568233577745137608e-01 6.992039413696929273e+00
2.581644719139106203e-01 7.185619413382667631e+00
2.595055860533074243e-01 6.915143638472258658e+00
2.608467001927042839e-01 6.341904655630727916e+00
2.621878143321011434e-01 6.692447516684836728e+00
2.635289284714980029e-01 6.647313789504565307e+00
2.648700426108948625e-01 6.651778637972057595e+00
2.662111567502916665e-01 6.478400824080168263e+00
2.675522708896885260e-01 6.172114739525255800e+00
2.688933850290853855e-01 6.326483371888457441e+00
2.702344991684822451e-01 6.398838502956323282e+00
2.715756133078791046e-01 6.691678133716621346e+00
2.729167274472759641e-01 7.271134922281063950e+00
2.742578415866727681e-01 6.507921568847706340e+00
2.755989557260696277e-01 6.049136956804261445e+00
2.769400698654664872e-01 5.774389895578735832e+00
2.782811840048633467e-01 5.952277949814430258e+00
2.796222981442602062e-01 6.592368820134680618e+00
2.809634122836570103e-01 6.521695703481000805e+00
2.823045264230538698e-01 6.465414605623180933e+00
2.836456405624507293e-01 6.169111663785017186e+00
2.849867547018475888e-01 5.851946819372301434e+00
2.863278688412444484e-01 5.923294495252349634e+00
2.876689829806413079e-01 6.153751588831468666e+00
2.890100971200381674e-01 6.428565505023641435e+00
2.903512112594350270e-01 6.647769828788241853e+00
2.916923253988318865e-01 6.127354441365071125e+00
2.930334395382287460e-01 6.275483107185962695e+00
2.943745536776256055e-01 6.582560662527754403e+00
2.957156678170224096e-01 6.374154953285895431e+00
2.970567819564192691e-01 6.582250142294171269e+00
2.983978960958161286e-01 6.552201807985497339e+00
2.997390102352129881e-01 7.129378637512274963e+00
3.010801243746098477e-01 6.785319301367294997e+00
3.024212385140067072e-01 6.329367371116745744e+00
3.037623526534035112e-01 6.047587819721655933e+00
3.051034667928003707e-01 6.100557062282774723e+00
3.064445809321972303e-01 6.060742354460074921e+00
3.077856950715940898e-01 6.707626682249170358e+00
3.091268092109909493e-01 6.295782050987341449e+00
3.104679233503877533e-01 5.717872625270516096e+00
3.118090374897846129e-01 6.097023577643696512e+00
3.131501516291814724e-01 5.893056378075741009e+00
3.144912657685783319e-01 6.570017589160471516e+00
3.158323799079751915e-01 6.265743535841636458e+00
3.171734940473720510e-01 5.976919038684926022e+00
3.185146081867689105e-01 6.722856324076403212e+00
3.198557223261657700e-01 6.436399994086443144e+00
3.211968364655626296e-01 5.964372353696518303e+00
3.225379506049594891e-01 5.886926530607667019e+00
3.238790647443563486e-01 6.457992806412747200e+00
3.252201788837532082e-01 6.219860829205416053e+00
3.265612930231500122e-01 6.169653544811836809e+00
3.279024071625468717e-01 5.968472482668786938e+00
3.292435213019437312e-01 6.077331578928067302e+00
3.305846354413405908e-01 6.065253247888136912e+00
3.319257495807374503e-01 6.437204010394424358e+00
3.332668637201342543e-01 5.930323630369500165e+00
3.346079778595311138e-01 5.591438901781742743e+00
3.359490919989279734e-01 5.736701477962384388e+00
3.372902061383248329e-01 6.450213960424463266e+00
3.386313202777216924e-01 6.224730162140488687e+00
3.399724344171185519e-01 5.866480257404447229e+00
3.413135485565153560e-01 5.978602852066032369e+00
3.426546626959122155e-01 5.050694453929395422e+00
3.439957768353090750e-01 4.772072678157044834e+00
3.453368909747059345e-01 5.775083998468900859e+00
3.466780051141027941e-01 5.998393847167932336e+00
3.480191192534995981e-01 6.323139453417567779e+00
3.493602333928964576e-01 5.850712761790020977e+00
3.507013475322933171e-01 5.430897239670429144e+00
3.520424616716901767e-01 5.536340808144373682e+00
3.533835758110870362e-01 5.714450822954930231e+00
3.547246899504838957e-01 5.614420806387428797e+00
3.560658040898807553e-01 5.211550498409053489e+00
3.574069182292776148e-01 5.337865664706598068e+00
3.587480323686744743e-01 5.393602925525456726e+00
3.600891465080713338e-01 5.317463727426513742e+00
3.614302606474681934e-01 5.394569464059614461e+00
3.627713747868649974e-01 5.617711044959719402e+00
3.641124889262618569e-01 5.407665353053417334e+00
3.654536030656587164e-01 5.466299220706858364e+00
3.667947172050555760e-01 5.129857012441547681e+00
3.681358313444524355e-01 4.796247918388161224e+00
3.694769454838492950e-01 5.028790400827574558e+00
3.708180596232460990e-01 5.447577466041039429e+00
3.721591737626429586e-01 5.121525827847847268e+00
3.735002879020398181e-01 5.425478939684111879e+00
3.748414020414366776e-01 5.588275203883299014e+00
3.761825161808335372e-01 5.047548322532321663e+00
3.775236303202303967e-01 5.407223733134827626e+00
3.788647444596272007e-01 5.559330680370308642e+00
3.802058585990240602e-01 5.310341890835957201e+00
3.815469727384209198e-01 5.059633487207165103e+00
3.828880868778177793e-01 5.585186975089314387e+00
3.842292010172146388e-01 5.105882700109887651e+00
3.855703151566114428e-01 4.472882568292433803e+00
3.869114292960083024e-01 4.808272584496450008e+00
3.882525434354051619e-01 5.480845680726872615e+00
3.895936575748020214e-01 5.512135556693039007e+00
3.909347717141988809e-01 5.018262160059776988e+00
3.922758858535957405e-01 5.124154904376823083e+00
3.936169999929926000e-01 5.252229910643876565e+00
3.949581141323894595e-01 5.397864143656462943e+00
3.962992282717863191e-01 5.375870554041270566e+00
3.976403424111831786e-01 5.144456483029728133e+00
3.989814565505800381e-01 5.054484837150511112e+00
4.003225706899768976e-01 4.895606346972982692e+00
4.016636848293737572e-01 5.007323149122171912e+00
4.030047989687706167e-01 5.210975857033744774e+00
4.043459131081674207e-01 5.264704956042862705e+00
4.056870272475643358e-01 5.102713769264525467e+00
4.070281413869611398e-01 4.734371834754284691e+00
4.083692555263580548e-01 4.858224998724210764e+00
4.097103696657548588e-01 4.765313947112545634e+00
4.110514838051517739e-01 4.964044187265912456e+00
4.123925979445485779e-01 5.030443805748049613e+00
4.137337120839453819e-01 4.731345852196341184e+00
4.150748262233422969e-01 4.817802676144268048e+00
4.164159403627391010e-01 4.731470156751569789e+00
4.177570545021360160e-01 4.801508153163439374e+00
4.190981686415328200e-01 4.964481290046435902e+00
4.204392827809296240e-01 4.817454722060617200e+00
4.217803969203265391e-01 5.111763095035726678e+00
4.231215110597233431e-01 5.171160584008987371e+00
4.244626251991202581e-01 5.201533452232908417e+00
4.258037393385170621e-01 4.941209855497888270e+00
4.271448534779138662e-01 4.494760023430757201e+00
4.284859676173107812e-01 4.920353531515331724e+00
4.298270817567075852e-01 4.817546214501078339e+00
4.311681958961045003e-01 4.845668404259981799e+00
4.325093100355013043e-01 4.432778899694397978e+00
4.338504241748981638e-01 4.364038779475251317e+00
4.351915383142950233e-01 4.665170704800573276e+00
4.365326524536918829e-01 5.083678002479160796e+00
4.378737665930887424e-01 4.837129768215021386e+00
4.392148807324856019e-01 4.486854619883061446e+00
4.405559948718824614e-01 4.105433014582786200e+00
4.418971090112793210e-01 4.339853222166254909e+00
4.432382231506761250e-01 4.474274889535635680e+00
4.445793372900730400e-01 4.281027855827488793e+00
4.459204514294698440e-01 4.080781601215065280e+00
4.472615655688667591e-01 4.055279139191526383e+00
4.486026797082635631e-01 3.903410055364560094e+00
4.499437938476603671e-01 4.402158825067431280e+00
4.512849079870572822e-01 4.728330704843273224e+00
4.526260221264540862e-01 4.816413096141531014e+00
4.539671362658510012e-01 4.585938181197647623e+00
4.553082504052478052e-01 4.691361418179141651e+00
4.566493645446446092e-01 4.969900833477112201e+00
4.579904786840415243e-01 4.462455832546098122e+00
4.593315928234383283e-01 4.070655759871868895e+00
4.606727069628352433e-01 4.265513764521216444e+00
4.620138211022320474e-01 4.240376699680851402e+00
4.633549352416289624e-01 4.534351417733375911e+00
4.646960493810257664e-01 4.438677340146838901e+00
4.660371635204225704e-01 4.498163126837170012e+00
4.673782776598194855e-01 3.702052229825724794e+00
4.687193917992162895e-01 3.845710468373866320e+00
4.700605059386132045e-01 4.163395539565200920e+00
4.714016200780100085e-01 4.610052838860468682e+00
4.727427342174068681e-01 4.547026316444515714e+00
4.740838483568037276e-01 4.273878036986857865e+00
4.754249624962005871e-01 3.955247002828983227e+00
4.767660766355974467e-01 4.028002320228964095e+00
4.781071907749943062e-01 4.294177842171961856e+00
4.794483049143911102e-01 3.703293607529801079e+00
4.807894190537880252e-01 3.798906077722492114e+00
4.821305331931848293e-01 3.730950573761504074e+00
4.834716473325817443e-01 4.080349114882835693e+00
4.848127614719785483e-01 3.897932907005412062e+00
4.861538756113753523e-01 4.034977788239828556e+00
4.874949897507722674e-01 4.069113774565593644e+00
4.888361038901690714e-01 4.090152406209980995e+00
4.901772180295659864e-01 3.986888121795502116e+00
4.915183321689627904e-01 3.813600956698593336e+00
4.928594463083597055e-01 3.622927967827038742e+00
4.942005604477565095e-01 3.619460768475462942e+00
4.955416745871533135e-01 3.537146543680904642e+00
4.968827887265502286e-01 3.528637369601938190e+00
4.982239028659470326e-01 3.579612543346812004e+00
4.995650170053439476e-01 3.641901008626263092e+00
5.009061311447408071e-01 3.507799135492490450e+00
5.022472452841375556e-01 3.457800931636384689e+00
5.035883594235345262e-01 3.674064515058631741e+00
5.049294735629312747e-01 3.448020195341285898e+00
5.062705877023282452e-01 3.350603672402229449e+00
5.076117018417249938e-01 3.804647270854232488e+00
5.089528159811218533e-01 3.710081202291974023e+00
5.102939301205187128e-01 3.340350942565450509e+00
5.116350442599155723e-01 3.117515618301808900e+00
5.129761583993124319e-01 3.179640816508211287e+00
5.143172725387092914e-01 3.380263978893765398e+00
5.156583866781061509e-01 3.647003481408162884e+00
5.169995008175030105e-01 3.626196777848250008e+00
5.183406149568997590e-01 3.597060370903065518e+00
5.196817290962967295e-01 3.775482436831893551e+00
5.210228432356934780e-01 3.577122355245492713e+00
5.223639573750904486e-01 3.481405548350664958e+00
5.237050715144871971e-01 3.550260760951715611e+00
5.250461856538840566e-01 3.599380702329298742e+00
5.263872997932809161e-01 3.634145965804748357e+00
5.277284139326777757e-01 3.200706017205831699e+00
5.290695280720746352e-01 3.413073838737673782e+00
5.304106422114714947e-01 3.313285664165249500e+00
5.317517563508683542e-01 3.202868393050138707e+00
5.330928704902652138e-01 3.043761089176499013e+00
5.344339846296620733e-01 2.671410802291887876e+00
5.357750987690589328e-01 3.042390053297410191e+00
5.371162129084557924e-01 3.110071899831453379e+00
5.384573270478525409e-01 3.208274264777088547e+00
5.397984411872495114e-01 2.683579718933373215e+00
5.411395553266462599e-01 2.538851343514593850e+00
5.424806694660432305e-01 3.175579988492771122e+00
5.438217836054399790e-01 3.323801969855452398e+00
5.451628977448369495e-01 2.969188093079935697e+00
5.465040118842336980e-01 2.752719889588789215e+00
5.478451260236305576e-01 2.931624956105821411e+00
5.491862401630274171e-01 3.145208267686342651e+00
5.505273543024242766e-01 3.088040330011068590e+00
5.518684684418211361e-01 3.026970905425372393e+00
5.532095825812179957e-01 2.914589338054739187e+00
5.545506967206147442e-01 3.068273093687139408e+00
5.558918108600117147e-01 2.864554403279598205e+00
5.572329249994084632e-01 2.878802085962519186e+00
5.585740391388054338e-01 2.787437541187230750e+00
5.599151532782021823e-01 3.070895382676226859e+00
5.612562674175990418e-01 2.543790415544989969e+00
5.625973815569959013e-01 2.653961450673222089e+00
5.639384956963927609e-01 2.818321454078159150e+00
5.652796098357896204e-01 2.674917891936757997e+00
5.666207239751864799e-01 2.596352786614374963e+00
5.679618381145833395e-01 2.982542991368418939e+00
5.693029522539801990e-01 2.769120058425272646e+00
5.706440663933770585e-01 2.626209684663535882e+00
5.719851805327739180e-01 2.429933983315294199e+00
5.733262946721707776e-01 2.109888308642567267e+00
5.746674088115676371e-01 1.941089237013827073e+00
5.760085229509644966e-01 2.296533908089898546e+00
5.773496370903612451e-01 2.344990925256581704e+00
5.786907512297582157e-01 2.563214041716989300e+00
5.800318653691549642e-01 2.601098141024721144e+00
5.813729795085519347e-01 2.349031894408625476e+00
5.827140936479486832e-01 2.503800741544907282e+00
5.840552077873455428e-01 2.525598879174026479e+00
5.853963219267424023e-01 2.303850755293325392e+00
5.867374360661392618e-01 2.367451612285250917e+00
5.880785502055361214e-01 1.902795985919780719e+00
5.894196643449329809e-01 1.828591945198624558e+00
5.907607784843297294e-01 2.123825170006156782e+00
5.921018926237266999e-01 2.277214563784127677e+00
5.934430067631234484e-01 2.086562047502823702e+00
5.947841209025204190e-01 2.262029712258822656e+00
5.961252350419171675e-01 2.465748033654051596e+00
5.974663491813141381e-01 1.934772723283145979e+00
5.988074633207108866e-01 2.196344729209528168e+00
