# q (1/Angstrom), Intensity (arb)
2.078726924066784734e-02 0.000000000000000000e+00
2.212838338006469993e-02 2.256878954890223099e+01
2.346949751946154905e-02 3.037208621973712752e+01
2.481061165885840164e-02 2.661415812370668732e+01
2.615172579825525423e-02 2.527796555874925843e+01
2.749283993765210335e-02 2.398609473153743465e+01
2.883395407704895941e-02 2.160141191640838088e+01
3.017506821644580506e-02 1.973228770736918136e+01
3.151618235584265765e-02 2.168954286565571010e+01
3.285729649523951718e-02 2.124961972973034108e+01
3.419841063463636283e-02 1.842988072078861705e+01
3.553952477403321542e-02 1.664759647255215214e+01
3.688063891343006800e-02 1.513607305560751115e+01
3.822175305282692059e-02 1.359051404356752357e+01
3.956286719222376624e-02 1.334807953957921711e+01
4.090398133162062577e-02 1.235615505051394791e+01
4.224509547101747142e-02 1.124689126799690087e+01
4.358620961041432401e-02 1.043074050271108888e+01
4.492732374981117660e-02 1.079873716565741404e+01
4.626843788920802919e-02 1.171442624405210609e+01
4.760955202860488178e-02 1.087681664773086254e+01
4.895066616800172743e-02 8.893242848656598198e+00
5.029178030739858696e-02 9.215393469087004519e+00
5.163289444679544649e-02 9.722110971919718736e+00
5.297400858619229214e-02 9.668260575932620782e+00
5.431512272558913779e-02 1.005086403628718728e+01
5.565623686498599731e-02 8.490148906787752026e+00
5.699735100438284990e-02 7.809306966455253018e+00
5.833846514377969555e-02 8.312818152780948822e+00
5.967957928317654814e-02 9.256333197032674320e+00
6.102069342257340767e-02 9.381102476100167564e+00
6.236180756197025332e-02 8.480928401292523233e+00
6.370292170136709897e-02 7.358374820691494733e+00
6.504403584076395850e-02 6.625141359349349557e+00
6.638514998016080415e-02 7.278364324777925276e+00
6.772626411955766368e-02 7.605520463688627331e+00
6.906737825895450933e-02 6.886960155727365418e+00
7.040849239835136886e-02 6.739888494643729189e+00
7.174960653774821451e-02 5.811468291691070931e+00
7.309072067714506016e-02 6.132246604856426586e+00
7.443183481654190581e-02 6.880705864507334013e+00
7.577294895593877921e-02 7.646958353943063003e+00
7.711406309533562486e-02 7.803079815871534208e+00
7.845517723473247051e-02 7.091514914452517360e+00
7.979629137412933004e-02 7.156256601821986862e+00
8.113740551352617569e-02 7.188623200808322622e+00
8.247851965292302134e-02 7.284204014479485068e+00
8.381963379231988087e-02 6.985316586289208374e+00
8.516074793171674040e-02 7.597270445978743680e+00
8.650186207111358605e-02 7.791532919722421013e+00
8.784297621051043170e-02 6.768417915646175231e+00
8.918409034990729123e-02 7.044266320935761883e+00
9.052520448930413688e-02 7.672951082705608883e+00
9.186631862870098253e-02 7.780959472738622651e+00
9.320743276809784206e-02 7.225108177816139232e+00
9.454854690749470159e-02 7.607750630070832187e+00
9.588966104689154724e-02 7.462082551339968006e+00
9.723077518628839289e-02 7.466294965127801220e+00
9.857188932568525241e-02 7.232895771697783971e+00
9.991300346508209806e-02 6.608644975040647296e+00
1.012541176044789437e-01 7.038256553192660192e+00
1.025952317438758032e-01 7.466916301679354717e+00
1.039363458832726350e-01 7.597946460079789688e+00
1.052774600226694945e-01 6.459556582144067249e+00
1.066185741620663541e-01 5.999067940267629240e+00
1.079596883014631858e-01 6.703507209087753438e+00
1.093008024408600454e-01 6.463649951849369302e+00
1.106419165802569049e-01 6.602089489680579959e+00
1.119830307196537506e-01 6.441387765498205908e+00
1.133241448590506101e-01 6.833388086432954367e+00
1.146652589984474419e-01 6.703911703628833152e+00
1.160063731378443014e-01 6.999531882284919959e+00
1.173474872772411609e-01 6.768104546740865146e+00
1.186886014166380066e-01 7.607722181386598947e+00
1.200297155560348661e-01 7.088803628687152525e+00
1.213708296954317256e-01 6.912768077003114797e+00
1.227119438348285574e-01 6.660137471188491531e+00
1.240530579742254169e-01 6.440055054851015370e+00
1.253941721136222764e-01 6.092807843446010452e+00
1.267352862530191082e-01 5.966517587923604538e+00
1.280764003924159677e-01 6.331678589820711522e+00
1.294175145318128273e-01 6.688978319397023142e+00
1.307586286712096590e-01 6.187112836262855353e+00
1.320997428106065186e-01 6.163012191762049952e+00
1.334408569500033781e-01 6.779136407702218037e+00
1.347819710894002376e-01 6.473822345170368919e+00
1.361230852287970972e-01 6.752099110830336315e+00
1.374641993681939289e-01 6.642423321474616671e+00
1.388053135075907885e-01 6.958566849201908155e+00
1.401464276469876480e-01 6.890458789611500379e+00
1.414875417863844798e-01 6.731440703107239187e+00
1.428286559257813393e-01 6.688163072967370226e+00
1.441697700651781988e-01 6.615664316504854980e+00
1.455108842045750306e-01 6.086160987388637977e+00
1.468519983439718901e-01 6.461303672611975912e+00
1.481931124833687219e-01 6.439310309091332840e+00
1.495342266227655814e-01 6.672025299113819585e+00
1.508753407621624687e-01 6.647759519175401977e+00
1.522164549015593005e-01 6.788243049411029517e+00
1.535575690409561600e-01 6.670945738544148185e+00
1.548986831803530195e-01 6.962618295582672090e+00
1.562397973197498513e-01 6.747313252859974853e+00
1.575809114591467108e-01 6.613820741011764426e+00
1.589220255985435704e-01 6.474482965012441582e+00
1.602631397379404021e-01 6.145430171751975479e+00
1.616042538773372617e-01 6.633392054324765752e+00
1.629453680167341212e-01 6.531055415929984065e+00
1.642864821561309530e-01 6.200381721220090014e+00
1.656275962955278125e-01 6.547799960703635236e+00
1.669687104349246720e-01 5.951923245829348730e+00
1.683098245743215315e-01 5.834581777286480531e+00
1.696509387137183911e-01 5.847924658939909648e+00
1.709920528531152228e-01 6.863199881010174863e+00
1.723331669925120824e-01 6.876538486100088221e+00
1.736742811319089419e-01 6.161671841309434683e+00
1.750153952713057737e-01 6.494474394087511371e+00
1.763565094107026332e-01 6.627482978474674269e+00
1.776976235500994927e-01 5.623166092280655448e+00
1.790387376894963245e-01 5.079985305166189846e+00
1.803798518288931840e-01 5.543565970058452308e+00
1.817209659682900158e-01 6.711715465281116622e+00
1.830620801076868753e-01 6.912966505982602428e+00
1.844031942470837349e-01 6.525070430411808786e+00
1.857443083864805944e-01 6.369079014336094247e+00
1.870854225258774539e-01 6.614036883306461334e+00
1.884265366652743134e-01 7.017330068133738052e+00
1.897676508046711452e-01 6.519505059328892571e+00
1.911087649440680047e-01 5.993937466061531438e+00
1.924498790834648643e-01 6.286257017121620549e+00
1.937909932228616960e-01 6.309854744253968306e+00
1.951321073622585556e-01 6.286728516581426618e+00
1.964732215016554151e-01 5.936064790946346648e+00
1.978143356410522469e-01 5.852473131549885466e+00
1.991554497804491064e-01 6.300135391171949095e+00
2.004965639198459382e-01 6.288118996902994695e+00
2.018376780592427977e-01 6.352410849014553662e+00
2.031787921986396572e-01 6.409170509116066228e+00
2.045199063380365168e-01 6.363062162625290341e+00
2.058610204774333763e-01 6.223333465044348145e+00
2.072021346168302081e-01 6.001622017851396151e+00
2.085432487562270676e-01 5.806481827451847266e+00
2.098843628956239271e-01 5.913783340562808633e+00
2.112254770350207866e-01 5.870223289407000777e+00
2.125665911744176462e-01 5.625724428224536666e+00
2.139077053138144502e-01 5.601744723031515605e+00
2.152488194532113097e-01 6.325118372482116058e+00
2.165899335926081692e-01 6.307288855591046683e+00
2.179310477320050288e-01 5.973215668490610142e+00
2.192721618714018883e-01 5.921043409995419893e+00
2.206132760107987478e-01 6.094206072623833848e+00
2.219543901501955796e-01 6.194384734583891827e+00
2.232955042895924391e-01 6.027359944478433817e+00
2.246366184289892987e-01 6.157048186334876050e+00
2.259777325683861582e-01 6.639604314452640210e+00
2.273188467077830177e-01 6.649275584219346058e+00
2.286599608471798217e-01 5.856169584675939177e+00
2.300010749865766813e-01 6.211060201877046438e+00
2.313421891259735408e-01 5.984707145802680373e+00
2.326833032653704003e-01 5.495978082023668776e+00
2.340244174047672598e-01 5.628557670803061797e+00
2.353655315441641194e-01 5.803716054007821867e+00
2.367066456835609234e-01 5.863083393581348446e+00
2.380477598229577829e-01 5.888900234624706798e+00
2.393888739623546424e-01 6.025443463770670860e+00
2.407299881017515020e-01 6.010265091609376498e+00
2.420711022411483615e-01 5.996853087559678386e+00
2.434122163805451933e-01 5.905690892658327584e+00
2.447533305199420528e-01 5.870741639405785861e+00
2.460944446593389123e-01 5.808331236383551754e+00
2.474355587987357719e-01 6.162863233279267661e+00
2.487766729381326314e-01 5.863785974853499283e+00
2.501177870775294632e-01 5.686387436796103145e+00
2.514589012169263227e-01 5.853120988381526502e+00
2.528000153563231822e-01 6.256677320554466348e+00
2.541411294957200417e-01 6.015005248685781680e+00
2.554822436351169013e-01 6.058930846709344564e+00
2.568233577745137608e-01 6.218080165591750585e+00
2.581644719139106203e-01 5.443493755804333034e+00
2.595055860533074243e-01 5.834476052912165756e+00
2.608467001927042839e-01 6.132214134347833578e+00
2.621878143321011434e-01 6.177988843414127018e+00
2.635289284714980029e-01 5.727325150679597243e+00
2.648700426108948625e-01 5.393885622249435130e+00
2.662111567502916665e-01 5.689471049574571282e+00
2.675522708896885260e-01 5.679471361415956210e+00
2.688933850290853855e-01 5.136950394587103119e+00
2.702344991684822451e-01 5.405019751230256020e+00
2.715756133078791046e-01 5.615194383171555614e+00
2.729167274472759641e-01 5.504742871349321831e+00
2.742578415866727681e-01 5.643189213224346190e+00
2.755989557260696277e-01 5.701302696576441065e+00
2.769400698654664872e-01 5.880411371536531817e+00
2.782811840048633467e-01 6.018885941090054814e+00
2.796222981442602062e-01 5.665735204265367031e+00
2.809634122836570103e-01 5.636736285341669372e+00
2.823045264230538698e-01 5.614417194504753184e+00
2.836456405624507293e-01 6.050797476728519086e+00
2.849867547018475888e-01 5.456140593913772818e+00
2.863278688412444484e-01 5.485334243391712050e+00
2.876689829806413079e-01 5.944123195895869571e+00
2.890100971200381674e-01 5.938501974069801292e+00
2.903512112594350270e-01 5.700589436480989036e+00
2.916923253988318865e-01 5.665225842671226530e+00
2.930334395382287460e-01 5.493289020486720631e+00
2.943745536776256055e-01 5.783448215558117056e+00
2.957156678170224096e-01 5.730406942335747544e+00
2.970567819564192691e-01 5.901969736129181854e+00
2.983978960958161286e-01 5.911335882735848202e+00
2.997390102352129881e-01 5.405090935378687789e+00
3.010801243746098477e-01 5.434235138287405675e+00
3.024212385140067072e-01 5.414987790301914572e+00
3.037623526534035112e-01 5.932849830839124650e+00
3.051034667928003707e-01 5.718014934650724967e+00
3.064445809321972303e-01 5.872926203989216276e+00
3.077856950715940898e-01 6.100645634536661532e+00
3.091268092109909493e-01 6.008242800575963827e+00
3.104679233503877533e-01 5.784318591814496813e+00
3.118090374897846129e-01 5.234652288247886531e+00
3.131501516291814724e-01 5.568798621738210386e+00
3.144912657685783319e-01 5.646827634553766018e+00
3.158323799079751915e-01 5.586711956540320045e+00
3.171734940473720510e-01 5.409611874575318780e+00
3.185146081867689105e-01 5.204233511808944002e+00
3.198557223261657700e-01 5.160266135877243698e+00
3.211968364655626296e-01 5.659925371211492973e+00
3.225379506049594891e-01 5.620968985266316054e+00
3.238790647443563486e-01 5.613060936092438169e+00
3.252201788837532082e-01 5.653483946395297721e+00
3.265612930231500122e-01 5.440300996037770176e+00
3.279024071625468717e-01 5.464190574981032000e+00
3.292435213019437312e-01 5.456913640043353553e+00
3.305846354413405908e-01 5.635340238938979951e+00
3.319257495807374503e-01 5.584021003336005151e+00
3.332668637201342543e-01 5.305658949398825541e+00
3.346079778595311138e-01 5.496922025358550457e+00
3.359490919989279734e-01 5.442129603111716563e+00
3.372902061383248329e-01 5.435551736559375513e+00
3.386313202777216924e-01 5.470551527792387958e+00
3.399724344171185519e-01 5.326457349114107842e+00
3.413135485565153560e-01 5.384194137771750377e+00
3.426546626959122155e-01 5.424527723001055790e+00
3.439957768353090750e-01 5.170123341292516272e+00
3.453368909747059345e-01 5.454350382306635936e+00
3.466780051141027941e-01 5.529523041463114907e+00
3.480191192534995981e-01 5.335401130541640669e+00
3.493602333928964576e-01 5.141449113776182855e+00
3.507013475322933171e-01 5.561903304384664182e+00
3.520424616716901767e-01 5.292608113010984994e+00
3.533835758110870362e-01 5.147269295289724766e+00
3.547246899504838957e-01 4.892612646304492330e+00
3.560658040898807553e-01 5.092283266091939709e+00
3.574069182292776148e-01 5.316111083692767636e+00
3.587480323686744743e-01 5.808539556754787725e+00
3.600891465080713338e-01 5.515040999526476639e+00
3.614302606474681934e-01 5.248730192620165269e+00
3.627713747868649974e-01 5.460230012272553779e+00
3.641124889262618569e-01 5.606647212459996865e+00
3.654536030656587164e-01 5.416471978667487974e+00
3.667947172050555760e-01 5.172067266489491999e+00
3.681358313444524355e-01 5.076580646003769459e+00
3.694769454838492950e-01 5.230579237591626907e+00
3.708180596232460990e-01 5.230015996534859823e+00
3.721591737626429586e-01 5.230790022262873151e+00
3.735002879020398181e-01 5.264245925628031841e+00
3.748414020414366776e-01 5.370717240917308288e+00
3.761825161808335372e-01 5.113972677172952785e+00
3.775236303202303967e-01 5.363356948827295412e+00
3.788647444596272007e-01 5.382418641719020513e+00
3.802058585990240602e-01 5.273907594388184350e+00
3.815469727384209198e-01 5.425857976100424196e+00
3.828880868778177793e-01 5.257678772921742905e+00
3.842292010172146388e-01 5.271373440224309093e+00
3.855703151566114428e-01 5.108877833707254013e+00
3.869114292960083024e-01 4.922920069326160331e+00
3.882525434354051619e-01 4.804277334115518272e+00
3.895936575748020214e-01 5.181805733512895529e+00
3.909347717141988809e-01 5.291643865949332337e+00
3.922758858535957405e-01 5.367799467193833607e+00
3.936169999929926000e-01 5.484653665114628041e+00
3.949581141323894595e-01 5.162627232746174855e+00
3.962992282717863191e-01 5.080767455292630075e+00
3.976403424111831786e-01 5.122714845674039452e+00
3.989814565505800381e-01 4.943396034088998192e+00
4.003225706899768976e-01 5.162016199879055023e+00
4.016636848293737572e-01 5.158276449931712193e+00
4.030047989687706167e-01 4.951980138668346854e+00
4.043459131081674207e-01 5.137838163037301342e+00
4.056870272475643358e-01 5.095031209792935556e+00
4.070281413869611398e-01 5.091309283829410504e+00
4.083692555263580548e-01 4.731370788093059332e+00
4.097103696657548588e-01 5.029869906023670012e+00
4.110514838051517739e-01 5.661664988989031144e+00
4.123925979445485779e-01 5.136941949574463706e+00
4.137337120839453819e-01 5.047101384671734081e+00
4.150748262233422969e-01 5.212356794987968556e+00
4.164159403627391010e-01 5.089673867223403647e+00
4.177570545021360160e-01 5.354080314993147738e+00
4.190981686415328200e-01 5.097734211889275002e+00
4.204392827809296240e-01 5.262242747211537619e+00
4.217803969203265391e-01 5.631461202984681336e+00
4.231215110597233431e-01 5.133098528566257812e+00
4.244626251991202581e-01 5.039262229787908609e+00
4.258037393385170621e-01 5.253169109710420059e+00
4.271448534779138662e-01 4.993852395192448057e+00
4.284859676173107812e-01 4.995280046614162472e+00
4.298270817567075852e-01 5.283794393367998055e+00
4.311681958961045003e-01 5.275644754737058406e+00
4.325093100355013043e-01 5.092213973742261146e+00
4.338504241748981638e-01 4.928150911239427501e+00
4.351915383142950233e-01 4.976139991676078012e+00
4.365326524536918829e-01 5.089560103303625738e+00
4.378737665930887424e-01 5.503635878015103344e+00
4.392148807324856019e-01 5.412950939486393054e+00
4.405559948718824614e-01 5.058097732218769238e+00
4.418971090112793210e-01 4.938908473870775140e+00
4.432382231506761250e-01 5.058185396533325218e+00
4.445793372900730400e-01 5.039235286666759350e+00
4.459204514294698440e-01 5.111049563432118248e+00
4.472615655688667591e-01 5.164697201442884023e+00
4.486026797082635631e-01 5.122519018103623978e+00
4.499437938476603671e-01 5.049092710336481105e+00
4.512849079870572822e-01 4.940404148240581605e+00
4.526260221264540862e-01 4.836768280167078160e+00
4.539671362658510012e-01 4.671787196847084545e+00
4.553082504052478052e-01 4.888835930505081251e+00
4.566493645446446092e-01 5.075247371460534396e+00
4.579904786840415243e-01 4.981587968484241458e+00
4.593315928234383283e-01 5.152123574968989317e+00
4.606727069628352433e-01 5.429027517315176965e+00
4.620138211022320474e-01 5.288890909221571235e+00
4.633549352416289624e-01 4.967454013551503067e+00
4.646960493810257664e-01 5.465840833824337608e+00
4.660371635204225704e-01 5.063763845941487318e+00
4.673782776598194855e-01 5.058964783647368790e+00
4.687193917992162895e-01 5.402818504865351201e+00
4.700605059386132045e-01 5.179510127854214829e+00
4.714016200780100085e-01 4.871513765119374284e+00
4.727427342174068681e-01 4.673968721809217186e+00
4.740838483568037276e-01 4.703274232248745079e+00
4.754249624962005871e-01 4.647373313933812256e+00
4.767660766355974467e-01 4.740881795440380131e+00
4.781071907749943062e-01 4.770177839694014210e+00
4.794483049143911102e-01 4.612749333709928123e+00
4.807894190537880252e-01 4.684529807154149239e+00
4.821305331931848293e-01 4.601253850228793851e+00
4.834716473325817443e-01 4.954505108857112816e+00
4.848127614719785483e-01 4.985710106753188597e+00
4.861538756113753523e-01 5.041200975509120497e+00
4.874949897507722674e-01 5.117099956295966479e+00
4.888361038901690714e-01 4.990674156899274294e+00
4.901772180295659864e-01 4.899473291607193914e+00
4.915183321689627904e-01 4.635632500946648804e+00
4.928594463083597055e-01 4.338600508941901523e+00
4.942005604477565095e-01 4.560893571194363005e+00
4.955416745871533135e-01 4.811100894833117536e+00
4.968827887265502286e-01 4.929340764644493333e+00
4.982239028659470326e-01 4.607961261655376006e+00
4.995650170053439476e-01 4.697734982316930541e+00
5.009061311447408071e-01 4.616948050331714626e+00
5.022472452841375556e-01 4.686534729960946777e+00
5.035883594235345262e-01 4.761723037438812867e+00
5.049294735629312747e-01 4.505766837583202289e+00
5.062705877023282452e-01 4.533189667250852040e+00
5.076117018417249938e-01 4.579575548483973080e+00
5.089528159811218533e-01 4.710676016137576028e+00
5.102939301205187128e-01 4.687131849281996665e+00
5.116350442599155723e-01 4.239526151725890202e+00
5.129761583993124319e-01 4.256420124074331568e+00
5.143172725387092914e-01 4.262653123793207044e+00
5.156583866781061509e-01 4.373179171256680320e+00
5.169995008175030105e-01 4.498219254432100911e+00
5.183406149568997590e-01 4.978859016809508375e+00
5.196817290962967295e-01 5.193836866950569231e+00
5.210228432356934780e-01 4.885355683685048689e+00
5.223639573750904486e-01 4.707077886775806519e+00
5.237050715144871971e-01 4.697249839986589848e+00
5.250461856538840566e-01 4.412648622210532778e+00
5.263872997932809161e-01 4.438117639869346931e+00
5.277284139326777757e-01 4.478877101345176470e+00
5.290695280720746352e-01 4.458963450072218393e+00
5.304106422114714947e-01 4.567229905076736429e+00
5.317517563508683542e-01 4.888076633204924804e+00
5.330928704902652138e-01 4.645705881539150539e+00
5.344339846296620733e-01 4.564012148906563482e+00
5.357750987690589328e-01 4.599264378703324496e+00
5.371162129084557924e-01 4.859201103498612895e+00
5.384573270478525409e-01 4.498920201479968739e+00
5.397984411872495114e-01 4.614900417434881774e+00
5.411395553266462599e-01 4.530574443192968204e+00
5.424806694660432305e-01 4.494189691841320666e+00
5.438217836054399790e-01 4.627238366337884656e+00
5.451628977448369495e-01 4.382558250472769146e+00
5.465040118842336980e-01 4.335881267078612211e+00
5.478451260236305576e-01 4.093923276363618413e+00
5.491862401630274171e-01 4.205677514442271558e+00
5.505273543024242766e-01 4.297651262459524446e+00
5.518684684418211361e-01 4.283519035971544042e+00
5.532095825812179957e-01 4.362642298395861928e+00
5.545506967206147442e-01 4.574556388295683007e+00
5.558918108600117147e-01 4.337125301616204354e+00
5.572329249994084632e-01 4.470833372850016474e+00
5.585740391388054338e-01 4.180071736338078381e+00
5.599151532782021823e-01 4.442991580242825478e+00
5.612562674175990418e-01 4.438243280182682327e+00
5.625973815569959013e-01 4.359886067510743146e+00
5.639384956963927609e-01 4.223195970448564651e+00
5.652796098357896204e-01 4.424705624761031686e+00
5.666207239751864799e-01 4.304563789865930801e+00
5.679618381145833395e-01 4.097690323391738332e+00
5.693029522539801990e-01 4.256894883134584973e+00
5.706440663933770585e-01 4.206312059720261232e+00
5.719851805327739180e-01 4.416667047574932781e+00
5.733262946721707776e-01 4.205633182575191142e+00
5.746674088115676371e-01 4.181588174139299952e+00
5.760085229509644966e-01 4.298553746542033593e+00
5.773496370903612451e-01 4.198788041760110445e+00
5.786907512297582157e-01 4.160458128614514806e+00
5.800318653691549642e-01 4.114584527816738557e+00
5.813729795085519347e-01 4.168794350368983714e+00
5.827140936479486832e-01 4.041827024792418399e+00
5.840552077873455428e-01 4.048084523095575094e+00
5.853963219267424023e-01 4.207864341875342973e+00
5.867374360661392618e-01 4.342768874213049912e+00
5.880785502055361214e-01 4.125607185835754365e+00
5.894196643449329809e-01 4.206266545293544823e+00
5.907607784843297294e-01 4.278635211745239531e+00
5.921018926237266999e-01 4.347611613992825141e+00
5.934430067631234484e-01 4.414847636905008699e+00
5.947841209025204190e-01 4.123661434597451603e+00
5.961252350419171675e-01 4.059738257645484794e+00
5.974663491813141381e-01 4.331830556751690153e+00
5.988074633207108866e-01 4.218450193580615348e+00
