# q (1/Angstrom), Intensity (arb)
2.078726924066784734e-02 3.415393832660708284e+00
2.212838338006469993e-02 2.402269408453721944e+00
2.346949751946154905e-02 6.927182327102876513e-01
2.481061165885840164e-02 0.000000000000000000e+00
2.615172579825525423e-02 7.098001764803196778e-01
2.749283993765210335e-02 1.409310907276678293e+00
2.883395407704895941e-02 2.051657469208341134e+00
3.017506821644580506e-02 2.882582232123241717e+00
3.151618235584265765e-02 3.523351447325170582e+00
3.285729649523951718e-02 4.139897710707109546e+00
3.419841063463636283e-02 4.574169227576740937e+00
3.553952477403321542e-02 4.940715727153389913e+00
3.688063891343006800e-02 5.125654411133103494e+00
3.822175305282692059e-02 5.326400621689805881e+00
3.956286719222376624e-02 5.628546500479661319e+00
4.090398133162062577e-02 5.852101625561701326e+00
4.224509547101747142e-02 6.002014869219827631e+00
4.358620961041432401e-02 6.122971161788072436e+00
4.492732374981117660e-02 6.291952319097787516e+00
4.626843788920802919e-02 6.247769955626244709e+00
4.760955202860488178e-02 6.145625129450605684e+00
4.895066616800172743e-02 6.300252995324873595e+00
5.029178030739858696e-02 6.367084995684453297e+00
5.163289444679544649e-02 6.424668269692066502e+00
5.297400858619229214e-02 6.719034086446837861e+00
5.431512272558913779e-02 6.559345789494953394e+00
5.565623686498599731e-02 6.476229874387585461e+00
5.699735100438284990e-02 6.519985723502760067e+00
5.833846514377969555e-02 6.419392520944771086e+00
5.967957928317654814e-02 6.525740178072586772e+00
6.102069342257340767e-02 6.600984518726308536e+00
6.236180756197025332e-02 6.446209381278663386e+00
6.370292170136709897e-02 6.452977476988478678e+00
6.504403584076395850e-02 6.490787936316662510e+00
6.638514998016080415e-02 6.606844081082207332e+00
6.772626411955766368e-02 6.516161092915261577e+00
6.906737825895450933e-02 6.625747748859447839e+00
7.040849239835136886e-02 6.654355881351260216e+00
7.174960653774821451e-02 6.553769588325330631e+00
7.309072067714506016e-02 6.574839279360757516e+00
7.443183481654190581e-02 6.651816093082290493e+00
7.577294895593877921e-02 6.644460319371416901e+00
7.711406309533562486e-02 6.665593172232604502e+00
7.845517723473247051e-02 6.704200532888180852e+00
7.979629137412933004e-02 6.668419151712157600e+00
8.113740551352617569e-02 6.685054318056273814e+00
8.247851965292302134e-02 6.723358479143055177e+00
8.381963379231988087e-02 6.709754015993111054e+00
8.516074793171674040e-02 6.692958691132441906e+00
8.650186207111358605e-02 6.674494341645957007e+00
8.784297621051043170e-02 6.613942440458455252e+00
8.918409034990729123e-02 6.634251920623571053e+00
9.052520448930413688e-02 6.633963999660540622e+00
9.186631862870098253e-02 6.603085140932654085e+00
9.320743276809784206e-02 6.772990342487481108e+00
9.454854690749470159e-02 6.802974006714884503e+00
9.588966104689154724e-02 6.718676604291547783e+00
9.723077518628839289e-02 6.778488290823286633e+00
9.857188932568525241e-02 6.721594460285299277e+00
9.991300346508209806e-02 6.658152756145212514e+00
1.012541176044789437e-01 6.688245056520731424e+00
1.025952317438758032e-01 6.749280317806990226e+00
1.039363458832726350e-01 6.800238507246085362e+00
1.052774600226694945e-01 6.755859439821369605e+00
1.066185741620663541e-01 6.811398684266945835e+00
1.079596883014631858e-01 6.761162177979709753e+00
1.093008024408600454e-01 6.768602547022372740e+00
1.106419165802569049e-01 6.761810688167080308e+00
1.119830307196537506e-01 6.736046156470653301e+00
1.133241448590506101e-01 6.868268208150618115e+00
1.146652589984474419e-01 6.844278676144247342e+00
1.160063731378443014e-01 6.901719474413229527e+00
1.173474872772411609e-01 6.855763620145316040e+00
1.186886014166380066e-01 6.811207926819419001e+00
1.200297155560348661e-01 6.867335710477243893e+00
1.213708296954317256e-01 6.852167418640010332e+00
1.227119438348285574e-01 6.842255107279175519e+00
1.240530579742254169e-01 6.905469695706543121e+00
1.253941721136222764e-01 6.903856965675010393e+00
1.267352862530191082e-01 6.903492399205412688e+00
1.280764003924159677e-01 6.921078219833391998e+00
1.294175145318128273e-01 6.900386878839774418e+00
1.307586286712096590e-01 6.904975569842058292e+00
1.320997428106065186e-01 6.848479849264450081e+00
1.334408569500033781e-01 6.929093593497034576e+00
1.347819710894002376e-01 6.914618473024802370e+00
1.361230852287970972e-01 7.028863855685697715e+00
1.374641993681939289e-01 6.953195080828981745e+00
1.388053135075907885e-01 6.941138287061955126e+00
1.401464276469876480e-01 6.866933152457916911e+00
1.414875417863844798e-01 6.903138209754214216e+00
1.428286559257813393e-01 6.944169073805428027e+00
1.441697700651781988e-01 6.948695579220425245e+00
1.455108842045750306e-01 7.026632036677541215e+00
1.468519983439718901e-01 6.871541503549739360e+00
1.481931124833687219e-01 6.867431489115209509e+00
1.495342266227655814e-01 6.924895827174331941e+00
1.508753407621624687e-01 6.972350489329375733e+00
1.522164549015593005e-01 7.011828902503378202e+00
1.535575690409561600e-01 7.030177944489549802e+00
1.548986831803530195e-01 7.005705938464227955e+00
1.562397973197498513e-01 7.022138941295732018e+00
1.575809114591467108e-01 6.997716897441852879e+00
1.589220255985435704e-01 6.997413847468937576e+00
1.602631397379404021e-01 6.992776592972170135e+00
1.616042538773372617e-01 6.959340287960399607e+00
1.629453680167341212e-01 7.087970551495888394e+00
1.642864821561309530e-01 7.094842329970452610e+00
1.656275962955278125e-01 7.008530008223299745e+00
1.669687104349246720e-01 7.029471921179094807e+00
1.683098245743215315e-01 7.071775302550057596e+00
1.696509387137183911e-01 7.142320727210929476e+00
1.709920528531152228e-01 7.079696445987618603e+00
1.723331669925120824e-01 7.006580837236761283e+00
1.736742811319089419e-01 7.138089641330095603e+00
1.750153952713057737e-01 7.059606422052921104e+00
1.763565094107026332e-01 6.979561679347701997e+00
1.776976235500994927e-01 7.017955703964510406e+00
1.790387376894963245e-01 7.029569151395923754e+00
1.803798518288931840e-01 7.001114815372160294e+00
1.817209659682900158e-01 7.074826004797531986e+00
1.830620801076868753e-01 7.051590812273944131e+00
1.844031942470837349e-01 7.185931480409164962e+00
1.857443083864805944e-01 7.132226447129069058e+00
1.870854225258774539e-01 7.081578475356867131e+00
1.884265366652743134e-01 7.022681784238646863e+00
1.897676508046711452e-01 7.014137864358678698e+00
1.911087649440680047e-01 7.152669539231669482e+00
1.924498790834648643e-01 7.121831399191616008e+00
1.937909932228616960e-01 7.149209324435439328e+00
1.951321073622585556e-01 7.104810743461837497e+00
1.964732215016554151e-01 7.120300701875965643e+00
1.978143356410522469e-01 7.046459417460924968e+00
1.991554497804491064e-01 7.075651804573521275e+00
2.004965639198459382e-01 7.100201655839240900e+00
2.018376780592427977e-01 7.121979274646731639e+00
2.031787921986396572e-01 7.040555103204308551e+00
2.045199063380365168e-01 7.096111554123027965e+00
2.058610204774333763e-01 7.154321407298859015e+00
2.072021346168302081e-01 7.058054627836050088e+00
2.085432487562270676e-01 7.026918928224427319e+00
2.098843628956239271e-01 7.058352256534762503e+00
2.112254770350207866e-01 7.057177713836049193e+00
2.125665911744176462e-01 7.053766970878145415e+00
2.139077053138144502e-01 7.081901844049593109e+00
2.152488194532113097e-01 7.099830488035895115e+00
2.165899335926081692e-01 7.041815338582843253e+00
2.179310477320050288e-01 6.998221679046478627e+00
2.192721618714018883e-01 7.055412011062427879e+00
2.206132760107987478e-01 7.289317600650454310e+00
2.219543901501955796e-01 8.154119643211805268e+00
2.232955042895924391e-01 7.321094720372562037e+00
2.246366184289892987e-01 7.155157494655736805e+00
2.259777325683861582e-01 7.142599097269563657e+00
2.273188467077830177e-01 7.190184502042280990e+00
2.286599608471798217e-01 7.208495658019662855e+00
2.300010749865766813e-01 7.173328334309875487e+00
2.313421891259735408e-01 7.159249083051298257e+00
2.326833032653704003e-01 7.140624399631809283e+00
2.340244174047672598e-01 7.113639981716199046e+00
2.353655315441641194e-01 7.101296102574121250e+00
2.367066456835609234e-01 7.179497400528557449e+00
2.380477598229577829e-01 7.145429740770216753e+00
2.393888739623546424e-01 7.119996221952139770e+00
2.407299881017515020e-01 7.109750319570481203e+00
2.420711022411483615e-01 7.147892415380859177e+00
2.434122163805451933e-01 7.183714721282775884e+00
2.447533305199420528e-01 7.178352619990027605e+00
2.460944446593389123e-01 7.176531804995200048e+00
2.474355587987357719e-01 7.149268560712550347e+00
2.487766729381326314e-01 7.161240700126356273e+00
2.501177870775294632e-01 7.177763830010920998e+00
2.514589012169263227e-01 7.182644492369227862e+00
2.528000153563231822e-01 7.148271869867061312e+00
2.541411294957200417e-01 7.200536721283499197e+00
2.554822436351169013e-01 7.196002494370707936e+00
2.568233577745137608e-01 7.219930815420601888e+00
2.581644719139106203e-01 7.156777836712429064e+00
2.595055860533074243e-01 7.231775521142241203e+00
2.608467001927042839e-01 7.279909620954891025e+00
2.621878143321011434e-01 7.177439607891541229e+00
2.635289284714980029e-01 7.141335401183233955e+00
2.648700426108948625e-01 7.172540164856272327e+00
2.662111567502916665e-01 7.233718163446704708e+00
2.675522708896885260e-01 7.247462271861756733e+00
2.688933850290853855e-01 7.235109598449990465e+00
2.702344991684822451e-01 7.187290722276937771e+00
2.715756133078791046e-01 7.139105872240862460e+00
2.729167274472759641e-01 7.196406059156424284e+00
2.742578415866727681e-01 7.289977341843926872e+00
2.755989557260696277e-01 7.255061505121707555e+00
2.769400698654664872e-01 7.183482433593642469e+00
2.782811840048633467e-01 7.230262851448839179e+00
2.796222981442602062e-01 7.223210108592396317e+00
2.809634122836570103e-01 7.158423456268792506e+00
2.823045264230538698e-01 7.200596576381627756e+00
2.836456405624507293e-01 7.249066124370605380e+00
2.849867547018475888e-01 7.255705151298234235e+00
2.863278688412444484e-01 7.215768219638489356e+00
2.876689829806413079e-01 7.195179949414967524e+00
2.890100971200381674e-01 7.203673969271362054e+00
2.903512112594350270e-01 7.184466518773039212e+00
2.916923253988318865e-01 7.185449086768109339e+00
2.930334395382287460e-01 7.258397085977319918e+00
2.943745536776256055e-01 7.260742714832359113e+00
2.957156678170224096e-01 7.293503148529854485e+00
2.970567819564192691e-01 7.211259640007126492e+00
2.983978960958161286e-01 7.262946192921448940e+00
2.997390102352129881e-01 7.276476119590173930e+00
3.010801243746098477e-01 7.226888305491312892e+00
3.024212385140067072e-01 7.217278148962090967e+00
3.037623526534035112e-01 7.302713692685376401e+00
3.051034667928003707e-01 7.240425017771521254e+00
3.064445809321972303e-01 7.185728879321430007e+00
3.077856950715940898e-01 7.231117284066751694e+00
3.091268092109909493e-01 7.219665282837444131e+00
3.104679233503877533e-01 7.186408135089866533e+00
3.118090374897846129e-01 7.274577225340945752e+00
3.131501516291814724e-01 7.293617077551743932e+00
3.144912657685783319e-01 7.253802917890914692e+00
3.158323799079751915e-01 7.218209202782370326e+00
3.171734940473720510e-01 7.181928969431900178e+00
3.185146081867689105e-01 7.204046805669987563e+00
3.198557223261657700e-01 7.200431170083790633e+00
3.211968364655626296e-01 7.183600667484380864e+00
3.225379506049594891e-01 7.243228911497622491e+00
3.238790647443563486e-01 7.265807331455182094e+00
3.252201788837532082e-01 7.203034392396508778e+00
3.265612930231500122e-01 7.303206022597398928e+00
3.279024071625468717e-01 7.311429671326266977e+00
3.292435213019437312e-01 7.261154051116884389e+00
3.305846354413405908e-01 7.309459292496349292e+00
3.319257495807374503e-01 7.198379251628606035e+00
3.332668637201342543e-01 7.324993734092402065e+00
3.346079778595311138e-01 7.286562258790011626e+00
3.359490919989279734e-01 7.306744310892645089e+00
3.372902061383248329e-01 7.301487777135253765e+00
3.386313202777216924e-01 7.311060119179040306e+00
3.399724344171185519e-01 7.227982697204815565e+00
3.413135485565153560e-01 7.284098820674369534e+00
3.426546626959122155e-01 7.306476579236333535e+00
3.439957768353090750e-01 7.308306867728719070e+00
3.453368909747059345e-01 7.316644562431271481e+00
3.466780051141027941e-01 7.308603287500185175e+00
3.480191192534995981e-01 7.273346511783085333e+00
3.493602333928964576e-01 7.262540323915908758e+00
3.507013475322933171e-01 7.218578406859892382e+00
3.520424616716901767e-01 7.232322495785124872e+00
3.533835758110870362e-01 7.266621985279272167e+00
3.547246899504838957e-01 7.328907665870291410e+00
3.560658040898807553e-01 7.321671289712889497e+00
3.574069182292776148e-01 7.310560216104860842e+00
3.587480323686744743e-01 7.343425975904290581e+00
3.600891465080713338e-01 7.324000948743724315e+00
3.614302606474681934e-01 7.323835165066912012e+00
3.627713747868649974e-01 7.321911827164525377e+00
3.641124889262618569e-01 7.271860147692187581e+00
3.654536030656587164e-01 7.275291022429788867e+00
3.667947172050555760e-01 7.253741007055447554e+00
3.681358313444524355e-01 7.256283111821066889e+00
3.694769454838492950e-01 7.237574517540718233e+00
3.708180596232460990e-01 7.268769841732813042e+00
3.721591737626429586e-01 7.278247057018997879e+00
3.735002879020398181e-01 7.248728039239203724e+00
3.748414020414366776e-01 7.244841890493835201e+00
3.761825161808335372e-01 7.302226891816431475e+00
3.775236303202303967e-01 7.216797770123647204e+00
3.788647444596272007e-01 7.257936122299619264e+00
3.802058585990240602e-01 7.313917991250804995e+00
3.815469727384209198e-01 7.329790305824948504e+00
3.828880868778177793e-01 7.271212503844379782e+00
3.842292010172146388e-01 7.297693133340233729e+00
3.855703151566114428e-01 7.289381245878778337e+00
3.869114292960083024e-01 7.335679334138083263e+00
3.882525434354051619e-01 7.340856348200222925e+00
3.895936575748020214e-01 7.320185298601395552e+00
3.909347717141988809e-01 7.350427417113436945e+00
3.922758858535957405e-01 7.317558895029996791e+00
3.936169999929926000e-01 7.246478421525009317e+00
3.949581141323894595e-01 7.291576457583909487e+00
3.962992282717863191e-01 7.323335147765455133e+00
3.976403424111831786e-01 7.291028662223444812e+00
3.989814565505800381e-01 7.284013210735217569e+00
4.003225706899768976e-01 7.335184546066701117e+00
4.016636848293737572e-01 7.388118082127368424e+00
4.030047989687706167e-01 7.359773528729551373e+00
4.043459131081674207e-01 7.326817788994056890e+00
4.056870272475643358e-01 7.367175124443462231e+00
4.070281413869611398e-01 7.361544145643582837e+00
4.083692555263580548e-01 7.338923844144087383e+00
4.097103696657548588e-01 7.254920317825616749e+00
4.110514838051517739e-01 7.270003265662054126e+00
4.123925979445485779e-01 7.349679323773004036e+00
4.137337120839453819e-01 7.350938729624319379e+00
4.150748262233422969e-01 7.318626522438327342e+00
4.164159403627391010e-01 7.326898228831605131e+00
4.177570545021360160e-01 7.345971532012715244e+00
4.190981686415328200e-01 7.335233319838710742e+00
4.204392827809296240e-01 7.337932986220243592e+00
4.217803969203265391e-01 7.353429851164723807e+00
4.231215110597233431e-01 7.325730565670355077e+00
4.244626251991202581e-01 7.337330378696760746e+00
4.258037393385170621e-01 7.344063399198448749e+00
4.271448534779138662e-01 7.291759374014062267e+00
4.284859676173107812e-01 7.334414926757110820e+00
4.298270817567075852e-01 7.338968074091736682e+00
4.311681958961045003e-01 7.283717319507074350e+00
4.325093100355013043e-01 7.341569314454304163e+00
4.338504241748981638e-01 7.318662628533547654e+00
4.351915383142950233e-01 7.372588381377143563e+00
4.365326524536918829e-01 7.340584552632961390e+00
4.378737665930887424e-01 7.316443890178677023e+00
4.392148807324856019e-01 7.350923906414140951e+00
4.405559948718824614e-01 7.408215054072903705e+00
4.418971090112793210e-01 7.368505087743851156e+00
4.432382231506761250e-01 7.369525540882712278e+00
4.445793372900730400e-01 7.393906532781615581e+00
4.459204514294698440e-01 7.330414567013576743e+00
4.472615655688667591e-01 7.367413486826018598e+00
4.486026797082635631e-01 7.395400048958671313e+00
4.499437938476603671e-01 7.405565522345915141e+00
4.512849079870572822e-01 7.344979934143976763e+00
4.526260221264540862e-01 7.337095511649359914e+00
4.539671362658510012e-01 7.418780017286772832e+00
4.553082504052478052e-01 7.365545025227838494e+00
4.566493645446446092e-01 7.357558721896618081e+00
4.579904786840415243e-01 7.337011740806739013e+00
4.593315928234383283e-01 7.343647868051024652e+00
4.606727069628352433e-01 7.367805094954795742e+00
4.620138211022320474e-01 7.383074661329623645e+00
4.633549352416289624e-01 7.382241905977588559e+00
4.646960493810257664e-01 7.364454856259483151e+00
4.660371635204225704e-01 7.385411151598718860e+00
4.673782776598194855e-01 7.350667582563929159e+00
4.687193917992162895e-01 7.356465783181805662e+00
4.700605059386132045e-01 7.393098334550629147e+00
4.714016200780100085e-01 7.406460959065966243e+00
4.727427342174068681e-01 7.345235404408402502e+00
4.740838483568037276e-01 7.384413131916927497e+00
4.754249624962005871e-01 7.361851832703025345e+00
4.767660766355974467e-01 7.347805146149058331e+00
4.781071907749943062e-01 7.429125289438070823e+00
4.794483049143911102e-01 7.414535290748060170e+00
4.807894190537880252e-01 7.348530654177501731e+00
4.821305331931848293e-01 7.395524055154398368e+00
4.834716473325817443e-01 7.420449821127200529e+00
4.848127614719785483e-01 7.428458200902800179e+00
4.861538756113753523e-01 7.427792638820301718e+00
4.874949897507722674e-01 7.389575042400279514e+00
4.888361038901690714e-01 7.386064083518811607e+00
4.901772180295659864e-01 7.379719122928927177e+00
4.915183321689627904e-01 7.364073664165542432e+00
4.928594463083597055e-01 7.400689421999492090e+00
4.942005604477565095e-01 7.410023251241893760e+00
4.955416745871533135e-01 7.437669478251883959e+00
4.968827887265502286e-01 7.418708352667815475e+00
4.982239028659470326e-01 7.442873136025786707e+00
4.995650170053439476e-01 7.413627916546895236e+00
5.009061311447408071e-01 7.429055632327484560e+00
5.022472452841375556e-01 7.416729070395701839e+00
5.035883594235345262e-01 7.377916772881493834e+00
5.049294735629312747e-01 7.428895418228504965e+00
5.062705877023282452e-01 7.360783022004524057e+00
5.076117018417249938e-01 7.379830816833774954e+00
5.089528159811218533e-01 7.433894401837640942e+00
5.102939301205187128e-01 7.406723068088201245e+00
5.116350442599155723e-01 7.415761945069334615e+00
5.129761583993124319e-01 7.394116865458017607e+00
5.143172725387092914e-01 7.374869259344124295e+00
5.156583866781061509e-01 7.425154974244382089e+00
5.169995008175030105e-01 7.401749341858085529e+00
5.183406149568997590e-01 7.452422668361849745e+00
5.196817290962967295e-01 7.423003630611555437e+00
5.210228432356934780e-01 7.419764199465067378e+00
5.223639573750904486e-01 7.387511011274048300e+00
5.237050715144871971e-01 7.356829367901751127e+00
5.250461856538840566e-01 7.327480648090190840e+00
5.263872997932809161e-01 7.394107041568151573e+00
5.277284139326777757e-01 7.425027155474232643e+00
5.290695280720746352e-01 7.435981995397025202e+00
5.304106422114714947e-01 7.412169467454104321e+00
5.317517563508683542e-01 7.422478846431948440e+00
5.330928704902652138e-01 7.339913212834664691e+00
5.344339846296620733e-01 7.352703091773680200e+00
5.357750987690589328e-01 7.361611598405428225e+00
5.371162129084557924e-01 7.409720079433016693e+00
5.384573270478525409e-01 7.362231205782858723e+00
5.397984411872495114e-01 7.391669213692678930e+00
5.411395553266462599e-01 7.403439277658852902e+00
5.424806694660432305e-01 7.392608572268654754e+00
5.438217836054399790e-01 7.386491198123924740e+00
5.451628977448369495e-01 7.430319359545803692e+00
5.465040118842336980e-01 7.458400994520063776e+00
5.478451260236305576e-01 7.466713379813883833e+00
5.491862401630274171e-01 7.456748641570221992e+00
5.505273543024242766e-01 7.459096475069333820e+00
5.518684684418211361e-01 7.465933386556414142e+00
5.532095825812179957e-01 7.412186440769172435e+00
5.545506967206147442e-01 7.423860205253518529e+00
5.558918108600117147e-01 7.366896522538568526e+00
5.572329249994084632e-01 7.360254557375212059e+00
5.585740391388054338e-01 7.366778770143572075e+00
5.599151532782021823e-01 7.369845839282378464e+00
5.612562674175990418e-01 7.403081113466618568e+00
5.625973815569959013e-01 7.385146616805531750e+00
5.639384956963927609e-01 7.453927818169184150e+00
5.652796098357896204e-01 7.436984910235514334e+00
5.666207239751864799e-01 7.391194698288051868e+00
5.679618381145833395e-01 7.357824713303347863e+00
5.693029522539801990e-01 7.431683514275150060e+00
5.706440663933770585e-01 7.420429610109852803e+00
5.719851805327739180e-01 7.394390673482804210e+00
5.733262946721707776e-01 7.473121770230989114e+00
5.746674088115676371e-01 7.434242192793108828e+00
5.760085229509644966e-01 7.478440871488984953e+00
5.773496370903612451e-01 7.450981491550794367e+00
5.786907512297582157e-01 7.401980705380507786e+00
5.800318653691549642e-01 7.415459986598745168e+00
5.813729795085519347e-01 7.441478240505395192e+00
5.827140936479486832e-01 7.432718678565629844e+00
5.840552077873455428e-01 7.400762571720714611e+00
5.853963219267424023e-01 7.443041292472251769e+00
5.867374360661392618e-01 7.421358108001994580e+00
5.880785502055361214e-01 7.365276884100446786e+00
5.894196643449329809e-01 7.404764775217453021e+00
5.907607784843297294e-01 7.409598337298487714e+00
5.921018926237266999e-01 7.448516086207735754e+00
5.934430067631234484e-01 7.438117468117584785e+00
5.947841209025204190e-01 7.405629073912553650e+00
5.961252350419171675e-01 7.418519983471606238e+00
5.974663491813141381e-01 7.453470405741722260e+00
5.988074633207108866e-01 7.458842256976589979e+00
