# q (1/Angstrom), Intensity (arb)
2.029070354705860696e-02 0.000000000000000000e+00
2.133125244372399004e-02 5.945284457917466625e+00
2.237180134038937659e-02 9.707118771001177038e+00
2.341235023705475968e-02 1.514980019374860376e+01
2.445289913372014276e-02 1.802926949021582459e+01
2.549344803038552584e-02 1.952871138210295499e+01
2.653399692705091240e-02 2.285825367934339170e+01
2.757454582371629548e-02 2.458278397317241115e+01
2.861509472038167856e-02 2.485671842840108070e+01
2.965564361704706164e-02 2.536248523957419820e+01
3.069619251371244473e-02 2.722463626595614983e+01
3.173674141037782781e-02 2.863615792622306344e+01
3.277729030704321089e-02 3.077214025815050746e+01
3.381783920370859398e-02 3.214618682345899714e+01
3.485838810037397706e-02 3.181167764964811795e+01
3.589893699703936014e-02 3.157555407680568038e+01
3.693948589370474322e-02 3.252920112134525965e+01
3.798003479037012631e-02 3.361671928091082151e+01
3.902058368703550939e-02 3.303719068966961459e+01
4.006113258370089247e-02 3.298885776417385074e+01
4.110168148036627556e-02 3.319748714717489690e+01
4.214223037703165864e-02 3.264624773793256196e+01
4.318277927369704866e-02 3.283879743706523868e+01
4.422332817036243174e-02 3.264367748225122767e+01
4.526387706702781483e-02 3.337148740169329386e+01
4.630442596369319791e-02 3.374899405786863582e+01
4.734497486035858099e-02 3.406344614136080651e+01
4.838552375702396408e-02 3.411925438624501083e+01
4.942607265368934716e-02 3.417970550670997198e+01
5.046662155035473024e-02 3.343892888590693246e+01
5.150717044702011332e-02 3.255665126987975810e+01
5.254771934368549641e-02 3.173502207419278420e+01
5.358826824035087949e-02 3.250370509969012289e+01
5.462881713701626257e-02 3.267273899877035603e+01
5.566936603368164566e-02 3.250232765917622402e+01
5.670991493034702874e-02 3.226883481856755509e+01
5.775046382701241182e-02 3.277071110185834613e+01
5.879101272367779490e-02 3.199186307621689451e+01
5.983156162034317799e-02 3.164688533385535152e+01
6.087211051700856107e-02 3.172785604911627644e+01
6.191265941367394415e-02 3.136536893838479756e+01
6.295320831033933417e-02 3.029925281577951068e+01
6.399375720700471726e-02 3.014325454557134520e+01
6.503430610367010034e-02 3.055566273789313669e+01
6.607485500033548342e-02 2.976110748003652873e+01
6.711540389700086651e-02 2.943452069671967308e+01
6.815595279366624959e-02 2.912859421833191931e+01
6.919650169033163267e-02 2.893916005533726121e+01
7.023705058699701576e-02 2.851047252456750414e+01
7.127759948366239884e-02 2.840679449939656820e+01
7.231814838032778192e-02 2.803765570904118931e+01
7.335869727699316500e-02 2.802555996482670508e+01
7.439924617365854809e-02 2.725847282103197955e+01
7.543979507032393117e-02 2.693085672688597754e+01
7.648034396698931425e-02 2.744320424487527177e+01
7.752089286365469734e-02 2.684473298577749745e+01
7.856144176032008042e-02 2.665875278464944742e+01
7.960199065698546350e-02 2.684323165522379639e+01
8.064253955365084658e-02 2.599362703649600448e+01
8.168308845031622967e-02 2.588751354347754585e+01
8.272363734698161275e-02 2.527472335392038261e+01
8.376418624364699583e-02 2.457994609658230090e+01
8.480473514031239279e-02 2.439488729609427153e+01
8.584528403697777588e-02 2.430301325464196438e+01
8.688583293364315896e-02 2.425460157804709382e+01
8.792638183030854204e-02 2.368252951680537066e+01
8.896693072697392513e-02 2.331315963271748615e+01
9.000747962363930821e-02 2.276872730913752463e+01
9.104802852030469129e-02 2.256112739799915801e+01
9.208857741697007437e-02 2.229947670857875508e+01
9.312912631363545746e-02 2.194740574524949395e+01
9.416967521030084054e-02 2.201347147757632428e+01
9.521022410696622362e-02 2.195888012960388025e+01
9.625077300363160671e-02 2.178540491028072523e+01
9.729132190029698979e-02 2.137996601062108581e+01
9.833187079696237287e-02 2.114095151562307606e+01
9.937241969362775595e-02 2.075602482494440437e+01
1.004129685902931390e-01 2.017875812934459745e+01
1.014535174869585221e-01 2.007476968028529640e+01
1.024940663836239052e-01 1.935702431028833104e+01
1.035346152802892883e-01 1.945008857811167857e+01
1.045751641769546714e-01 1.925557359091620313e+01
1.056157130736200545e-01 1.851209896747317529e+01
1.066562619702854375e-01 1.844061652817620001e+01
1.076968108669508206e-01 1.775422272174516891e+01
1.087373597636162037e-01 1.768629174498494194e+01
1.097779086602815868e-01 1.723664389288096643e+01
1.108184575569469699e-01 1.693444789419977070e+01
1.118590064536123529e-01 1.667638921318255996e+01
1.128995553502777360e-01 1.642683713388168698e+01
1.139401042469431191e-01 1.672717052396898296e+01
1.149806531436085022e-01 1.621040759379524587e+01
1.160212020402738853e-01 1.551059436332938546e+01
1.170617509369392684e-01 1.559734879651489692e+01
1.181022998336046514e-01 1.559248585163042122e+01
1.191428487302700345e-01 1.516989187025645336e+01
1.201833976269354176e-01 1.500466194449504798e+01
1.212239465236008007e-01 1.462315557747719197e+01
1.222644954202661838e-01 1.446811351523485101e+01
1.233050443169315669e-01 1.398148781238869276e+01
1.243455932135969499e-01 1.375805412756432133e+01
1.253861421102623330e-01 1.307840049394954463e+01
1.264266910069277161e-01 1.266349393565781511e+01
1.274672399035930992e-01 1.254695114635706332e+01
1.285077888002584823e-01 1.218508852130790387e+01
1.295483376969238654e-01 1.220101150978947402e+01
1.305888865935892484e-01 1.195272574131904975e+01
1.316294354902546315e-01 1.186802299056100907e+01
1.326699843869200146e-01 1.181011607880614633e+01
1.337105332835853977e-01 1.158896676830646655e+01
1.347510821802507808e-01 1.137216934662774648e+01
1.357916310769161639e-01 1.102303795369871509e+01
1.368321799735815469e-01 1.065879883135883333e+01
1.378727288702469300e-01 1.103159104289766290e+01
1.389132777669123131e-01 1.109505382682509378e+01
1.399538266635776962e-01 1.024099046087441423e+01
1.409943755602430793e-01 1.025454322283707498e+01
1.420349244569084624e-01 9.823291839525555957e+00
1.430754733535738454e-01 9.573205078822674352e+00
1.441160222502392285e-01 9.544859009540033412e+00
1.451565711469046116e-01 9.226596682066968924e+00
1.461971200435699947e-01 8.877118293767424007e+00
1.472376689402353778e-01 8.949427045425075278e+00
1.482782178369007609e-01 8.880558593553448787e+00
1.493187667335661439e-01 8.372956621656065579e+00
1.503593156302315270e-01 7.850934189492832616e+00
1.513998645268969101e-01 7.825558485789855467e+00
1.524404134235622932e-01 7.758980321578391681e+00
1.534809623202276763e-01 7.303715531863112176e+00
1.545215112168930593e-01 7.209412989010537842e+00
1.555620601135584424e-01 7.228057074286716954e+00
1.566026090102238255e-01 7.156991061823799072e+00
1.576431579068892086e-01 7.135718960163838887e+00
1.586837068035545917e-01 6.969610469211023229e+00
1.597242557002199748e-01 6.256356980342133056e+00
1.607648045968853578e-01 6.242038350044580852e+00
1.618053534935507409e-01 6.670724161595469326e+00
1.628459023902161240e-01 5.968395185361362820e+00
1.638864512868815071e-01 6.131529631931929458e+00
1.649270001835468902e-01 5.938690048160225388e+00
1.659675490802122733e-01 5.869239283443754118e+00
1.670080979768776563e-01 5.622870011313391814e+00
1.680486468735430672e-01 5.497964853786012185e+00
1.690891957702084503e-01 5.625103696467508740e+00
1.701297446668738333e-01 5.656263190827505838e+00
1.711702935635392164e-01 5.389204898683878753e+00
1.722108424602045995e-01 4.966004397604191212e+00
1.732513913568699826e-01 4.782667887872914747e+00
1.742919402535353657e-01 4.853296763155075411e+00
1.753324891502007488e-01 4.659331222540359363e+00
1.763730380468661318e-01 4.373159575765555473e+00
1.774135869435315149e-01 4.380576048870953088e+00
1.784541358401968980e-01 4.044927259396946084e+00
1.794946847368622811e-01 4.146860545374003948e+00
1.805352336335276642e-01 3.961444910114440887e+00
1.815757825301930473e-01 3.755404312836549963e+00
1.826163314268584303e-01 3.746412008743899236e+00
1.836568803235238134e-01 3.693801479127472476e+00
1.846974292201891965e-01 3.444899713987179979e+00
1.857379781168545796e-01 3.682955026070530380e+00
1.867785270135199627e-01 3.518215890794841982e+00
1.878190759101853458e-01 3.173526090251201026e+00
1.888596248068507288e-01 3.286113094246942978e+00
1.899001737035161119e-01 3.227590360530776081e+00
1.909407226001814950e-01 3.075267015442339158e+00
1.919812714968468781e-01 3.110836854567750720e+00
1.930218203935122612e-01 3.090126888851944642e+00
1.940623692901776443e-01 2.973068949767796454e+00
1.951029181868430273e-01 2.623346033162324176e+00
1.961434670835084104e-01 2.567981219191683095e+00
1.971840159801737935e-01 2.568909351773420724e+00
1.982245648768391766e-01 2.514759188998109352e+00
1.992651137735045597e-01 2.560043564775828173e+00
2.003056626701699428e-01 2.660372952000283675e+00
2.013462115668353813e-01 2.597286732528505837e+00
2.023867604635007644e-01 2.442111762527112262e+00
2.034273093601661475e-01 2.511724444250162946e+00
2.044678582568315306e-01 2.419803280555896663e+00
2.055084071534969137e-01 2.259449799125686553e+00
2.065489560501622968e-01 1.985997855318249350e+00
2.075895049468276798e-01 1.890316815745517687e+00
2.086300538434930629e-01 1.960511171116056772e+00
2.096706027401584460e-01 2.037119084703963523e+00
2.107111516368238291e-01 2.180699659851342176e+00
2.117517005334892122e-01 2.349300046823188381e+00
2.127922494301545953e-01 2.152435078966707493e+00
2.138327983268199783e-01 1.768915707416592653e+00
2.148733472234853614e-01 1.837867963340833910e+00
2.159138961201507445e-01 2.021167866982167993e+00
2.169544450168161276e-01 1.587461226191436481e+00
2.179949939134815107e-01 1.795764333329898932e+00
2.190355428101468938e-01 1.451330142812437884e+00
2.200760917068122768e-01 1.462283550819979183e+00
2.211166406034776599e-01 1.808258689406866182e+00
2.221571895001430430e-01 1.579710742942879165e+00
2.231977383968084261e-01 1.540682947188422247e+00
2.242382872934738092e-01 1.749214748622023308e+00
2.252788361901391923e-01 1.886784689256916892e+00
2.263193850868045753e-01 2.030503851404215965e+00
2.273599339834699584e-01 1.654914346465616859e+00
2.284004828801353415e-01 1.752937377363970484e+00
2.294410317768007246e-01 1.912341685692219073e+00
2.304815806734661077e-01 1.429887553810797129e+00
2.315221295701314908e-01 1.495290652313194357e+00
2.325626784667968738e-01 1.591003666025368801e+00
2.336032273634622569e-01 1.271635063205330596e+00
2.346437762601276400e-01 1.470876694444431365e+00
2.356843251567930231e-01 1.683995681153323432e+00
2.367248740534584062e-01 1.579145202590279240e+00
2.377654229501237892e-01 1.648763305373545762e+00
2.388059718467891723e-01 1.506993784572731698e+00
2.398465207434545554e-01 1.477936982433050161e+00
2.408870696401199385e-01 1.396120053708241215e+00
2.419276185367853216e-01 1.570754299811454757e+00
2.429681674334507047e-01 1.474351712392426350e+00
2.440087163301160877e-01 1.342053773644607872e+00
2.450492652267814708e-01 1.322438417034401681e+00
2.460898141234468539e-01 1.389686815771224104e+00
2.471303630201122370e-01 1.527085369107108903e+00
2.481709119167776201e-01 1.546020957186204470e+00
2.492114608134430032e-01 1.267445220219951096e+00
2.502520097101083585e-01 1.372908460996800528e+00
2.512925586067737416e-01 1.664900121733957405e+00
2.523331075034391247e-01 1.528248889195108262e+00
2.533736564001045077e-01 1.615406783343637187e+00
2.544142052967698908e-01 1.916618760016369549e+00
2.554547541934352739e-01 1.705001571236998359e+00
2.564953030901006570e-01 1.693439583402170712e+00
2.575358519867660401e-01 1.355247999626680411e+00
2.585764008834314231e-01 1.110740289649161383e+00
2.596169497800968062e-01 1.196626957836393501e+00
2.606574986767621893e-01 1.466300948969578855e+00
2.616980475734275724e-01 1.642696888776530528e+00
2.627385964700929555e-01 1.488642356132604760e+00
2.637791453667583386e-01 1.493412423371093922e+00
2.648196942634237216e-01 1.315454176324600155e+00
2.658602431600891047e-01 1.367554414182535538e+00
2.669007920567544878e-01 1.381018455763850739e+00
2.679413409534198709e-01 1.314713706830332285e+00
2.689818898500852540e-01 1.389754448115542829e+00
2.700224387467506371e-01 1.512331989617340611e+00
2.710629876434160201e-01 1.344887976361210491e+00
2.721035365400814032e-01 1.240725921275529942e+00
2.731440854367467863e-01 1.521410479881371458e+00
2.741846343334121694e-01 1.427778605285183744e+00
2.752251832300775525e-01 1.556141312095665086e+00
2.762657321267429356e-01 1.562465275162562506e+00
2.773062810234083186e-01 1.647936327543124690e+00
2.783468299200737017e-01 1.586202440262447055e+00
2.793873788167390848e-01 1.369360978641299909e+00
2.804279277134044679e-01 1.342769680831018775e+00
2.814684766100698510e-01 1.498400249555491115e+00
2.825090255067352341e-01 1.306013924147823246e+00
2.835495744034006171e-01 1.427012698518922207e+00
2.845901233000660002e-01 1.263683195326887443e+00
2.856306721967313833e-01 1.320664089231499361e+00
2.866712210933967664e-01 1.491202344133824909e+00
2.877117699900621495e-01 1.616187679801615928e+00
2.887523188867275326e-01 1.704557822269023859e+00
2.897928677833929156e-01 1.870745585013477097e+00
2.908334166800582987e-01 1.562838214172806772e+00
2.918739655767236818e-01 1.437191401602721186e+00
2.929145144733890649e-01 1.483772767366122736e+00
2.939550633700544480e-01 1.501402903297982760e+00
2.949956122667198311e-01 1.648730030631966770e+00
2.960361611633852141e-01 1.630952937224932953e+00
2.970767100600505972e-01 1.516310383139273910e+00
2.981172589567159803e-01 1.378805430962557921e+00
2.991578078533813634e-01 1.533102857697670629e+00
3.001983567500468020e-01 1.751690554101852371e+00
3.012389056467121851e-01 1.752920246608571375e+00
3.022794545433775681e-01 1.365614206434617728e+00
3.033200034400429512e-01 1.247987594211217299e+00
3.043605523367083343e-01 1.437936686091461524e+00
3.054011012333737174e-01 1.689160333088377541e+00
3.064416501300391005e-01 1.610232442580734613e+00
3.074821990267044836e-01 1.611742577255448339e+00
3.085227479233698666e-01 1.640728734697947999e+00
3.095632968200352497e-01 1.475395239579672335e+00
3.106038457167006328e-01 1.561885334275345372e+00
3.116443946133660159e-01 1.360067131512384009e+00
3.126849435100313990e-01 1.491411551577307648e+00
3.137254924066967821e-01 1.451912358707151185e+00
3.147660413033621651e-01 1.689059582056401609e+00
3.158065902000275482e-01 1.819899488131266452e+00
3.168471390966929313e-01 1.868501294160012094e+00
3.178876879933583144e-01 1.723868326233247927e+00
3.189282368900236975e-01 1.641008258075938642e+00
3.199687857866890806e-01 1.549709832415814503e+00
3.210093346833544636e-01 1.590111029274982712e+00
3.220498835800198467e-01 1.694408464690987159e+00
3.230904324766852298e-01 1.765611900035342074e+00
3.241309813733506129e-01 1.569712222940733426e+00
3.251715302700159960e-01 1.768810335375292198e+00
3.262120791666813790e-01 1.734054894431974247e+00
3.272526280633467621e-01 1.534440397886555729e+00
3.282931769600121452e-01 1.721655009951135185e+00
3.293337258566775283e-01 1.716710099340126305e+00
3.303742747533429114e-01 1.687898153839157089e+00
3.314148236500082945e-01 1.812686627924897209e+00
3.324553725466736775e-01 1.571880986078920017e+00
3.334959214433390606e-01 1.553769797114650686e+00
3.345364703400044437e-01 1.502947172275348464e+00
3.355770192366698268e-01 1.553906400220384398e+00
3.366175681333352099e-01 1.458750296288378934e+00
3.376581170300005930e-01 1.573073923190271728e+00
3.386986659266659760e-01 1.605803700219230024e+00
3.397392148233313591e-01 1.590034230895433609e+00
3.407797637199967422e-01 1.502737640779979955e+00
3.418203126166621253e-01 1.524607762551660528e+00
3.428608615133275084e-01 1.618995865509713639e+00
3.439014104099928915e-01 1.617073104407761974e+00
3.449419593066582745e-01 1.518919336774398943e+00
3.459825082033236576e-01 1.459556363268397661e+00
3.470230570999890407e-01 1.539193584570956119e+00
3.480636059966544238e-01 1.706569027261647165e+00
3.491041548933198069e-01 1.556843080730764939e+00
3.501447037899851900e-01 1.569997916226029133e+00
3.511852526866505730e-01 1.853540326402995930e+00
3.522258015833159561e-01 1.772120914406848158e+00
3.532663504799813392e-01 1.685792829723123276e+00
3.543068993766467223e-01 1.317204934014345241e+00
3.553474482733121054e-01 1.411868411208185847e+00
3.563879971699774885e-01 1.793600962480557115e+00
3.574285460666428715e-01 1.682723755821687206e+00
3.584690949633082546e-01 1.583553583030791856e+00
3.595096438599736377e-01 1.436496079016048810e+00
3.605501927566390208e-01 1.353438388831168737e+00
3.615907416533044039e-01 1.387666691126632657e+00
3.626312905499697870e-01 1.243973963567750474e+00
3.636718394466351700e-01 1.436081472947098092e+00
3.647123883433005531e-01 1.632630998320607318e+00
3.657529372399659362e-01 1.594562561356863029e+00
3.667934861366313193e-01 1.422921951032535048e+00
3.678340350332967024e-01 1.361671549802078829e+00
3.688745839299620854e-01 1.488741991729394698e+00
3.699151328266274685e-01 1.573227568409237165e+00
3.709556817232928516e-01 1.475565955819433839e+00
3.719962306199582347e-01 1.312322139178554892e+00
3.730367795166236178e-01 1.465482495367318450e+00
3.740773284132890009e-01 1.556978090735668729e+00
3.751178773099543839e-01 1.445904578539181529e+00
3.761584262066197670e-01 1.281784641023918425e+00
3.771989751032851501e-01 1.415673680361518194e+00
3.782395239999505332e-01 1.291554991509936912e+00
3.792800728966159163e-01 1.380662516106220039e+00
3.803206217932812994e-01 1.465300582943559249e+00
3.813611706899466824e-01 1.436693229919029591e+00
3.824017195866120655e-01 1.467675387110759289e+00
3.834422684832774486e-01 1.286274452233836740e+00
3.844828173799428317e-01 1.166612374144477826e+00
3.855233662766082148e-01 1.215889085800082370e+00
3.865639151732735979e-01 1.174277762737375497e+00
3.876044640699389809e-01 1.439527136949706687e+00
3.886450129666043640e-01 1.464675729327630904e+00
3.896855618632697471e-01 1.607249877669755023e+00
3.907261107599351302e-01 1.582900824955640218e+00
3.917666596566005133e-01 1.416634177858096422e+00
3.928072085532658964e-01 1.282366972532880567e+00
3.938477574499312794e-01 1.238155697104950548e+00
3.948883063465966625e-01 1.303106828966466679e+00
3.959288552432620456e-01 1.337166182233122669e+00
3.969694041399274287e-01 1.516879367347581109e+00
3.980099530365928118e-01 1.297690810626022540e+00
3.990505019332581949e-01 1.178333415753897384e+00
4.000910508299235779e-01 1.227250290238796282e+00
4.011315997265889610e-01 1.373338385967986852e+00
4.021721486232543441e-01 1.329268720593606901e+00
4.032126975199197272e-01 1.344999207093717786e+00
4.042532464165851103e-01 1.462198912238953596e+00
4.052937953132504934e-01 1.234350169799387942e+00
4.063343442099158764e-01 1.388280064555345916e+00
4.073748931065812595e-01 1.431642926820693162e+00
4.084154420032466426e-01 1.394994657560641116e+00
4.094559908999120257e-01 1.460292714779690471e+00
4.104965397965774088e-01 1.358353945944635655e+00
4.115370886932427918e-01 1.405070702870769850e+00
4.125776375899081749e-01 1.140696345080652208e+00
4.136181864865735580e-01 1.214560875157037145e+00
4.146587353832389411e-01 1.260962935297950338e+00
4.156992842799043242e-01 1.198064336594352852e+00
4.167398331765697073e-01 1.278521495144289588e+00
4.177803820732350903e-01 1.525798439820739816e+00
4.188209309699004734e-01 1.352329026743692708e+00
4.198614798665658565e-01 1.259936077252888253e+00
4.209020287632312396e-01 1.523526526876988640e+00
4.219425776598966227e-01 1.457797268038032001e+00
4.229831265565620058e-01 1.371461031973044697e+00
4.240236754532273888e-01 1.381140502727898678e+00
4.250642243498927719e-01 1.369381856217973592e+00
4.261047732465581550e-01 1.328248753825171491e+00
4.271453221432235381e-01 1.416766557640439572e+00
4.281858710398889212e-01 1.407438532775984186e+00
4.292264199365543043e-01 1.284793733199066423e+00
4.302669688332196873e-01 1.417878050132280521e+00
4.313075177298850704e-01 1.426645054851338301e+00
4.323480666265504535e-01 1.266539802307171669e+00
4.333886155232158366e-01 1.345957014467529689e+00
4.344291644198812197e-01 1.292511027746982677e+00
4.354697133165466028e-01 1.372380488673798027e+00
4.365102622132119858e-01 1.339309541335147458e+00
4.375508111098773689e-01 1.159551874435258867e+00
4.385913600065427520e-01 1.205875962255110068e+00
4.396319089032081351e-01 1.100835416888308771e+00
4.406724577998735182e-01 1.161425708559089998e+00
4.417130066965389013e-01 1.268945459198121739e+00
4.427535555932042843e-01 1.217066326560267697e+00
4.437941044898696674e-01 1.092836544074266669e+00
4.448346533865350505e-01 1.198805508821266130e+00
4.458752022832004336e-01 1.328940158082264844e+00
4.469157511798658167e-01 1.422491559131405126e+00
4.479563000765311997e-01 1.376493555840156091e+00
4.489968489731965828e-01 1.303816778115788111e+00
4.500373978698619659e-01 1.283119624507648382e+00
4.510779467665273490e-01 1.214235997515039855e+00
4.521184956631927321e-01 1.145486522105322535e+00
4.531590445598581152e-01 1.307712495626134341e+00
4.541995934565234982e-01 1.287429890719671732e+00
4.552401423531888813e-01 1.268930621185678120e+00
4.562806912498542644e-01 1.251089863465075780e+00
4.573212401465196475e-01 1.229857701747931742e+00
4.583617890431850306e-01 1.228075640050910522e+00
4.594023379398504137e-01 1.061762476328318883e+00
4.604428868365157967e-01 9.293171817131806733e-01
4.614834357331811798e-01 1.015922391506986600e+00
4.625239846298465629e-01 1.270427066394805848e+00
4.635645335265119460e-01 1.162842557868835058e+00
4.646050824231773291e-01 1.083566373193352916e+00
4.656456313198427122e-01 1.330684741575325347e+00
4.666861802165080952e-01 1.508999754502454493e+00
4.677267291131734783e-01 1.216560186131307120e+00
4.687672780098388614e-01 1.233705807900864926e+00
4.698078269065042445e-01 1.248298053961107712e+00
4.708483758031696276e-01 1.131991719448656397e+00
4.718889246998350107e-01 1.214747684644990500e+00
4.729294735965003937e-01 1.288770762734174014e+00
4.739700224931657768e-01 1.182720641651780369e+00
4.750105713898311599e-01 1.169608990162487316e+00
4.760511202864965430e-01 1.203152166468235862e+00
4.770916691831619261e-01 1.223334343226142096e+00
4.781322180798273092e-01 1.118774666500286230e+00
4.791727669764926922e-01 1.212084087564889501e+00
4.802133158731580753e-01 1.293076184996799327e+00
4.812538647698234584e-01 1.014644061979424805e+00
4.822944136664888415e-01 1.015001818830437941e+00
4.833349625631542246e-01 1.167952170959974723e+00
4.843755114598196077e-01 1.200699873665996620e+00
4.854160603564849907e-01 1.257947046269890734e+00
4.864566092531503738e-01 1.282614238056975609e+00
4.874971581498157569e-01 1.023620275067063545e+00
4.885377070464811400e-01 1.157235297296477228e+00
4.895782559431465231e-01 1.327490367429593476e+00
4.906188048398119061e-01 1.231287083208144395e+00
4.916593537364772892e-01 1.219355282327409640e+00
4.926999026331426723e-01 1.349170304092229600e+00
4.937404515298080554e-01 1.318736308712079364e+00
4.947810004264734385e-01 1.253030204218678278e+00
4.958215493231388216e-01 1.133884049247313897e+00
4.968620982198042046e-01 1.139635170115891327e+00
4.979026471164695877e-01 1.260965543229797703e+00
4.989431960131349708e-01 1.052760202641188414e+00
4.999837449098003539e-01 8.902780696297014629e-01
5.010242938064657370e-01 1.015516699452145843e+00
5.020648427031311201e-01 1.189154181705053048e+00
5.031053915997965031e-01 1.222308051739751988e+00
5.041459404964618862e-01 1.257349300384738910e+00
5.051864893931272693e-01 1.226940126304508993e+00
5.062270382897926524e-01 1.135540212793639370e+00
5.072675871864580355e-01 1.140303703311996486e+00
5.083081360831234186e-01 1.096843177248423729e+00
5.093486849797888016e-01 1.072237568978945177e+00
5.103892338764541847e-01 1.131186842550807370e+00
5.114297827731195678e-01 1.089734241088372357e+00
5.124703316697849509e-01 1.030910844610293253e+00
5.135108805664503340e-01 1.120527595355206074e+00
5.145514294631157171e-01 1.125742965118515571e+00
5.155919783597811001e-01 1.110540777739196017e+00
5.166325272564464832e-01 1.122434427375850419e+00
5.176730761531118663e-01 1.145302654358804517e+00
5.187136250497772494e-01 1.165609526819796571e+00
5.197541739464426325e-01 1.145894628671960902e+00
5.207947228431080156e-01 1.151551473962722838e+00
5.218352717397733986e-01 1.141270932517386427e+00
5.228758206364387817e-01 1.011235470021269123e+00
5.239163695331041648e-01 1.044218785094095381e+00
5.249569184297695479e-01 9.360881755513688063e-01
5.259974673264349310e-01 9.396546906618006290e-01
5.270380162231003141e-01 1.102233811393773522e+00
5.280785651197656971e-01 1.039345261157674116e+00
5.291191140164310802e-01 1.141011612891968952e+00
5.301596629130964633e-01 1.194611652737968654e+00
5.312002118097618464e-01 1.095575509739212805e+00
5.322407607064272295e-01 9.191943594573999121e-01
5.332813096030926125e-01 8.914102803652781404e-01
5.343218584997581067e-01 9.613139689809067079e-01
5.353624073964233787e-01 9.195538634813082979e-01
5.364029562930888728e-01 1.042976681591319732e+00
5.374435051897541449e-01 9.746533810959157051e-01
5.384840540864196390e-01 1.153648342674191696e+00
5.395246029830849110e-01 1.186913462416182341e+00
5.405651518797504052e-01 1.081745949569459242e+00
5.416057007764156772e-01 1.061623288085154826e+00
5.426462496730811713e-01 9.233718480554777841e-01
5.436867985697464434e-01 1.026391182860940887e+00
5.447273474664119375e-01 9.400000904354648412e-01
5.457678963630772095e-01 9.156826616956088571e-01
5.468084452597427036e-01 8.522044531674914936e-01
5.478489941564079757e-01 9.016690136011540346e-01
5.488895430530734698e-01 9.939017626112374160e-01
5.499300919497387419e-01 9.485600848663473528e-01
5.509706408464042360e-01 8.365592732660829256e-01
5.520111897430695080e-01 9.134948033967873471e-01
5.530517386397350021e-01 9.887947054308128259e-01
5.540922875364002742e-01 9.366133794835498350e-01
5.551328364330657683e-01 8.392437852804981446e-01
5.561733853297310404e-01 8.630117916184047999e-01
5.572139342263965345e-01 9.840098967066417401e-01
5.582544831230618065e-01 9.354119719859710358e-01
5.592950320197273006e-01 1.090077561728772793e+00
5.603355809163925727e-01 1.109567983297392146e+00
5.613761298130580668e-01 8.530420326861758440e-01
5.624166787097233389e-01 7.648003219336096947e-01
5.634572276063888330e-01 8.101094726818587333e-01
5.644977765030541050e-01 1.006975594244821082e+00
5.655383253997195991e-01 1.068612758938645158e+00
5.665788742963848712e-01 9.166348622153854819e-01
5.676194231930503653e-01 8.714572360610866042e-01
5.686599720897156374e-01 9.625226786887708386e-01
5.697005209863811315e-01 1.045361093550496889e+00
5.707410698830464035e-01 8.651582053641604375e-01
5.717816187797118976e-01 8.565103538059233301e-01
5.728221676763771697e-01 8.715656627137491341e-01
5.738627165730426638e-01 7.733638491236902723e-01
5.749032654697079359e-01 6.853018379183453135e-01
5.759438143663734300e-01 6.773609428499938190e-01
5.769843632630387020e-01 8.144230398290979167e-01
5.780249121597041961e-01 9.696476296813152373e-01
5.790654610563694682e-01 8.494908594798360468e-01
5.801060099530349623e-01 8.898119771371000297e-01
5.811465588497002344e-01 7.723844198105069836e-01
5.821871077463657285e-01 9.101136154717437421e-01
5.832276566430310005e-01 8.991991550342817163e-01
5.842682055396964946e-01 8.607080591204585573e-01
5.853087544363617667e-01 7.617292817368621627e-01
5.863493033330272608e-01 7.886010688379769817e-01
5.873898522296925329e-01 8.978930758486711738e-01
5.884304011263580270e-01 8.462804997547692665e-01
5.894709500230232990e-01 8.965972542244706744e-01
5.905114989196887931e-01 7.839352899982188205e-01
5.915520478163540652e-01 8.087324941607292317e-01
5.925925967130195593e-01 8.603112503578778103e-01
5.936331456096848314e-01 8.288385993946896235e-01
5.946736945063503255e-01 8.082281647865485752e-01
5.957142434030155975e-01 8.939016190577184773e-01
5.967547922996810916e-01 9.657886474524914888e-01
5.977953411963463637e-01 9.034956867599390762e-01
5.988358900930118578e-01 7.647330384259376501e-01
5.998764389896771299e-01 8.066888785023920150e-01
