# q (1/Angstrom), Intensity (arb)
2.029070354705860696e-02 4.865210332536321403e+00
2.133125244372399004e-02 3.450103705184545788e+00
2.237180134038937659e-02 2.553526601622564840e+00
2.341235023705475968e-02 1.641927260974171077e+00
2.445289913372014276e-02 1.801913550102000272e+00
2.549344803038552584e-02 2.759974898946595090e+00
2.653399692705091240e-02 2.555559594196253670e+00
2.757454582371629548e-02 0.000000000000000000e+00
2.861509472038167856e-02 1.310317882308837056e+00
2.965564361704706164e-02 2.169177172234029172e+00
3.069619251371244473e-02 3.399182089188414579e+00
3.173674141037782781e-02 3.768361958309291992e+00
3.277729030704321089e-02 3.751357619866467985e+00
3.381783920370859398e-02 3.507234181128978889e+00
3.485838810037397706e-02 3.897302267086359961e+00
3.589893699703936014e-02 4.378838091957568679e+00
3.693948589370474322e-02 4.423319762441806802e+00
3.798003479037012631e-02 5.248009043345298608e+00
3.902058368703550939e-02 4.948003812122216516e+00
4.006113258370089247e-02 5.634153106386847298e+00
4.110168148036627556e-02 5.872163579608184136e+00
4.214223037703165864e-02 6.006145280346594006e+00
4.318277927369704866e-02 5.618033416906225597e+00
4.422332817036243174e-02 5.196862374549397146e+00
4.526387706702781483e-02 5.420894372623315860e+00
4.630442596369319791e-02 5.544109428326798650e+00
4.734497486035858099e-02 6.012025833523317431e+00
4.838552375702396408e-02 6.300427262079487889e+00
4.942607265368934716e-02 6.628950547367740143e+00
5.046662155035473024e-02 6.310464802859570455e+00
5.150717044702011332e-02 6.264121348285463853e+00
5.254771934368549641e-02 6.519369595012939556e+00
5.358826824035087949e-02 6.855804082056231152e+00
5.462881713701626257e-02 5.997019166493970488e+00
5.566936603368164566e-02 6.104555652382984476e+00
5.670991493034702874e-02 6.424492158761179184e+00
5.775046382701241182e-02 6.866835142821482663e+00
5.879101272367779490e-02 6.163308884897087836e+00
5.983156162034317799e-02 6.134296776130387485e+00
6.087211051700856107e-02 6.233412997249669019e+00
6.191265941367394415e-02 6.449848279922360206e+00
6.295320831033933417e-02 6.480695415022381667e+00
6.399375720700471726e-02 6.496968027994892481e+00
6.503430610367010034e-02 6.461963481005319920e+00
6.607485500033548342e-02 6.080338194141674535e+00
6.711540389700086651e-02 6.337782394027396293e+00
6.815595279366624959e-02 6.549278690110199364e+00
6.919650169033163267e-02 6.309167487314507383e+00
7.023705058699701576e-02 6.589244100672697613e+00
7.127759948366239884e-02 6.753632592566759740e+00
7.231814838032778192e-02 6.584050846790788114e+00
7.335869727699316500e-02 6.852944326157285104e+00
7.439924617365854809e-02 6.493334459273057746e+00
7.543979507032393117e-02 6.434894370722631152e+00
7.648034396698931425e-02 6.059358564831033078e+00
7.752089286365469734e-02 5.997219614780355812e+00
7.856144176032008042e-02 6.221078625439883325e+00
7.960199065698546350e-02 6.283705398268480735e+00
8.064253955365084658e-02 6.162856170750302454e+00
8.168308845031622967e-02 6.517622348443129709e+00
8.272363734698161275e-02 6.103528767168846514e+00
8.376418624364699583e-02 6.104015028296302603e+00
8.480473514031239279e-02 6.458812700690064190e+00
8.584528403697777588e-02 6.180615921865328488e+00
8.688583293364315896e-02 5.805808111143079486e+00
8.792638183030854204e-02 6.020375497007272259e+00
8.896693072697392513e-02 5.967522741736782876e+00
9.000747962363930821e-02 5.907573171927008815e+00
9.104802852030469129e-02 6.012947655458592777e+00
9.208857741697007437e-02 5.928341476668972376e+00
9.312912631363545746e-02 5.938223454526262657e+00
9.416967521030084054e-02 6.272620493838026334e+00
9.521022410696622362e-02 6.675508307513204898e+00
9.625077300363160671e-02 6.370094341866970211e+00
9.729132190029698979e-02 6.000939947041871392e+00
9.833187079696237287e-02 5.957193692034522314e+00
9.937241969362775595e-02 6.037117647553213118e+00
1.004129685902931390e-01 6.304961008674080603e+00
1.014535174869585221e-01 6.312133921055021801e+00
1.024940663836239052e-01 6.244820847173791378e+00
1.035346152802892883e-01 6.222148956059516678e+00
1.045751641769546714e-01 5.939623971242763645e+00
1.056157130736200545e-01 6.016942444619161279e+00
1.066562619702854375e-01 6.029595930911813895e+00
1.076968108669508206e-01 5.894234264061275042e+00
1.087373597636162037e-01 6.027420645260122001e+00
1.097779086602815868e-01 6.065923988303030256e+00
1.108184575569469699e-01 5.893888596219337472e+00
1.118590064536123529e-01 5.991656767138856310e+00
1.128995553502777360e-01 6.214227715095461235e+00
1.139401042469431191e-01 5.992395811811572770e+00
1.149806531436085022e-01 5.791148361715350745e+00
1.160212020402738853e-01 5.793646448962608275e+00
1.170617509369392684e-01 5.859462761633839278e+00
1.181022998336046514e-01 5.882888790840723914e+00
1.191428487302700345e-01 6.008529275680015047e+00
1.201833976269354176e-01 5.834632239143903831e+00
1.212239465236008007e-01 6.074729657559295504e+00
1.222644954202661838e-01 6.055616342897756965e+00
1.233050443169315669e-01 5.841792907435824134e+00
1.243455932135969499e-01 6.053395407963726882e+00
1.253861421102623330e-01 6.300262130845556641e+00
1.264266910069277161e-01 6.094485355216196609e+00
1.274672399035930992e-01 6.150675734257603722e+00
1.285077888002584823e-01 6.087508837717940935e+00
1.295483376969238654e-01 5.942466992219117117e+00
1.305888865935892484e-01 6.128018487757319832e+00
1.316294354902546315e-01 5.920944273258974988e+00
1.326699843869200146e-01 5.905958179468594693e+00
1.337105332835853977e-01 5.914519813020003625e+00
1.347510821802507808e-01 5.739903430900813674e+00
1.357916310769161639e-01 5.900447536413601313e+00
1.368321799735815469e-01 5.532730324758546203e+00
1.378727288702469300e-01 5.972468264248142589e+00
1.389132777669123131e-01 5.671329260253983762e+00
1.399538266635776962e-01 5.653619682577435412e+00
1.409943755602430793e-01 5.814557937292065048e+00
1.420349244569084624e-01 5.892458754893741713e+00
1.430754733535738454e-01 6.068025085760773152e+00
1.441160222502392285e-01 5.922562183356642862e+00
1.451565711469046116e-01 5.952980378374974180e+00
1.461971200435699947e-01 5.845629725190441661e+00
1.472376689402353778e-01 5.758239328130482448e+00
1.482782178369007609e-01 5.748655543115237521e+00
1.493187667335661439e-01 5.962769673351537847e+00
1.503593156302315270e-01 5.988083400037176318e+00
1.513998645268969101e-01 5.674479397611939646e+00
1.524404134235622932e-01 5.634108075713641028e+00
1.534809623202276763e-01 5.661261826385906915e+00
1.545215112168930593e-01 6.017408981423113090e+00
1.555620601135584424e-01 5.951438152917923219e+00
1.566026090102238255e-01 5.731397165641237024e+00
1.576431579068892086e-01 5.785306756936808625e+00
1.586837068035545917e-01 5.533402096930963410e+00
1.597242557002199748e-01 5.597735108545403904e+00
1.607648045968853578e-01 5.604561084050182274e+00
1.618053534935507409e-01 6.042768155652556317e+00
1.628459023902161240e-01 5.869126035009969655e+00
1.638864512868815071e-01 5.474218880184963609e+00
1.649270001835468902e-01 5.633182332779274049e+00
1.659675490802122733e-01 5.702912420713623476e+00
1.670080979768776563e-01 5.599736417784150433e+00
1.680486468735430672e-01 5.772030186604634849e+00
1.690891957702084503e-01 5.647617499852021439e+00
1.701297446668738333e-01 5.423528393541104720e+00
1.711702935635392164e-01 5.830468117694135088e+00
1.722108424602045995e-01 6.026418985501130976e+00
1.732513913568699826e-01 5.735912646195874487e+00
1.742919402535353657e-01 5.793277978905251757e+00
1.753324891502007488e-01 5.672812212480057070e+00
1.763730380468661318e-01 5.730332926367989188e+00
1.774135869435315149e-01 5.722827386785549919e+00
1.784541358401968980e-01 5.759309529770813896e+00
1.794946847368622811e-01 5.802733318670117768e+00
1.805352336335276642e-01 5.831051138229128128e+00
1.815757825301930473e-01 6.141094665489902127e+00
1.826163314268584303e-01 6.129981056234196757e+00
1.836568803235238134e-01 5.884631502243831136e+00
1.846974292201891965e-01 5.628424945353238229e+00
1.857379781168545796e-01 5.679491900607761323e+00
1.867785270135199627e-01 5.514981723726208429e+00
1.878190759101853458e-01 5.782951968096437412e+00
1.888596248068507288e-01 5.785580095546610124e+00
1.899001737035161119e-01 5.648063100128045022e+00
1.909407226001814950e-01 5.691833646732444407e+00
1.919812714968468781e-01 5.795349375599080588e+00
1.930218203935122612e-01 5.747841255201539212e+00
1.940623692901776443e-01 5.787431505437790946e+00
1.951029181868430273e-01 5.817704544254667098e+00
1.961434670835084104e-01 5.675114112833352209e+00
1.971840159801737935e-01 5.484045205155759106e+00
1.982245648768391766e-01 5.603990036735005731e+00
1.992651137735045597e-01 5.954820055412280766e+00
2.003056626701699428e-01 5.716816996227784387e+00
2.013462115668353813e-01 5.837052258059340915e+00
2.023867604635007644e-01 5.884587968334280106e+00
2.034273093601661475e-01 6.065168192125682367e+00
2.044678582568315306e-01 5.719761929255689381e+00
2.055084071534969137e-01 5.596697430440244148e+00
2.065489560501622968e-01 5.635912732819651438e+00
2.075895049468276798e-01 5.802326140261669707e+00
2.086300538434930629e-01 5.633671133045471180e+00
2.096706027401584460e-01 5.841631340930440786e+00
2.107111516368238291e-01 5.698840712213272042e+00
2.117517005334892122e-01 5.613248656394375757e+00
2.127922494301545953e-01 5.794533873511927169e+00
2.138327983268199783e-01 5.691799065368435606e+00
2.148733472234853614e-01 5.709144452905022149e+00
2.159138961201507445e-01 5.627387078576788326e+00
2.169544450168161276e-01 5.889527169028834663e+00
2.179949939134815107e-01 5.966102147730335759e+00
2.190355428101468938e-01 5.856255304311606125e+00
2.200760917068122768e-01 5.873612278745422799e+00
2.211166406034776599e-01 5.803479699556145732e+00
2.221571895001430430e-01 5.568541392895340891e+00
2.231977383968084261e-01 5.340019455625377276e+00
2.242382872934738092e-01 5.562229059213333215e+00
2.252788361901391923e-01 5.541233833517225094e+00
2.263193850868045753e-01 5.843663842386327190e+00
2.273599339834699584e-01 5.931848091399729128e+00
2.284004828801353415e-01 5.627124087958478071e+00
2.294410317768007246e-01 5.563558801508751372e+00
2.304815806734661077e-01 5.710608129096993224e+00
2.315221295701314908e-01 5.739506003563953129e+00
2.325626784667968738e-01 5.575684987312687468e+00
2.336032273634622569e-01 5.470916128346942742e+00
2.346437762601276400e-01 5.500434939273105783e+00
2.356843251567930231e-01 5.828907564118434692e+00
2.367248740534584062e-01 5.771153366875452662e+00
2.377654229501237892e-01 5.608410926461743884e+00
2.388059718467891723e-01 5.549419706783158546e+00
2.398465207434545554e-01 5.705834687425006990e+00
2.408870696401199385e-01 5.636751965750068649e+00
2.419276185367853216e-01 5.968553609318295372e+00
2.429681674334507047e-01 6.142863670279691490e+00
2.440087163301160877e-01 5.900112754124837267e+00
2.450492652267814708e-01 5.709986034287240386e+00
2.460898141234468539e-01 5.585004768148461807e+00
2.471303630201122370e-01 5.417401582826421702e+00
2.481709119167776201e-01 5.495007131846566750e+00
2.492114608134430032e-01 5.662662283169883182e+00
2.502520097101083585e-01 5.742625585764287166e+00
2.512925586067737416e-01 5.663397942687875997e+00
2.523331075034391247e-01 5.632684203277566581e+00
2.533736564001045077e-01 5.715771330766344249e+00
2.544142052967698908e-01 5.807819486253006147e+00
2.554547541934352739e-01 5.568643049320925797e+00
2.564953030901006570e-01 5.718087494087512823e+00
2.575358519867660401e-01 5.772431325245737099e+00
2.585764008834314231e-01 5.701939701605486022e+00
2.596169497800968062e-01 5.849261190109437791e+00
2.606574986767621893e-01 5.805880885487308518e+00
2.616980475734275724e-01 5.876264065556895844e+00
2.627385964700929555e-01 5.689213162128151424e+00
2.637791453667583386e-01 5.618911783581506114e+00
2.648196942634237216e-01 5.843072739393978310e+00
2.658602431600891047e-01 5.789043967690844283e+00
2.669007920567544878e-01 5.655550149543543625e+00
2.679413409534198709e-01 5.714303214098521266e+00
2.689818898500852540e-01 5.527893928808488511e+00
2.700224387467506371e-01 5.433292622587977405e+00
2.710629876434160201e-01 5.401202998578341408e+00
2.721035365400814032e-01 5.472618697879386929e+00
2.731440854367467863e-01 5.685038776693488671e+00
2.741846343334121694e-01 5.787670253246758989e+00
2.752251832300775525e-01 5.672373341613102582e+00
2.762657321267429356e-01 5.585248363454972775e+00
2.773062810234083186e-01 5.664046173079892554e+00
2.783468299200737017e-01 5.667700451914779336e+00
2.793873788167390848e-01 5.551412490115691156e+00
2.804279277134044679e-01 5.538127276445582226e+00
2.814684766100698510e-01 5.654203836104183978e+00
2.825090255067352341e-01 5.912257112954161897e+00
2.835495744034006171e-01 5.761674966854524627e+00
2.845901233000660002e-01 5.812019097526928135e+00
2.856306721967313833e-01 5.456601528748116436e+00
2.866712210933967664e-01 5.518727108380289792e+00
2.877117699900621495e-01 5.746249075305303933e+00
2.887523188867275326e-01 5.567719906099256377e+00
2.897928677833929156e-01 5.458839578052476327e+00
2.908334166800582987e-01 5.578749043472708280e+00
2.918739655767236818e-01 5.768202786610093113e+00
2.929145144733890649e-01 5.677127009640592803e+00
2.939550633700544480e-01 5.735410781864050733e+00
2.949956122667198311e-01 5.682813446832476245e+00
2.960361611633852141e-01 5.660476201509528238e+00
2.970767100600505972e-01 5.637545728746356843e+00
2.981172589567159803e-01 5.657360881216249027e+00
2.991578078533813634e-01 5.605394535412393964e+00
3.001983567500468020e-01 5.495551438007751699e+00
3.012389056467121851e-01 5.562535887006266222e+00
3.022794545433775681e-01 5.563971430851484712e+00
3.033200034400429512e-01 5.649326151575582600e+00
3.043605523367083343e-01 5.838072039596582385e+00
3.054011012333737174e-01 5.877610244993675792e+00
3.064416501300391005e-01 5.711720853675668508e+00
3.074821990267044836e-01 5.590178201453465334e+00
3.085227479233698666e-01 5.582787328991301479e+00
3.095632968200352497e-01 5.572614486834243763e+00
3.106038457167006328e-01 5.461540213939414912e+00
3.116443946133660159e-01 5.606468627136464988e+00
3.126849435100313990e-01 5.722913245417181827e+00
3.137254924066967821e-01 5.724673369044566584e+00
3.147660413033621651e-01 5.696335440215559487e+00
3.158065902000275482e-01 5.666856102176424770e+00
3.168471390966929313e-01 5.645799617301495488e+00
3.178876879933583144e-01 5.445756908438813326e+00
3.189282368900236975e-01 5.498980554278453781e+00
3.199687857866890806e-01 5.598296516626870556e+00
3.210093346833544636e-01 5.591659497233795406e+00
3.220498835800198467e-01 5.537037231159295914e+00
3.230904324766852298e-01 5.592442880756390622e+00
3.241309813733506129e-01 5.511637641324060866e+00
3.251715302700159960e-01 5.758835902400086582e+00
3.262120791666813790e-01 5.855009964021910207e+00
3.272526280633467621e-01 5.790246068775601884e+00
3.282931769600121452e-01 5.791422502617724177e+00
3.293337258566775283e-01 5.720020792931666875e+00
3.303742747533429114e-01 5.811809506869511921e+00
3.314148236500082945e-01 5.519840508024980608e+00
3.324553725466736775e-01 5.473377808009189494e+00
3.334959214433390606e-01 5.573100355135331085e+00
3.345364703400044437e-01 5.406000833881098089e+00
3.355770192366698268e-01 5.553236809188675238e+00
3.366175681333352099e-01 5.666175646811741018e+00
3.376581170300005930e-01 5.842330253404266927e+00
3.386986659266659760e-01 5.749278137262017196e+00
3.397392148233313591e-01 5.634747533325995761e+00
3.407797637199967422e-01 5.525727469413677539e+00
3.418203126166621253e-01 5.488532324733611745e+00
3.428608615133275084e-01 5.693561288461559400e+00
3.439014104099928915e-01 5.632799477781976094e+00
3.449419593066582745e-01 5.610791904025969501e+00
3.459825082033236576e-01 5.696726442590584583e+00
3.470230570999890407e-01 5.729655436402865121e+00
3.480636059966544238e-01 5.713164020096517248e+00
3.491041548933198069e-01 5.632124284068694919e+00
3.501447037899851900e-01 5.678007539318439711e+00
3.511852526866505730e-01 5.966326665914515104e+00
3.522258015833159561e-01 5.605160332281545976e+00
3.532663504799813392e-01 5.593224385205409988e+00
3.543068993766467223e-01 5.685375050178162581e+00
3.553474482733121054e-01 5.708513625212820131e+00
3.563879971699774885e-01 5.690096060028334790e+00
3.574285460666428715e-01 5.529447990532943891e+00
3.584690949633082546e-01 5.783694152355661089e+00
3.595096438599736377e-01 5.634561960433543959e+00
3.605501927566390208e-01 5.496234904192203174e+00
3.615907416533044039e-01 5.556511612087422947e+00
3.626312905499697870e-01 5.589331034929269748e+00
3.636718394466351700e-01 5.573270105430690791e+00
3.647123883433005531e-01 5.635145991160332102e+00
3.657529372399659362e-01 5.648126884880518617e+00
3.667934861366313193e-01 5.435078419462065824e+00
3.678340350332967024e-01 5.470808054054391079e+00
3.688745839299620854e-01 5.554122591213484839e+00
3.699151328266274685e-01 5.459248390143418561e+00
3.709556817232928516e-01 5.521319600659396087e+00
3.719962306199582347e-01 5.379079529741620291e+00
3.730367795166236178e-01 5.403858923542223636e+00
3.740773284132890009e-01 5.384399040648666812e+00
3.751178773099543839e-01 5.538591798267734845e+00
3.761584262066197670e-01 5.753432632371897171e+00
3.771989751032851501e-01 5.828908076750181522e+00
3.782395239999505332e-01 5.779540814593161713e+00
3.792800728966159163e-01 5.722595834299418982e+00
3.803206217932812994e-01 5.648669434186324168e+00
3.813611706899466824e-01 5.318602823438073557e+00
3.824017195866120655e-01 5.242552752927018389e+00
3.834422684832774486e-01 5.398352042507198689e+00
3.844828173799428317e-01 5.523734534493360826e+00
3.855233662766082148e-01 5.254807108955890982e+00
3.865639151732735979e-01 5.239406502046630720e+00
3.876044640699389809e-01 5.433807996653182926e+00
3.886450129666043640e-01 5.682083154301839301e+00
3.896855618632697471e-01 5.755931547406639481e+00
3.907261107599351302e-01 5.654441454218037677e+00
3.917666596566005133e-01 5.696584792453091239e+00
3.928072085532658964e-01 5.810688684929594672e+00
3.938477574499312794e-01 5.610359622197837126e+00
3.948883063465966625e-01 5.546725832583678795e+00
3.959288552432620456e-01 5.477584500992957572e+00
3.969694041399274287e-01 5.450541360815211789e+00
3.980099530365928118e-01 5.704374625249013064e+00
3.990505019332581949e-01 5.557964026989072437e+00
4.000910508299235779e-01 5.714710090090299843e+00
4.011315997265889610e-01 5.578208317029726970e+00
4.021721486232543441e-01 5.463443303212237367e+00
4.032126975199197272e-01 5.568150691573947597e+00
4.042532464165851103e-01 5.406616954060176283e+00
4.052937953132504934e-01 5.450769383894240150e+00
4.063343442099158764e-01 5.528791570676926170e+00
4.073748931065812595e-01 5.504858081077042442e+00
4.084154420032466426e-01 5.505412989587746608e+00
4.094559908999120257e-01 5.454885913098848960e+00
4.104965397965774088e-01 5.452291902187859307e+00
4.115370886932427918e-01 5.477228313650172709e+00
4.125776375899081749e-01 5.383301377716801284e+00
4.136181864865735580e-01 5.453455779643679335e+00
4.146587353832389411e-01 5.527666533971203222e+00
4.156992842799043242e-01 5.367274054415403839e+00
4.167398331765697073e-01 5.358270986586575191e+00
4.177803820732350903e-01 5.501202505035426071e+00
4.188209309699004734e-01 5.589004667646744196e+00
4.198614798665658565e-01 5.473587307975353866e+00
4.209020287632312396e-01 5.453524282237541598e+00
4.219425776598966227e-01 5.402410387180470508e+00
4.229831265565620058e-01 5.402311409713810519e+00
4.240236754532273888e-01 5.389055609246348411e+00
4.250642243498927719e-01 5.540002276947760151e+00
4.261047732465581550e-01 5.663230140175375737e+00
4.271453221432235381e-01 5.724889650548902864e+00
4.281858710398889212e-01 5.650716905410011037e+00
4.292264199365543043e-01 5.481646225674609241e+00
4.302669688332196873e-01 5.504484076475964827e+00
4.313075177298850704e-01 5.452380235470446479e+00
4.323480666265504535e-01 5.405402144193953262e+00
4.333886155232158366e-01 5.428581413221749585e+00
4.344291644198812197e-01 5.529074780143190537e+00
4.354697133165466028e-01 5.602717135956144290e+00
4.365102622132119858e-01 5.550781008742774247e+00
4.375508111098773689e-01 5.415075439993820794e+00
4.385913600065427520e-01 5.321503560143707290e+00
4.396319089032081351e-01 5.509976915246671325e+00
4.406724577998735182e-01 5.579548980908317191e+00
4.417130066965389013e-01 5.506040598236509709e+00
4.427535555932042843e-01 5.285558282980503009e+00
4.437941044898696674e-01 5.265870237942898768e+00
4.448346533865350505e-01 5.259745730444404188e+00
4.458752022832004336e-01 5.367254035361181508e+00
4.469157511798658167e-01 5.414873618178198456e+00
4.479563000765311997e-01 5.405028743320499984e+00
4.489968489731965828e-01 5.375896701924229859e+00
4.500373978698619659e-01 5.338137415991887735e+00
4.510779467665273490e-01 5.274852143388315540e+00
4.521184956631927321e-01 5.323339929286703409e+00
4.531590445598581152e-01 5.273769528204407919e+00
4.541995934565234982e-01 5.351158333655021693e+00
4.552401423531888813e-01 5.532176901460193363e+00
4.562806912498542644e-01 5.339854942610877231e+00
4.573212401465196475e-01 5.314598833277315748e+00
4.583617890431850306e-01 5.308357246830272658e+00
4.594023379398504137e-01 5.333962379304242774e+00
4.604428868365157967e-01 5.239350311947145400e+00
4.614834357331811798e-01 5.215154523313607626e+00
4.625239846298465629e-01 5.323868969694483866e+00
4.635645335265119460e-01 5.405910379937669319e+00
4.646050824231773291e-01 5.462293999201698114e+00
4.656456313198427122e-01 5.516833253573807383e+00
4.666861802165080952e-01 5.505004658101888992e+00
4.677267291131734783e-01 5.460792873254735724e+00
4.687672780098388614e-01 5.303924171004101851e+00
4.698078269065042445e-01 5.381408448045736037e+00
4.708483758031696276e-01 5.487702420755280031e+00
4.718889246998350107e-01 5.314137310964163419e+00
4.729294735965003937e-01 5.202944527132068231e+00
4.739700224931657768e-01 5.198182124336998555e+00
4.750105713898311599e-01 5.297273288059077601e+00
4.760511202864965430e-01 5.406583025356937355e+00
4.770916691831619261e-01 5.332560573178842134e+00
4.781322180798273092e-01 5.283772767216106558e+00
4.791727669764926922e-01 5.253990896677066758e+00
4.802133158731580753e-01 5.286049766410339856e+00
4.812538647698234584e-01 5.315699078224795926e+00
4.822944136664888415e-01 5.300618433520508432e+00
4.833349625631542246e-01 5.325242766025098717e+00
4.843755114598196077e-01 5.309917394803253643e+00
4.854160603564849907e-01 5.254219781382648335e+00
4.864566092531503738e-01 5.196727706055199292e+00
4.874971581498157569e-01 5.246193294056698875e+00
4.885377070464811400e-01 5.288325391413398080e+00
4.895782559431465231e-01 5.161264840172282931e+00
4.906188048398119061e-01 5.200208370882272391e+00
4.916593537364772892e-01 5.205056614352709943e+00
4.926999026331426723e-01 5.183198966645580441e+00
4.937404515298080554e-01 5.196063900474687358e+00
4.947810004264734385e-01 5.268750339183565501e+00
4.958215493231388216e-01 5.351137770160548257e+00
4.968620982198042046e-01 5.341989458832614446e+00
4.979026471164695877e-01 5.397616150247685596e+00
4.989431960131349708e-01 5.333623440899344814e+00
4.999837449098003539e-01 5.352891536054873001e+00
5.010242938064657370e-01 5.309627372997205441e+00
5.020648427031311201e-01 5.247604068256173093e+00
5.031053915997965031e-01 5.284678204155905945e+00
5.041459404964618862e-01 5.176743598280680203e+00
5.051864893931272693e-01 5.156346402432170350e+00
5.062270382897926524e-01 5.298813428044340412e+00
5.072675871864580355e-01 5.378625649045563506e+00
5.083081360831234186e-01 5.269034345499584049e+00
5.093486849797888016e-01 5.205741340004035322e+00
5.103892338764541847e-01 5.230144634194264341e+00
5.114297827731195678e-01 5.186912472461482793e+00
5.124703316697849509e-01 5.209702944093081101e+00
5.135108805664503340e-01 5.207897356429345592e+00
5.145514294631157171e-01 5.166004668417965462e+00
5.155919783597811001e-01 5.231450963414481237e+00
5.166325272564464832e-01 5.262124783960484109e+00
5.176730761531118663e-01 5.173089270659950500e+00
5.187136250497772494e-01 5.220399349758835683e+00
5.197541739464426325e-01 5.121496019261062571e+00
5.207947228431080156e-01 5.099248928135004633e+00
5.218352717397733986e-01 5.157752962074678038e+00
5.228758206364387817e-01 5.276166113272811486e+00
5.239163695331041648e-01 5.301371731416608668e+00
5.249569184297695479e-01 5.235619219477619879e+00
5.259974673264349310e-01 5.251595551993048616e+00
5.270380162231003141e-01 5.087986461339980337e+00
5.280785651197656971e-01 5.210253271427649935e+00
5.291191140164310802e-01 5.133304179313469717e+00
5.301596629130964633e-01 5.100428448151674843e+00
5.312002118097618464e-01 4.979979687050260395e+00
5.322407607064272295e-01 5.030481946884549416e+00
5.332813096030926125e-01 5.066933250126858468e+00
5.343218584997581067e-01 5.104950638691665432e+00
5.353624073964233787e-01 5.115962340900452432e+00
5.364029562930888728e-01 5.094217872820820503e+00
5.374435051897541449e-01 5.015333259054184367e+00
5.384840540864196390e-01 4.945684181224649478e+00
5.395246029830849110e-01 5.006611964496325839e+00
5.405651518797504052e-01 5.055177574998694467e+00
5.416057007764156772e-01 5.036673058695903649e+00
5.426462496730811713e-01 5.175348386851354121e+00
5.436867985697464434e-01 5.113567323270292064e+00
5.447273474664119375e-01 5.102988676979872906e+00
5.457678963630772095e-01 5.035928368223348883e+00
5.468084452597427036e-01 4.946410816179987791e+00
5.478489941564079757e-01 4.859866105427180116e+00
5.488895430530734698e-01 4.878067936793879511e+00
5.499300919497387419e-01 4.997458547727163136e+00
5.509706408464042360e-01 5.111925570510130967e+00
5.520111897430695080e-01 5.175297921331775797e+00
5.530517386397350021e-01 5.054996025497061396e+00
5.540922875364002742e-01 5.049398491399863076e+00
5.551328364330657683e-01 5.075622585095555195e+00
5.561733853297310404e-01 5.037138593048084090e+00
5.572139342263965345e-01 4.934289023102788718e+00
5.582544831230618065e-01 4.877590994974713823e+00
5.592950320197273006e-01 4.877241217919223715e+00
5.603355809163925727e-01 4.999874235560113789e+00
5.613761298130580668e-01 5.109279344677059242e+00
5.624166787097233389e-01 5.022741070042087586e+00
5.634572276063888330e-01 4.898364084080149894e+00
5.644977765030541050e-01 4.905618163704659196e+00
5.655383253997195991e-01 4.864023039532813897e+00
5.665788742963848712e-01 4.846072907427149801e+00
5.676194231930503653e-01 4.933290514901145229e+00
5.686599720897156374e-01 4.967149128612085462e+00
5.697005209863811315e-01 4.931647106353452159e+00
5.707410698830464035e-01 4.960736002713542092e+00
5.717816187797118976e-01 4.886504891336365120e+00
5.728221676763771697e-01 4.864447753064322200e+00
5.738627165730426638e-01 4.926319325878441902e+00
5.749032654697079359e-01 4.901789722666361371e+00
5.759438143663734300e-01 4.866618209141172713e+00
5.769843632630387020e-01 4.797622422384748120e+00
5.780249121597041961e-01 4.830263831701110178e+00
5.790654610563694682e-01 4.805477979328948379e+00
5.801060099530349623e-01 4.944153528519848351e+00
5.811465588497002344e-01 4.926205549925853688e+00
5.821871077463657285e-01 4.913006732738068649e+00
5.832276566430310005e-01 4.857341490806156514e+00
5.842682055396964946e-01 4.778713422095705710e+00
5.853087544363617667e-01 4.766192182416823186e+00
5.863493033330272608e-01 4.670995494241260815e+00
5.873898522296925329e-01 4.677620424752319650e+00
5.884304011263580270e-01 4.795596945396823685e+00
5.894709500230232990e-01 4.745154233761155638e+00
5.905114989196887931e-01 4.613431085325931491e+00
5.915520478163540652e-01 4.622875457865525561e+00
5.925925967130195593e-01 4.649124274684762526e+00
5.936331456096848314e-01 4.746669822398867922e+00
5.946736945063503255e-01 4.812488203163649558e+00
5.957142434030155975e-01 4.805372706271327843e+00
5.967547922996810916e-01 4.727002217878641943e+00
5.977953411963463637e-01 4.782128150939069400e+00
5.988358900930118578e-01 4.720548344668230811e+00
5.998764389896771299e-01 4.681512455828571007e+00
