# q (1/Angstrom), Intensity (arb)
2.029070354705860696e-02 3.292929569135737324e+02
2.133125244372399004e-02 3.319057747947133521e+02
2.237180134038937659e-02 3.357304923391078546e+02
2.341235023705475968e-02 3.372392458467738265e+02
2.445289913372014276e-02 3.390085586594671554e+02
2.549344803038552584e-02 3.377797571626637136e+02
2.653399692705091240e-02 3.364903325868801289e+02
2.757454582371629548e-02 3.380841234098416521e+02
2.861509472038167856e-02 3.395693567449332022e+02
2.965564361704706164e-02 3.363998706189186123e+02
3.069619251371244473e-02 3.327810719482226318e+02
3.173674141037782781e-02 3.312684736651449384e+02
3.277729030704321089e-02 3.308076987527368260e+02
3.381783920370859398e-02 3.305005108380807997e+02
3.485838810037397706e-02 3.269372728852463297e+02
3.589893699703936014e-02 3.237356085038284164e+02
3.693948589370474322e-02 3.207383773266732305e+02
3.798003479037012631e-02 3.199111741415200640e+02
3.902058368703550939e-02 3.163434915270786973e+02
4.006113258370089247e-02 3.101117047426029671e+02
4.110168148036627556e-02 3.079911583826382184e+02
4.214223037703165864e-02 3.056149106153017101e+02
4.318277927369704866e-02 3.030339169263072563e+02
4.422332817036243174e-02 2.980613627896455569e+02
4.526387706702781483e-02 2.937672065932590613e+02
4.630442596369319791e-02 2.921997532017936123e+02
4.734497486035858099e-02 2.877021360747666563e+02
4.838552375702396408e-02 2.830138609359323709e+02
4.942607265368934716e-02 2.776833965565186872e+02
5.046662155035473024e-02 2.750416339248779423e+02
5.150717044702011332e-02 2.685735718384784718e+02
5.254771934368549641e-02 2.648244375301840137e+02
5.358826824035087949e-02 2.623728560725258490e+02
5.462881713701626257e-02 2.583242543986348778e+02
5.566936603368164566e-02 2.551073308994670583e+02
5.670991493034702874e-02 2.487495896727801892e+02
5.775046382701241182e-02 2.437686258698010420e+02
5.879101272367779490e-02 2.400615374469990115e+02
5.983156162034317799e-02 2.362403387319431545e+02
6.087211051700856107e-02 2.312948328831515141e+02
6.191265941367394415e-02 2.265072938936181117e+02
6.295320831033933417e-02 2.205920121444345341e+02
6.399375720700471726e-02 2.160589171608402523e+02
6.503430610367010034e-02 2.127151401259063164e+02
6.607485500033548342e-02 2.096760078737109723e+02
6.711540389700086651e-02 2.058491594446813338e+02
6.815595279366624959e-02 1.996098080887452397e+02
6.919650169033163267e-02 1.942181911362907556e+02
7.023705058699701576e-02 1.917138629119359052e+02
7.127759948366239884e-02 1.881613194299332577e+02
7.231814838032778192e-02 1.830810108264070948e+02
7.335869727699316500e-02 1.782808241646652903e+02
7.439924617365854809e-02 1.734198458305474446e+02
7.543979507032393117e-02 1.698537699141914459e+02
7.648034396698931425e-02 1.665171603587119762e+02
7.752089286365469734e-02 1.619756411755162162e+02
7.856144176032008042e-02 1.581711120880906094e+02
7.960199065698546350e-02 1.541303668889296432e+02
8.064253955365084658e-02 1.495639975739854037e+02
8.168308845031622967e-02 1.453010326684217830e+02
8.272363734698161275e-02 1.404893478488704659e+02
8.376418624364699583e-02 1.378813334034425111e+02
8.480473514031239279e-02 1.340716423606388048e+02
8.584528403697777588e-02 1.294204062280267635e+02
8.688583293364315896e-02 1.253409170807154993e+02
8.792638183030854204e-02 1.214389543771167723e+02
8.896693072697392513e-02 1.179296639171065522e+02
9.000747962363930821e-02 1.144751553118287575e+02
9.104802852030469129e-02 1.106755927031885562e+02
9.208857741697007437e-02 1.068513550990663248e+02
9.312912631363545746e-02 1.030927765229771893e+02
9.416967521030084054e-02 9.959254323909544837e+01
9.521022410696622362e-02 9.678439286359996174e+01
9.625077300363160671e-02 9.402688712267581650e+01
9.729132190029698979e-02 9.057739272297708055e+01
9.833187079696237287e-02 8.771449296412944818e+01
9.937241969362775595e-02 8.470114446155346855e+01
1.004129685902931390e-01 8.186627813850515167e+01
1.014535174869585221e-01 7.898020353660425030e+01
1.024940663836239052e-01 7.623923933836130118e+01
1.035346152802892883e-01 7.394672368328599532e+01
1.045751641769546714e-01 7.087255230598798050e+01
1.056157130736200545e-01 6.752934968939605653e+01
1.066562619702854375e-01 6.648213142642438811e+01
1.076968108669508206e-01 6.661423958997947636e+01
1.087373597636162037e-01 6.517866156538039490e+01
1.097779086602815868e-01 6.083693834083472751e+01
1.108184575569469699e-01 5.656530269571017300e+01
1.118590064536123529e-01 5.305722513543148011e+01
1.128995553502777360e-01 5.031544713812527903e+01
1.139401042469431191e-01 4.764649604471658506e+01
1.149806531436085022e-01 4.557230236934638157e+01
1.160212020402738853e-01 4.388030840562868207e+01
1.170617509369392684e-01 4.166587870970852236e+01
1.181022998336046514e-01 3.953630622193077926e+01
1.191428487302700345e-01 3.692673164023083388e+01
1.201833976269354176e-01 3.535767233536211052e+01
1.212239465236008007e-01 3.353645748979919716e+01
1.222644954202661838e-01 3.144983822007328556e+01
1.233050443169315669e-01 2.969545690491880663e+01
1.243455932135969499e-01 2.868015591922384289e+01
1.253861421102623330e-01 2.704496879097543172e+01
1.264266910069277161e-01 2.509455440781663071e+01
1.274672399035930992e-01 2.367226461856719411e+01
1.285077888002584823e-01 2.239349947309989730e+01
1.295483376969238654e-01 2.122159849682554977e+01
1.305888865935892484e-01 1.958011795737530392e+01
1.316294354902546315e-01 1.825616681058123802e+01
1.326699843869200146e-01 1.710709869064415756e+01
1.337105332835853977e-01 1.622867144331138078e+01
1.347510821802507808e-01 1.522894847324086953e+01
1.357916310769161639e-01 1.385720715009454906e+01
1.368321799735815469e-01 1.241092960455300442e+01
1.378727288702469300e-01 1.186933152713652717e+01
1.389132777669123131e-01 1.139732026857288005e+01
1.399538266635776962e-01 1.075783365749321518e+01
1.409943755602430793e-01 9.765194511251152676e+00
1.420349244569084624e-01 9.240820538795194494e+00
1.430754733535738454e-01 8.181183305811284612e+00
1.441160222502392285e-01 7.304998604953883756e+00
1.451565711469046116e-01 6.794944091206087222e+00
1.461971200435699947e-01 6.279604624086989162e+00
1.472376689402353778e-01 5.909384098815891662e+00
1.482782178369007609e-01 5.375661916263339890e+00
1.493187667335661439e-01 4.921491753276342251e+00
1.503593156302315270e-01 4.823120916144397086e+00
1.513998645268969101e-01 4.325941842209758192e+00
1.524404134235622932e-01 4.040688930649768196e+00
1.534809623202276763e-01 3.344901189204509961e+00
1.545215112168930593e-01 3.024625967497026835e+00
1.555620601135584424e-01 2.593719053144052822e+00
1.566026090102238255e-01 2.429662822756391449e+00
1.576431579068892086e-01 2.616383374969295517e+00
1.586837068035545917e-01 2.241813108249800734e+00
1.597242557002199748e-01 1.608498186350438175e+00
1.607648045968853578e-01 1.320696818789897975e+00
1.618053534935507409e-01 1.518826216501118154e+00
1.628459023902161240e-01 1.731348626564322757e+00
1.638864512868815071e-01 1.765873810663869392e+00
1.649270001835468902e-01 1.734563499538015918e+00
1.659675490802122733e-01 1.431432293837442415e+00
1.670080979768776563e-01 9.565495931947580743e-01
1.680486468735430672e-01 6.394905273968340964e-01
1.690891957702084503e-01 7.103234011163443995e-01
1.701297446668738333e-01 8.230144582064156111e-01
1.711702935635392164e-01 9.652989610524684849e-01
1.722108424602045995e-01 7.617370120957680513e-01
1.732513913568699826e-01 9.836611712123755069e-01
1.742919402535353657e-01 9.749839582822552586e-01
1.753324891502007488e-01 8.772899289476860929e-01
1.763730380468661318e-01 8.280923900763603740e-01
1.774135869435315149e-01 1.123502957015645620e+00
1.784541358401968980e-01 1.393904399043393028e+00
1.794946847368622811e-01 1.263350087797476817e+00
1.805352336335276642e-01 1.001423490969049368e+00
1.815757825301930473e-01 1.267195646357567540e+00
1.826163314268584303e-01 1.504786454367017967e+00
1.836568803235238134e-01 1.504840590923542720e+00
1.846974292201891965e-01 1.564848633723343596e+00
1.857379781168545796e-01 1.525681048958372088e+00
1.867785270135199627e-01 1.097011549723390544e+00
1.878190759101853458e-01 1.128304819210331544e+00
1.888596248068507288e-01 1.283951230853887182e+00
1.899001737035161119e-01 1.449862976245935187e+00
1.909407226001814950e-01 1.469068573945140344e+00
1.919812714968468781e-01 1.685424080292136750e+00
1.930218203935122612e-01 2.083432866217634682e+00
1.940623692901776443e-01 2.392335282957574805e+00
1.951029181868430273e-01 2.505514148068026969e+00
1.961434670835084104e-01 2.034446542819647874e+00
1.971840159801737935e-01 2.310380151202789278e+00
1.982245648768391766e-01 2.365145456264507118e+00
1.992651137735045597e-01 2.597742143721212926e+00
2.003056626701699428e-01 2.444850127966450515e+00
2.013462115668353813e-01 2.464420655430529905e+00
2.023867604635007644e-01 2.514413423248100798e+00
2.034273093601661475e-01 2.711594443280564093e+00
2.044678582568315306e-01 2.826950553835185787e+00
2.055084071534969137e-01 2.795382075207534456e+00
2.065489560501622968e-01 2.998169481623616406e+00
2.075895049468276798e-01 3.275961432667518380e+00
2.086300538434930629e-01 3.481550339369885450e+00
2.096706027401584460e-01 3.315754769426856541e+00
2.107111516368238291e-01 2.672117582375179268e+00
2.117517005334892122e-01 2.464989627923849014e+00
2.127922494301545953e-01 2.726060857901941858e+00
2.138327983268199783e-01 2.841117336005382299e+00
2.148733472234853614e-01 2.794038183337256953e+00
2.159138961201507445e-01 2.867125248062926346e+00
2.169544450168161276e-01 2.853967477618763127e+00
2.179949939134815107e-01 2.909356514966006557e+00
2.190355428101468938e-01 3.051463312924624915e+00
2.200760917068122768e-01 2.952470403954489342e+00
2.211166406034776599e-01 3.001507675152222276e+00
2.221571895001430430e-01 3.240647074093956803e+00
2.231977383968084261e-01 3.150072770371643571e+00
2.242382872934738092e-01 2.989336324500886377e+00
2.252788361901391923e-01 3.098911765260695006e+00
2.263193850868045753e-01 2.958755401722687139e+00
2.273599339834699584e-01 2.682885542659363409e+00
2.284004828801353415e-01 2.752024108316614814e+00
2.294410317768007246e-01 2.590525756500202448e+00
2.304815806734661077e-01 2.345999120336646371e+00
2.315221295701314908e-01 2.336926217288436192e+00
2.325626784667968738e-01 2.535287917872224739e+00
2.336032273634622569e-01 2.520492998612347435e+00
2.346437762601276400e-01 2.489662217866815297e+00
2.356843251567930231e-01 2.336631787795482751e+00
2.367248740534584062e-01 2.359473957097062424e+00
2.377654229501237892e-01 2.356435160524224415e+00
2.388059718467891723e-01 2.241323829295520653e+00
2.398465207434545554e-01 2.243092579872651982e+00
2.408870696401199385e-01 2.131145846824690437e+00
2.419276185367853216e-01 1.825451346350988047e+00
2.429681674334507047e-01 1.888932351234387852e+00
2.440087163301160877e-01 1.761965375475181617e+00
2.450492652267814708e-01 1.819634377181078122e+00
2.460898141234468539e-01 1.791552160005711158e+00
2.471303630201122370e-01 1.903739184284674479e+00
2.481709119167776201e-01 1.834074212212382093e+00
2.492114608134430032e-01 1.558904419415362952e+00
2.502520097101083585e-01 1.628931668239065544e+00
2.512925586067737416e-01 1.659384071621534673e+00
2.523331075034391247e-01 1.832641042865407854e+00
2.533736564001045077e-01 1.742674258048051428e+00
2.544142052967698908e-01 1.491485615147524868e+00
2.554547541934352739e-01 1.488123436885818052e+00
2.564953030901006570e-01 1.399387456678251596e+00
2.575358519867660401e-01 1.530306798186160222e+00
2.585764008834314231e-01 1.517124274097202630e+00
2.596169497800968062e-01 1.176725253520537251e+00
2.606574986767621893e-01 1.199641568162629568e+00
2.616980475734275724e-01 1.109149547772325661e+00
2.627385964700929555e-01 8.984177309082532759e-01
2.637791453667583386e-01 9.292260561181571177e-01
2.648196942634237216e-01 1.137478504577991600e+00
2.658602431600891047e-01 1.059083704359736089e+00
2.669007920567544878e-01 8.877060184416585287e-01
2.679413409534198709e-01 9.724890910237036223e-01
2.689818898500852540e-01 9.969777730220847900e-01
2.700224387467506371e-01 8.946116216749402383e-01
2.710629876434160201e-01 8.180518063284871744e-01
2.721035365400814032e-01 9.056537979472985000e-01
2.731440854367467863e-01 8.765879401480276556e-01
2.741846343334121694e-01 7.552922611899042238e-01
2.752251832300775525e-01 9.606956534509549783e-01
2.762657321267429356e-01 7.917608207510440366e-01
2.773062810234083186e-01 8.941173438696630171e-01
2.783468299200737017e-01 6.823257770504476127e-01
2.793873788167390848e-01 5.479697627520287995e-01
2.804279277134044679e-01 5.841474305830516300e-01
2.814684766100698510e-01 6.097980753548100097e-01
2.825090255067352341e-01 4.829116970883688964e-01
2.835495744034006171e-01 2.475284222685303348e-01
2.845901233000660002e-01 4.572018950265714921e-01
2.856306721967313833e-01 8.109479503716592319e-01
2.866712210933967664e-01 7.828924551621163630e-01
2.877117699900621495e-01 6.655280475625886538e-01
2.887523188867275326e-01 5.892700711754947918e-01
2.897928677833929156e-01 3.347761115704273038e-01
2.908334166800582987e-01 5.214828956354793377e-01
2.918739655767236818e-01 6.364075982183479141e-01
2.929145144733890649e-01 6.044787852134234640e-01
2.939550633700544480e-01 6.494399208665306844e-01
2.949956122667198311e-01 4.965456270427104357e-01
2.960361611633852141e-01 5.768156673949960123e-01
2.970767100600505972e-01 5.887393055036831413e-01
2.981172589567159803e-01 6.023110109475560137e-01
2.991578078533813634e-01 4.671446011542563781e-01
3.001983567500468020e-01 5.043933139498797402e-01
3.012389056467121851e-01 5.285626683518067637e-01
3.022794545433775681e-01 8.099725440613916305e-01
3.033200034400429512e-01 7.876457077147556163e-01
3.043605523367083343e-01 4.841226276460233180e-01
3.054011012333737174e-01 2.418747676506640687e-01
3.064416501300391005e-01 3.702765943190726716e-01
3.074821990267044836e-01 4.867443037493153213e-01
3.085227479233698666e-01 5.013626416755911919e-01
3.095632968200352497e-01 3.394187633254368563e-01
3.106038457167006328e-01 5.332454141081583998e-01
3.116443946133660159e-01 7.557982386536572506e-01
3.126849435100313990e-01 6.754065118160816894e-01
3.137254924066967821e-01 9.182786830867755157e-01
3.147660413033621651e-01 7.603673141222344611e-01
3.158065902000275482e-01 5.136836028703122281e-01
3.168471390966929313e-01 5.845524745180661341e-01
3.178876879933583144e-01 5.359641689762888461e-01
3.189282368900236975e-01 5.114592758313669663e-01
3.199687857866890806e-01 7.116633848949689423e-01
3.210093346833544636e-01 4.589381715143616702e-01
3.220498835800198467e-01 5.660049667050728317e-01
3.230904324766852298e-01 6.914383621672719471e-01
3.241309813733506129e-01 8.705706582971153296e-01
3.251715302700159960e-01 8.591978281241701154e-01
3.262120791666813790e-01 7.618073851736468782e-01
3.272526280633467621e-01 7.867260974180183553e-01
3.282931769600121452e-01 6.809109311546954757e-01
3.293337258566775283e-01 6.183629337423468542e-01
3.303742747533429114e-01 9.833787761674521732e-01
3.314148236500082945e-01 7.674590180839118148e-01
3.324553725466736775e-01 7.426652584962418757e-01
3.334959214433390606e-01 6.628724458671300113e-01
3.345364703400044437e-01 7.344652823143711373e-01
3.355770192366698268e-01 9.739364390570024455e-01
3.366175681333352099e-01 9.965012831469195476e-01
3.376581170300005930e-01 9.778391776276400549e-01
3.386986659266659760e-01 9.870882807671463866e-01
3.397392148233313591e-01 1.001218543918398041e+00
3.407797637199967422e-01 7.731683927705823578e-01
3.418203126166621253e-01 8.103322076749392977e-01
3.428608615133275084e-01 1.027724755291025360e+00
3.439014104099928915e-01 9.009554503609251697e-01
3.449419593066582745e-01 8.839394501936652659e-01
3.459825082033236576e-01 6.972435994960015648e-01
3.470230570999890407e-01 4.134230272568792941e-01
3.480636059966544238e-01 4.139733123429536477e-01
3.491041548933198069e-01 5.885139907843068841e-01
3.501447037899851900e-01 5.715954433048011651e-01
3.511852526866505730e-01 7.409420183623716127e-01
3.522258015833159561e-01 8.376734114388888486e-01
3.532663504799813392e-01 7.177477257327034010e-01
3.543068993766467223e-01 6.873302379236179149e-01
3.553474482733121054e-01 7.658143180169787456e-01
3.563879971699774885e-01 8.364248679240837703e-01
3.574285460666428715e-01 9.686801141963243822e-01
3.584690949633082546e-01 9.787822807651664903e-01
3.595096438599736377e-01 9.283252483384210052e-01
3.605501927566390208e-01 5.882594905319749046e-01
3.615907416533044039e-01 5.643190313437358441e-01
3.626312905499697870e-01 4.894639040688204545e-01
3.636718394466351700e-01 7.627161706881402381e-01
3.647123883433005531e-01 6.086716311465494300e-01
3.657529372399659362e-01 5.660353039285510590e-01
3.667934861366313193e-01 7.248337313037893637e-01
3.678340350332967024e-01 6.343471249791186040e-01
3.688745839299620854e-01 6.631476363936599228e-01
3.699151328266274685e-01 6.376046262471817272e-01
3.709556817232928516e-01 6.714423781482850018e-01
3.719962306199582347e-01 8.353536453141678919e-01
3.730367795166236178e-01 8.452760286858485017e-01
3.740773284132890009e-01 6.111710780082511008e-01
3.751178773099543839e-01 8.024060331413132019e-01
3.761584262066197670e-01 7.184182841443487177e-01
3.771989751032851501e-01 5.283227920473940742e-01
3.782395239999505332e-01 6.098957084773921622e-01
3.792800728966159163e-01 5.922703233799353484e-01
3.803206217932812994e-01 7.197481063221431441e-01
3.813611706899466824e-01 8.146171356589135826e-01
3.824017195866120655e-01 7.733737196031782446e-01
3.834422684832774486e-01 8.329660152665567807e-01
3.844828173799428317e-01 7.186002437542171606e-01
3.855233662766082148e-01 7.083824560493567901e-01
3.865639151732735979e-01 7.283558759299744167e-01
3.876044640699389809e-01 6.435310356014305455e-01
3.886450129666043640e-01 6.801498075027545553e-01
3.896855618632697471e-01 7.026955736337718861e-01
3.907261107599351302e-01 6.912352889048847260e-01
3.917666596566005133e-01 5.165820849910183199e-01
3.928072085532658964e-01 4.255062135524561029e-01
3.938477574499312794e-01 5.487196908437397269e-01
3.948883063465966625e-01 5.024042319277874924e-01
3.959288552432620456e-01 4.931088552297673289e-01
3.969694041399274287e-01 4.759378920522614465e-01
3.980099530365928118e-01 6.425454808556878561e-01
3.990505019332581949e-01 6.245066452251180067e-01
4.000910508299235779e-01 6.881492685925181263e-01
4.011315997265889610e-01 7.559217975510499343e-01
4.021721486232543441e-01 5.597148130273588151e-01
4.032126975199197272e-01 3.976821374876067239e-01
4.042532464165851103e-01 1.956249149305264723e-01
4.052937953132504934e-01 2.401025607097757586e-01
4.063343442099158764e-01 4.650042358251589292e-01
4.073748931065812595e-01 5.014451175810101802e-01
4.084154420032466426e-01 5.216117136757318917e-01
4.094559908999120257e-01 5.367599575076589247e-01
4.104965397965774088e-01 3.105483855300015250e-01
4.115370886932427918e-01 5.461393816667765577e-01
4.125776375899081749e-01 5.226475615488475057e-01
4.136181864865735580e-01 4.734572122600368971e-01
4.146587353832389411e-01 2.384519307050894099e-01
4.156992842799043242e-01 3.835325454168163617e-01
4.167398331765697073e-01 3.990992004224587220e-01
4.177803820732350903e-01 4.594312508873130696e-01
4.188209309699004734e-01 4.851556206945524252e-01
4.198614798665658565e-01 5.914683965484357486e-01
4.209020287632312396e-01 4.395356816733517746e-01
4.219425776598966227e-01 4.702637471108133127e-01
4.229831265565620058e-01 5.098526749825786908e-01
4.240236754532273888e-01 4.547604754702092578e-01
4.250642243498927719e-01 5.347218310769008554e-01
4.261047732465581550e-01 5.886809077448553751e-01
4.271453221432235381e-01 7.730799669989139034e-01
4.281858710398889212e-01 7.242184619032983051e-01
4.292264199365543043e-01 5.074098173850920546e-01
4.302669688332196873e-01 3.378350394810780699e-01
4.313075177298850704e-01 3.251287989079330032e-01
4.323480666265504535e-01 3.259553195668587477e-01
4.333886155232158366e-01 2.705217377692115122e-01
4.344291644198812197e-01 5.023792052171351941e-01
4.354697133165466028e-01 4.880421894599393795e-01
4.365102622132119858e-01 3.452098870179334256e-01
4.375508111098773689e-01 3.613057268657975385e-01
4.385913600065427520e-01 4.796116105240955108e-01
4.396319089032081351e-01 5.037642253957770322e-01
4.406724577998735182e-01 3.828021414074882500e-01
4.417130066965389013e-01 5.223119360506949249e-01
4.427535555932042843e-01 6.791359634147511315e-01
4.437941044898696674e-01 5.729262379955528672e-01
4.448346533865350505e-01 4.204026666817490820e-01
4.458752022832004336e-01 2.006733552236710239e-01
4.469157511798658167e-01 2.596956103893504064e-01
4.479563000765311997e-01 5.796421014987451770e-01
4.489968489731965828e-01 5.023435851557778165e-01
4.500373978698619659e-01 5.166020804862441196e-01
4.510779467665273490e-01 5.360467919431748385e-01
4.521184956631927321e-01 6.177927154573197299e-01
4.531590445598581152e-01 6.280769549023652587e-01
4.541995934565234982e-01 6.470309959812823308e-01
4.552401423531888813e-01 5.909872938973386169e-01
4.562806912498542644e-01 5.923563427687277283e-01
4.573212401465196475e-01 5.524004594272220459e-01
4.583617890431850306e-01 4.313755781344994489e-01
4.594023379398504137e-01 3.724504135391946136e-01
4.604428868365157967e-01 4.223663894384159789e-01
4.614834357331811798e-01 4.502416345992550362e-01
4.625239846298465629e-01 3.635038170183086947e-01
4.635645335265119460e-01 4.648804876903120942e-01
4.646050824231773291e-01 3.667507975625383665e-01
4.656456313198427122e-01 3.114701351312305633e-01
4.666861802165080952e-01 3.332874205109277455e-01
4.677267291131734783e-01 4.566392694229897131e-01
4.687672780098388614e-01 5.251259958546228290e-01
4.698078269065042445e-01 3.168942940089465310e-01
4.708483758031696276e-01 4.241533894185067766e-01
4.718889246998350107e-01 2.990807923782661248e-01
4.729294735965003937e-01 2.953228556398244109e-01
4.739700224931657768e-01 5.222578834824354033e-01
4.750105713898311599e-01 6.668957298300739467e-01
4.760511202864965430e-01 6.694160056950941851e-01
4.770916691831619261e-01 6.091933854434188333e-01
4.781322180798273092e-01 5.745000904723376323e-01
4.791727669764926922e-01 6.186866416129390700e-01
4.802133158731580753e-01 5.796190912147700658e-01
4.812538647698234584e-01 5.089165276021425655e-01
4.822944136664888415e-01 3.590989216151214691e-01
4.833349625631542246e-01 2.962986372096949594e-01
4.843755114598196077e-01 5.798468519352439898e-01
4.854160603564849907e-01 6.690112725208088307e-01
4.864566092531503738e-01 5.096138260252303098e-01
4.874971581498157569e-01 5.468361351927910619e-01
4.885377070464811400e-01 4.855765377358132184e-01
4.895782559431465231e-01 4.897881760146987062e-01
4.906188048398119061e-01 5.732294027421431792e-01
4.916593537364772892e-01 5.143709865948729032e-01
4.926999026331426723e-01 4.864376639848231321e-01
4.937404515298080554e-01 4.954227850164834024e-01
4.947810004264734385e-01 5.587960188682323803e-01
4.958215493231388216e-01 4.008548115148862223e-01
4.968620982198042046e-01 3.720948133452566253e-01
4.979026471164695877e-01 5.651133435265656146e-01
4.989431960131349708e-01 5.863481244667987369e-01
4.999837449098003539e-01 5.077653262713752724e-01
5.010242938064657370e-01 4.146381830191039342e-01
5.020648427031311201e-01 4.572181621936088902e-01
5.031053915997965031e-01 4.211112700987733604e-01
5.041459404964618862e-01 3.661413205562986661e-01
5.051864893931272693e-01 3.045846866419843479e-01
5.062270382897926524e-01 3.023832582506997824e-01
5.072675871864580355e-01 3.279156879355937804e-01
5.083081360831234186e-01 1.457598151236325634e-01
5.093486849797888016e-01 4.064204322801145963e-02
5.103892338764541847e-01 1.284008373090408384e-01
5.114297827731195678e-01 3.362341040936556169e-01
5.124703316697849509e-01 3.251376760308488656e-01
5.135108805664503340e-01 2.752447443617924705e-01
5.145514294631157171e-01 2.338298633841553453e-01
5.155919783597811001e-01 3.312655156196449013e-01
5.166325272564464832e-01 3.300506989370575184e-01
5.176730761531118663e-01 3.052313708239999812e-01
5.187136250497772494e-01 3.149402611595029100e-01
5.197541739464426325e-01 3.656168610500500904e-01
5.207947228431080156e-01 3.507468852423940575e-01
5.218352717397733986e-01 3.475996891612673778e-01
5.228758206364387817e-01 3.577139583761699271e-01
5.239163695331041648e-01 3.053848580409450619e-01
5.249569184297695479e-01 2.287841098729685996e-01
5.259974673264349310e-01 1.592482519711637678e-01
5.270380162231003141e-01 1.198158669177438185e-01
5.280785651197656971e-01 3.157155375239781847e-01
5.291191140164310802e-01 2.829744302431507208e-01
5.301596629130964633e-01 3.217327935745366574e-01
5.312002118097618464e-01 4.739753444149528150e-01
5.322407607064272295e-01 2.882744546626199167e-01
5.332813096030926125e-01 1.839615093355533304e-01
5.343218584997581067e-01 1.712741584296928465e-01
5.353624073964233787e-01 0.000000000000000000e+00
5.364029562930888728e-01 5.594479298545707024e-02
5.374435051897541449e-01 2.627822361672649265e-01
5.384840540864196390e-01 2.583449777558044502e-01
5.395246029830849110e-01 2.889471820519560197e-01
5.405651518797504052e-01 1.185001010725237336e-01
5.416057007764156772e-01 1.209904860062138710e-01
5.426462496730811713e-01 1.619595153258259757e-01
5.436867985697464434e-01 1.614475701231299354e-01
5.447273474664119375e-01 2.405558576147690530e-01
5.457678963630772095e-01 2.599518547708896676e-01
5.468084452597427036e-01 3.935706026671148550e-01
5.478489941564079757e-01 4.022835239683679731e-01
5.488895430530734698e-01 2.999505515494291785e-01
5.499300919497387419e-01 6.778395605737586038e-02
5.509706408464042360e-01 1.528754885356562454e-01
5.520111897430695080e-01 2.162673769144412006e-01
5.530517386397350021e-01 4.076296892708057840e-01
5.540922875364002742e-01 2.818334753357127909e-01
5.551328364330657683e-01 9.196591610168169950e-02
5.561733853297310404e-01 3.613898441647585003e-01
5.572139342263965345e-01 4.035442440397574160e-01
5.582544831230618065e-01 3.623310376618178452e-01
5.592950320197273006e-01 3.084001000545804061e-01
5.603355809163925727e-01 1.679174500007540871e-01
5.613761298130580668e-01 1.855754223473198294e-01
5.624166787097233389e-01 2.513056375963884648e-01
5.634572276063888330e-01 1.314465712024954769e-01
5.644977765030541050e-01 8.923964608688805811e-02
5.655383253997195991e-01 1.314968732883343705e-01
5.665788742963848712e-01 1.741081669825135236e-01
5.676194231930503653e-01 1.295320702288478287e-01
5.686599720897156374e-01 1.970740705482896260e-01
5.697005209863811315e-01 1.380633458831965754e-01
5.707410698830464035e-01 1.314248377296713954e-01
5.717816187797118976e-01 1.575228018204875013e-01
5.728221676763771697e-01 3.830084486870077853e-02
5.738627165730426638e-01 3.375655680887845733e-02
5.749032654697079359e-01 2.213284598164158012e-01
5.759438143663734300e-01 1.997805505525036551e-01
5.769843632630387020e-01 3.066135641103784337e-01
5.780249121597041961e-01 2.119161018492974335e-01
5.790654610563694682e-01 2.276067758128270668e-01
5.801060099530349623e-01 2.974636727465878039e-01
5.811465588497002344e-01 2.439125042498915263e-01
5.821871077463657285e-01 1.865475980757125285e-01
5.832276566430310005e-01 2.090349838138649829e-01
5.842682055396964946e-01 1.129336494638089050e-01
5.853087544363617667e-01 2.259609490564287171e-01
5.863493033330272608e-01 2.217384731815847942e-01
5.873898522296925329e-01 2.482573070475311283e-01
5.884304011263580270e-01 1.622915895637504491e-01
5.894709500230232990e-01 1.549269044974010967e-01
5.905114989196887931e-01 3.466307777437727111e-01
5.915520478163540652e-01 3.493062250616070230e-01
5.925925967130195593e-01 3.378518222892381573e-01
5.936331456096848314e-01 3.791434829871320744e-01
5.946736945063503255e-01 2.016804216757108748e-01
5.957142434030155975e-01 8.396595114089322465e-02
5.967547922996810916e-01 2.052417599820621774e-01
5.977953411963463637e-01 9.513349645765245555e-02
5.988358900930118578e-01 2.224740429828635513e-01
5.998764389896771299e-01 2.400900747919898492e-01
