# q (1/Angstrom), Intensity (arb)
2.067508526570814575e-02 8.553367090708334786e+00
2.163671713586316769e-02 4.260811662098490160e+00
2.259834900601819310e-02 2.567242126173852057e+00
2.355998087617321851e-02 1.568832157243207348e+00
2.452161274632824739e-02 1.458186454385440811e+00
2.548324461648326933e-02 2.459292862591397011e+00
2.644487648663829821e-02 2.860939596367472859e+00
2.740650835679332709e-02 3.034817230242836672e+00
2.836814022694834903e-02 1.365426874308120375e+00
2.932977209710337443e-02 7.579253752979937531e-01
3.029140396725839637e-02 0.000000000000000000e+00
3.125303583741342178e-02 4.308617076086775910e-01
3.221466770756845066e-02 8.684425790420888802e-01
3.317629957772347260e-02 4.554916349169744194e-01
3.413793144787850148e-02 1.311773549353500101e+00
3.509956331803352342e-02 1.061153915085352395e+00
3.606119518818855230e-02 8.395997863818784879e-01
3.702282705834358117e-02 9.841014935870440183e-01
3.798445892849860311e-02 1.275259685341449511e+00
3.894609079865363199e-02 1.244790040021435118e+00
3.990772266880865393e-02 1.099604217653912031e+00
4.086935453896367587e-02 1.700368922790502779e+00
4.183098640911870475e-02 1.049343618135694101e+00
4.279261827927372669e-02 1.311269982609566398e-01
4.375425014942875557e-02 6.586828600269321043e-01
4.471588201958377751e-02 1.532783806378144931e+00
4.567751388973880639e-02 1.035709277219169167e+00
4.663914575989382832e-02 6.824597487524890482e-01
4.760077763004885720e-02 1.208323347922711122e+00
4.856240950020387914e-02 6.984646048619644887e-01
4.952404137035890108e-02 6.020303800617483603e-01
5.048567324051392302e-02 6.415568873733263899e-01
5.144730511066895190e-02 6.815538594670442762e-01
5.240893698082397384e-02 7.170870531741933007e-01
5.337056885097899578e-02 3.687240766287018801e-01
5.433220072113403160e-02 7.167798622924301810e-01
5.529383259128905354e-02 8.632519376655913845e-01
5.625546446144407547e-02 1.146802466570690626e+00
5.721709633159910435e-02 9.712833841171146787e-01
5.817872820175412629e-02 1.194174802810543667e+00
5.914036007190914823e-02 1.208027373269295879e-01
6.010199194206417017e-02 4.978859797146313326e-01
6.106362381221920599e-02 1.321758249619936265e+00
6.202525568237422793e-02 1.027595276517605072e+00
6.298688755252924987e-02 8.682503652715212183e-01
6.394851942268428568e-02 1.020929518084724208e+00
6.491015129283930762e-02 7.455382418397391575e-01
6.587178316299432956e-02 4.823132530859695066e-01
6.683341503314935150e-02 3.624315466912015893e-01
6.779504690330438732e-02 5.586800536277571894e-01
6.875667877345940926e-02 7.582019125211161281e-01
6.971831064361443120e-02 9.613668718665344670e-01
7.067994251376945314e-02 8.604886349163862747e-01
7.164157438392447508e-02 7.442701853877728979e-01
7.260320625407949702e-02 9.098789484890659196e-01
7.356483812423453283e-02 1.432588893997994717e+00
7.452646999438955477e-02 1.460502044127800048e+00
7.548810186454457671e-02 1.055826439303782394e+00
7.644973373469959865e-02 1.106084304817809283e+00
7.741136560485463447e-02 1.154234363687322684e+00
7.837299747500965641e-02 1.009317460235330088e+00
7.933462934516467835e-02 1.118668036573879476e+00
8.029626121531971417e-02 1.006434236987981734e+00
8.125789308547473611e-02 8.516558642635274623e-01
8.221952495562975805e-02 7.711196023233952701e-01
8.318115682578479386e-02 1.224005721204406427e+00
8.414278869593981580e-02 1.109984573626281446e+00
8.510442056609483774e-02 8.241422774903917059e-01
8.606605243624985968e-02 6.822213228159341725e-01
8.702768430640489550e-02 9.652283672263806125e-01
8.798931617655991744e-02 6.493075707136632957e-01
8.895094804671493938e-02 6.148185577472737862e-01
8.991257991686996132e-02 5.285965265306096228e-01
9.087421178702498326e-02 4.544440158150706566e-01
9.183584365718000520e-02 9.869466965112181356e-01
9.279747552733502713e-02 8.054841408375317258e-01
9.375910739749006295e-02 7.693004458048946503e-01
9.472073926764508489e-02 8.941529357956987667e-01
9.568237113780010683e-02 7.023640436397720066e-01
9.664400300795514265e-02 6.576700729691680181e-01
9.760563487811016459e-02 5.020823586501208524e-01
9.856726674826518653e-02 5.885693160091420850e-01
9.952889861842022234e-02 7.219007511199713178e-01
1.004905304885752443e-01 5.986844597382976474e-01
1.014521623587302801e-01 7.290485914107449616e-01
1.024137942288853020e-01 1.120598910129960046e+00
1.033754260990403240e-01 1.116051122999962786e+00
1.043370579691953459e-01 9.564074319187092499e-01
1.052986898393503817e-01 6.858131425522842051e-01
1.062603217095053898e-01 6.942988203648674528e-01
1.072219535796604256e-01 9.170604931070265309e-01
1.081835854498154614e-01 9.502811180628931709e-01
1.091452173199704695e-01 7.296203338657569759e-01
1.101068491901255053e-01 6.629992979200522996e-01
1.110684810602805411e-01 8.920924628098383380e-01
1.120301129304355492e-01 1.020991894751070106e+00
1.129917448005905850e-01 8.254259819090421502e-01
1.139533766707456208e-01 6.131285334969192036e-01
1.149150085409006289e-01 5.532919993843314899e-01
1.158766404110556647e-01 8.689137115699949732e-01
1.168382722812106728e-01 8.488858271092958319e-01
1.177999041513657086e-01 6.062364455996274160e-01
1.187615360215207305e-01 6.464432639263648639e-01
1.197231678916757525e-01 5.207354691026964133e-01
1.206847997618307744e-01 7.833173493076337479e-01
1.216464316319858102e-01 1.042258263682516173e+00
1.226080635021408183e-01 7.716148025883775574e-01
1.235696953722958541e-01 7.222913695385173583e-01
1.245313272424508899e-01 6.343439811619724367e-01
1.254929591126059119e-01 5.928927364956066981e-01
1.264545909827609338e-01 6.530925417199604510e-01
1.274162228529159557e-01 7.958886587468398943e-01
1.283778547230709777e-01 1.069269856648894290e+00
1.293394865932259996e-01 8.622590105290832696e-01
1.303011184633810493e-01 9.771156899847071031e-01
1.312627503335360435e-01 7.664942678580928259e-01
1.322243822036910932e-01 8.278173888463022934e-01
1.331860140738460874e-01 6.655374120900638957e-01
1.341476459440011371e-01 7.201131232796242898e-01
1.351092778141561590e-01 6.864713765298802173e-01
1.360709096843111809e-01 8.921773127045469209e-01
1.370325415544662029e-01 9.450832009647101017e-01
1.379941734246212526e-01 9.430301679644017554e-01
1.389558052947762468e-01 8.201982772666198684e-01
1.399174371649312965e-01 6.362562110409264449e-01
1.408790690350863184e-01 9.652980330235898521e-01
1.418407009052413403e-01 1.359809832641200700e+00
1.428023327753963623e-01 1.172143818610500432e+00
1.437639646455513842e-01 6.138267444623046742e-01
1.447255965157064062e-01 8.413457020726191615e-01
1.456872283858614281e-01 9.759315921243292280e-01
1.466488602560164778e-01 9.109486614178656794e-01
1.476104921261714720e-01 9.725129452530723029e-01
1.485721239963265217e-01 1.028179798839456538e+00
1.495337558664815436e-01 1.228385441617088958e+00
1.504953877366365655e-01 9.651125844151486888e-01
1.514570196067915875e-01 6.692193159710768668e-01
1.524186514769466094e-01 1.005773934636291500e+00
1.533802833471016314e-01 1.106768675710284811e+00
1.543419152172566811e-01 1.105190323361526339e+00
1.553035470874116752e-01 1.000719320090745157e+00
1.562651789575667249e-01 9.863350169469597972e-01
1.572268108277217469e-01 9.632486862661764349e-01
1.581884426978767688e-01 6.950833160417211332e-01
1.591500745680317908e-01 6.918527633237658847e-01
1.601117064381868405e-01 7.886897942879933510e-01
1.610733383083418346e-01 1.026054165119099082e+00
1.620349701784968843e-01 9.898309345119891134e-01
1.629966020486519063e-01 9.727343537897752412e-01
1.639582339188069282e-01 1.117906104549714286e+00
1.649198657889619501e-01 1.046818250225733493e+00
1.658814976591169721e-01 7.296779651907208120e-01
1.668431295292719940e-01 8.201604720554520611e-01
1.678047613994270160e-01 1.000273200373079874e+00
1.687663932695820379e-01 8.463460011740835398e-01
1.697280251397370598e-01 7.843619074754322185e-01
1.706896570098921095e-01 5.083778203937754370e-01
1.716512888800471037e-01 7.771005207317855934e-01
1.726129207502021534e-01 8.810226333265340770e-01
1.735745526203571754e-01 8.873231430877872583e-01
1.745361844905121973e-01 9.828454470893213113e-01
1.754978163606672192e-01 1.034220925768401855e+00
1.764594482308222689e-01 8.377558293503106768e-01
1.774210801009772631e-01 6.721871964374699360e-01
1.783827119711323128e-01 8.318725284431174316e-01
1.793443438412873348e-01 9.552650075991024892e-01
1.803059757114423567e-01 6.912602463856423185e-01
1.812676075815973786e-01 7.487533645255943782e-01
1.822292394517524006e-01 8.388710888511994312e-01
1.831908713219074225e-01 1.030880956497227885e+00
1.841525031920624444e-01 1.092655826863044410e+00
1.851141350622174664e-01 9.643355749042825664e-01
1.860757669323724883e-01 8.164112076656628858e-01
1.870373988025275380e-01 7.516124867555191713e-01
1.879990306726825322e-01 9.394052909129975149e-01
1.889606625428375819e-01 9.850392477423994819e-01
1.899222944129926038e-01 9.533951699954066328e-01
1.908839262831476258e-01 1.042130452800595464e+00
1.918455581533026477e-01 9.986653316545783809e-01
1.928071900234576974e-01 9.674675300025299407e-01
1.937688218936126916e-01 1.012735727951589837e+00
1.947304537637677413e-01 1.018938706654466841e+00
1.956920856339227632e-01 7.657966485497667009e-01
1.966537175040777852e-01 9.566069476638290325e-01
1.976153493742328071e-01 9.982155514049644296e-01
1.985769812443878291e-01 1.008206545305704083e+00
1.995386131145428510e-01 1.030726488405957042e+00
2.005002449846978729e-01 7.226201212788865291e-01
2.014618768548528949e-01 8.156460083149710272e-01
2.024235087250079168e-01 7.675252757132895454e-01
2.033851405951629665e-01 1.009688572842335930e+00
2.043467724653179884e-01 1.042687604644136456e+00
2.053084043354730381e-01 1.010531870954483935e+00
2.062700362056280046e-01 7.828651819973373449e-01
2.072316680757830543e-01 8.978138500911860831e-01
2.081932999459380762e-01 1.024686468626654801e+00
2.091549318160931259e-01 1.043763503931288028e+00
2.101165636862481478e-01 1.061322649309715871e+00
2.110781955564031698e-01 1.076324019414837352e+00
2.120398274265581640e-01 9.747720764729024268e-01
2.130014592967132137e-01 1.054326521586855137e+00
2.139630911668682356e-01 1.086670570374852929e+00
2.149247230370232575e-01 1.142750851373122600e+00
2.158863549071783072e-01 1.071550527537802111e+00
2.168479867773333014e-01 9.653041882793829132e-01
2.178096186474883234e-01 9.349772346736777706e-01
2.187712505176433453e-01 9.222990298675597387e-01
2.197328823877983950e-01 1.027078380085221454e+00
2.206945142579534169e-01 1.192693185413961743e+00
2.216561461281084666e-01 1.104018376149070946e+00
2.226177779982634330e-01 7.711296876485853602e-01
2.235794098684184827e-01 1.038059261806019151e+00
2.245410417385735047e-01 1.092929379232696618e+00
2.255026736087285544e-01 1.074540395444202545e+00
2.264643054788835763e-01 1.178430330666166981e+00
2.274259373490385983e-01 1.166953437764995272e+00
2.283875692191935924e-01 7.446321986218045197e-01
2.293492010893486421e-01 6.104970624831267401e-01
2.303108329595036641e-01 5.941902850880360631e-01
2.312724648296586860e-01 7.304540138712489750e-01
2.322340966998137357e-01 9.118899070663566420e-01
2.331957285699687299e-01 1.067286262437583844e+00
2.341573604401237518e-01 1.043197788001602788e+00
2.351189923102787738e-01 7.645903935321101130e-01
2.360806241804338235e-01 8.316478938646731933e-01
2.370422560505888454e-01 8.970918958166009816e-01
2.380038879207438951e-01 9.829643870127213745e-01
2.389655197908988615e-01 1.093580253909948397e+00
2.399271516610539112e-01 1.143867770374225046e+00
2.408887835312089332e-01 8.852904444983629162e-01
2.418504154013639829e-01 8.550244476211226186e-01
2.428120472715190048e-01 9.415171811630962395e-01
2.437736791416740267e-01 9.764298636643928830e-01
2.447353110118290209e-01 9.512728208089242798e-01
2.456969428819840706e-01 9.707813543560810388e-01
2.466585747521390926e-01 1.199231845487581438e+00
2.476202066222941145e-01 1.003293207265912201e+00
2.485818384924491642e-01 7.607110040559170727e-01
2.495434703626041584e-01 5.937384996024483996e-01
2.505051022327591803e-01 7.158569499599494179e-01
2.514667341029142023e-01 6.656959376064435219e-01
2.524283659730692242e-01 6.836298097741959623e-01
2.533899978432243016e-01 8.809737569263376145e-01
2.543516297133793236e-01 8.207620026230557642e-01
2.553132615835342900e-01 8.800654965197054480e-01
2.562748934536893120e-01 9.280520284041955392e-01
2.572365253238443894e-01 9.085938179585930641e-01
2.581981571939994113e-01 1.093475084001926945e+00
2.591597890641544333e-01 1.142440991654090965e+00
2.601214209343094552e-01 1.031600156618839748e+00
2.610830528044644772e-01 1.106144149519160180e+00
2.620446846746194991e-01 1.084183302408284533e+00
2.630063165447745210e-01 9.956812700953001638e-01
2.639679484149295430e-01 8.815703435492459050e-01
2.649295802850845649e-01 8.726714318398407499e-01
2.658912121552395869e-01 9.803777040546215460e-01
2.668528440253946088e-01 8.229528427772017096e-01
2.678144758955496307e-01 8.172856521317513057e-01
2.687761077657046527e-01 1.032748960560518015e+00
2.697377396358597301e-01 8.571974925716858706e-01
2.706993715060147521e-01 7.935906242088499596e-01
2.716610033761697185e-01 9.749620841595572074e-01
2.726226352463247404e-01 1.013802920850658040e+00
2.735842671164798179e-01 8.814194256833189911e-01
2.745458989866348398e-01 8.228328221152700905e-01
2.755075308567898618e-01 8.742659217926487258e-01
2.764691627269448837e-01 9.486804337212042526e-01
2.774307945970999056e-01 7.863889149543474844e-01
2.783924264672549276e-01 9.915226345212495573e-01
2.793540583374099495e-01 8.117746949501949416e-01
2.803156902075649715e-01 9.181919324489413725e-01
2.812773220777199934e-01 9.496189603945595081e-01
2.822389539478750153e-01 1.048376040961962019e+00
2.832005858180300373e-01 9.102643646331145533e-01
2.841622176881850592e-01 9.153501754171031735e-01
2.851238495583400812e-01 9.551499824604903210e-01
2.860854814284951586e-01 9.476885334132774119e-01
2.870471132986501805e-01 9.936079288381556296e-01
2.880087451688051470e-01 1.034304720253199861e+00
2.889703770389601689e-01 1.091026400077197422e+00
2.899320089091152464e-01 1.085620814228374087e+00
2.908936407792702683e-01 1.007375986659624800e+00
2.918552726494252902e-01 1.028310924593665021e+00
2.928169045195803122e-01 1.199310121959459963e+00
2.937785363897353341e-01 1.171592889989025110e+00
2.947401682598903561e-01 1.084439363544014157e+00
2.957018001300453780e-01 1.141447845345108902e+00
2.966634320002003999e-01 1.074571898357202571e+00
2.976250638703554219e-01 1.117232607324609717e+00
2.985866957405104993e-01 1.191216439395439863e+00
2.995483276106654658e-01 1.061651201632287211e+00
3.005099594808204877e-01 1.023208387951449083e+00
3.014715913509755651e-01 1.012797225727524619e+00
3.024332232211305871e-01 1.075834357351794779e+00
3.033948550912856090e-01 1.146488512641628432e+00
3.043564869614405755e-01 1.040810918120190109e+00
3.053181188315956529e-01 1.111686224386122745e+00
3.062797507017506748e-01 9.191846710985309699e-01
3.072413825719056968e-01 1.018235710179762776e+00
3.082030144420607187e-01 1.032669919546449933e+00
3.091646463122157407e-01 7.695599286668084460e-01
3.101262781823707626e-01 7.802614204526143737e-01
3.110879100525257845e-01 1.028679045229477396e+00
3.120495419226808065e-01 9.489970023833116386e-01
3.130111737928358284e-01 9.876351454514988859e-01
3.139728056629909059e-01 8.776727412766831549e-01
3.149344375331459278e-01 1.032483643476048485e+00
3.158960694033008942e-01 1.131390397904972644e+00
3.168577012734559162e-01 9.364355760184821520e-01
3.178193331436109936e-01 1.110530329177159103e+00
3.187809650137660156e-01 1.186190808821553588e+00
3.197425968839210375e-01 1.076907688099471017e+00
3.207042287540760039e-01 1.052147823116264647e+00
3.216658606242310814e-01 1.097944276957807830e+00
3.226274924943861033e-01 1.328797534679434733e+00
3.235891243645411253e-01 1.248218160019280987e+00
3.245507562346961472e-01 1.092732610617780153e+00
3.255123881048511691e-01 1.110714042182362249e+00
3.264740199750061911e-01 1.140443168187196932e+00
3.274356518451612130e-01 1.186942588099714868e+00
3.283972837153162350e-01 1.136662475233208625e+00
3.293589155854712569e-01 1.022968890613629611e+00
3.303205474556263344e-01 9.502564237651647261e-01
3.312821793257813563e-01 1.058968092774701830e+00
3.322438111959363227e-01 1.172492470430469780e+00
3.332054430660913447e-01 1.204085077655804525e+00
3.341670749362464221e-01 1.167588648752900582e+00
3.351287068064014441e-01 1.129076810062702663e+00
3.360903386765564660e-01 1.294466071904881943e+00
3.370519705467114324e-01 1.240256491623174639e+00
3.380136024168665099e-01 1.039363068004401924e+00
3.389752342870215318e-01 1.060684129815051335e+00
3.399368661571765537e-01 1.141309556905977018e+00
3.408984980273315757e-01 9.432913316926629932e-01
3.418601298974865976e-01 9.433321872595819002e-01
3.428217617676416196e-01 1.008800247614686896e+00
3.437833936377966415e-01 1.109094726174230772e+00
3.447450255079516634e-01 1.172265766900149941e+00
3.457066573781066854e-01 1.287215137391342523e+00
3.466682892482617628e-01 1.202190905764808804e+00
3.476299211184167848e-01 1.172536094330421719e+00
3.485915529885717512e-01 1.093596652270246494e+00
3.495531848587267731e-01 1.037096534179230645e+00
3.505148167288818506e-01 1.093779033640839060e+00
3.514764485990368725e-01 1.246688242041404493e+00
3.524380804691918945e-01 1.085141384970945921e+00
3.533997123393468609e-01 1.001778101903649798e+00
3.543613442095019384e-01 1.057565080599779606e+00
3.553229760796569603e-01 1.099556263307537307e+00
3.562846079498119822e-01 1.174627454520216219e+00
3.572462398199670042e-01 1.017558911381275522e+00
3.582078716901220261e-01 1.096716649312739378e+00
3.591695035602770480e-01 1.171799280832676260e+00
3.601311354304320700e-01 1.129844323844981346e+00
3.610927673005870919e-01 9.907241066180425548e-01
3.620543991707421139e-01 1.037081397864870524e+00
3.630160310408971913e-01 1.121041486371655793e+00
3.639776629110522133e-01 8.832164709276675296e-01
3.649392947812071797e-01 1.049099242914888208e+00
3.659009266513622016e-01 1.222355747301747897e+00
3.668625585215172791e-01 1.154719202126827327e+00
3.678241903916723010e-01 1.166978210825863727e+00
3.687858222618273230e-01 1.181439618899876365e+00
3.697474541319822894e-01 1.150797984967947940e+00
3.707090860021373668e-01 1.080073170724933362e+00
3.716707178722923888e-01 1.116294931827511050e+00
3.726323497424474107e-01 1.139689681901103313e+00
3.735939816126024327e-01 1.124761568182766069e+00
3.745556134827574546e-01 1.035990777239128136e+00
3.755172453529124765e-01 1.046211395917520548e+00
3.764788772230674985e-01 9.928571776299968121e-01
3.774405090932225204e-01 1.021666734251596154e+00
3.784021409633775423e-01 1.000790356431402017e+00
3.793637728335326198e-01 1.027153115803706385e+00
3.803254047036876417e-01 1.137970877709882700e+00
3.812870365738426082e-01 1.108248566651671041e+00
3.822486684439976301e-01 1.090178408624176143e+00
3.832103003141527076e-01 9.441717627117647282e-01
3.841719321843077295e-01 9.500701090093244261e-01
3.851335640544627514e-01 1.094066780968038444e+00
3.860951959246177734e-01 1.182820612727176979e+00
3.870568277947727953e-01 1.108804923648950336e+00
3.880184596649278173e-01 1.160632475097479244e+00
3.889800915350828392e-01 1.019886892005114731e+00
3.899417234052378611e-01 1.005864655433423849e+00
3.909033552753928831e-01 1.016617746111759146e+00
3.918649871455479050e-01 1.035774248425830990e+00
3.928266190157029270e-01 1.002862064181261559e+00
3.937882508858579489e-01 9.187629423783008065e-01
3.947498827560129708e-01 9.683621028784941132e-01
3.957115146261680483e-01 7.918143660529111116e-01
3.966731464963230702e-01 8.922806812915595742e-01
3.976347783664780366e-01 1.167080061244895717e+00
3.985964102366330586e-01 1.152863132401289903e+00
3.995580421067881360e-01 1.023344415043514033e+00
4.005196739769430470e-01 9.450608520369883081e-01
4.014813058470981244e-01 1.098712438733034702e+00
4.024429377172531463e-01 1.115900982733379010e+00
4.034045695874082238e-01 1.133036001087212696e+00
4.043662014575631902e-01 1.119789299561723794e+00
4.053278333277181567e-01 1.061313007154080168e+00
4.062894651978732341e-01 1.085567263925646841e+00
4.072510970680282560e-01 1.181444038499741112e+00
4.082127289381833335e-01 1.104595405047138712e+00
4.091743608083382999e-01 1.181190694120616058e+00
4.101359926784933774e-01 1.098418786035342265e+00
4.110976245486483993e-01 1.179903017370506291e+00
4.120592564188033657e-01 1.145232467075054217e+00
4.130208882889584432e-01 1.061084241474791412e+00
4.139825201591134096e-01 9.831935243562170967e-01
4.149441520292684871e-01 1.058027362239332803e+00
4.159057838994235090e-01 1.096919399255380512e+00
4.168674157695784754e-01 1.106520831478306377e+00
4.178290476397335529e-01 1.116783359560958644e+00
4.187906795098885748e-01 1.072901729453999309e+00
4.197523113800436523e-01 9.551995696005057823e-01
4.207139432501986187e-01 1.004259771498020370e+00
4.216755751203536962e-01 1.051773363979858544e+00
4.226372069905086626e-01 9.472664981334730783e-01
4.235988388606636845e-01 1.084216219982700125e+00
4.245604707308187620e-01 1.099057312627358840e+00
4.255221026009737284e-01 1.016957616738608294e+00
4.264837344711288059e-01 9.895218242453189816e-01
4.274453663412838278e-01 9.904290761857765801e-01
4.284069982114387942e-01 7.131622410888418528e-01
4.293686300815938717e-01 8.816245720340063485e-01
4.303302619517488381e-01 1.150427776852360751e+00
4.312918938219039156e-01 1.128388179722584539e+00
4.322535256920589375e-01 1.044616387286747994e+00
4.332151575622139039e-01 1.086298082593053493e+00
4.341767894323689814e-01 1.132026856243101065e+00
4.351384213025240033e-01 1.105232134185516912e+00
4.361000531726790808e-01 1.035092054983415721e+00
4.370616850428340472e-01 9.896113718396826187e-01
4.380233169129891246e-01 1.052300770172699629e+00
4.389849487831440911e-01 9.682411427501698142e-01
4.399465806532991130e-01 9.287996196106043101e-01
4.409082125234541905e-01 9.905546979914703343e-01
4.418698443936091569e-01 9.293200837933603964e-01
4.428314762637642343e-01 9.444425073004794058e-01
4.437931081339192563e-01 1.177862431888236472e+00
4.447547400040742227e-01 9.722756631169033881e-01
4.457163718742293002e-01 8.562909696169533902e-01
4.466780037443842666e-01 1.074295080019620485e+00
4.476396356145393440e-01 1.018721702063825063e+00
4.486012674846943660e-01 1.059319127503137281e+00
4.495628993548493324e-01 1.055923608415859860e+00
4.505245312250044099e-01 9.054935429615369458e-01
4.514861630951594318e-01 1.056122788809130242e+00
4.524477949653145092e-01 1.116276411132666624e+00
4.534094268354694757e-01 1.157528506426167780e+00
4.543710587056245531e-01 1.063388140223580081e+00
4.553326905757795195e-01 8.656209585673160234e-01
4.562943224459345415e-01 1.078211453412908583e+00
4.572559543160896189e-01 1.064996418026062486e+00
4.582175861862445854e-01 1.069748986611781305e+00
4.591792180563996628e-01 1.032042691901683185e+00
4.601408499265546848e-01 1.007884410939794861e+00
4.611024817967096512e-01 1.079390686076408201e+00
4.620641136668647286e-01 1.048940514723447848e+00
4.630257455370196951e-01 1.024130843812937286e+00
4.639873774071747725e-01 1.158559760654689796e+00
4.649490092773297945e-01 1.162643637535694552e+00
4.659106411474847609e-01 1.053003468509430718e+00
4.668722730176398383e-01 1.161974318116453020e+00
4.678339048877948603e-01 1.128666481963783497e+00
4.687955367579499377e-01 1.010759074622406217e+00
4.697571686281049042e-01 1.097153444760845531e+00
4.707188004982599816e-01 1.214480615439800459e+00
4.716804323684149480e-01 1.131459875988838348e+00
4.726420642385699700e-01 9.105846976568052753e-01
4.736036961087250474e-01 8.861525068660327520e-01
4.745653279788800138e-01 1.099452868166480357e+00
4.755269598490350913e-01 1.142691412958431130e+00
4.764885917191901132e-01 1.176201899123626049e+00
4.774502235893450797e-01 1.083676039233161248e+00
4.784118554595001571e-01 9.766943081039443086e-01
4.793734873296551235e-01 1.082083395215114763e+00
4.803351191998102010e-01 1.075311763530571341e+00
4.812967510699652229e-01 1.068592993260594426e+00
4.822583829401201894e-01 9.828068689399458435e-01
4.832200148102752668e-01 1.037722856767761215e+00
4.841816466804302888e-01 1.013571551127451897e+00
4.851432785505853662e-01 9.524349391140241039e-01
4.861049104207403326e-01 1.109245799838820545e+00
4.870665422908954101e-01 1.063368567521035146e+00
4.880281741610503765e-01 1.037775784800942347e+00
4.889898060312053985e-01 1.002937575528203951e+00
4.899514379013604759e-01 8.460270853731017837e-01
4.909130697715154423e-01 9.506161208977310650e-01
4.918747016416705198e-01 9.987404434275362064e-01
4.928363335118255417e-01 1.029693909771999927e+00
4.937979653819805081e-01 1.136423784615296029e+00
4.947595972521355856e-01 1.117383642472955074e+00
4.957212291222905520e-01 1.060895323247091682e+00
4.966828609924456295e-01 1.164611359540643321e+00
4.976444928626006514e-01 1.022541990640149834e+00
4.986061247327556178e-01 9.421223651506522856e-01
4.995677566029106953e-01 9.355143375107246584e-01
5.005293884730657172e-01 1.043219659308363134e+00
5.014910203432207947e-01 1.058456886232615801e+00
5.024526522133757611e-01 1.071551738362533257e+00
5.034142840835308386e-01 1.101793583690362510e+00
5.043759159536858050e-01 9.844820036637464966e-01
5.053375478238407714e-01 9.576059193788104551e-01
5.062991796939958489e-01 1.064133452108055877e+00
5.072608115641509263e-01 1.014256208325331698e+00
5.082224434343060038e-01 1.055054024426748782e+00
5.091840753044609702e-01 1.024008876920643019e+00
5.101457071746159366e-01 9.756083619777093929e-01
5.111073390447710141e-01 9.343360064719590241e-01
5.120689709149259805e-01 1.068311072159772834e+00
5.130306027850810580e-01 1.014541666835921063e+00
5.139922346552360244e-01 9.510391857138777993e-01
5.149538665253911018e-01 9.372147370780616882e-01
5.159154983955461793e-01 9.872045582807444930e-01
5.168771302657011457e-01 1.024864257113090815e+00
5.178387621358562232e-01 1.008546120146451841e+00
5.188003940060111896e-01 1.019894119920596864e+00
5.197620258761662670e-01 9.007935093449930264e-01
5.207236577463212335e-01 9.991680251566386062e-01
5.216852896164761999e-01 9.901838903640651779e-01
5.226469214866312774e-01 1.030109809199839077e+00
5.236085533567863548e-01 9.450021385891425041e-01
5.245701852269414323e-01 9.427885197662604355e-01
5.255318170970963987e-01 1.018864892616402784e+00
5.264934489672513651e-01 9.671151354645530773e-01
5.274550808374064426e-01 9.433892727498403019e-01
5.284167127075614090e-01 1.175304206429171217e+00
5.293783445777164864e-01 1.084048648341170207e+00
5.303399764478714529e-01 1.048210910548135644e+00
5.313016083180265303e-01 1.049293994631131710e+00
5.322632401881816078e-01 1.135366219051565650e+00
5.332248720583365742e-01 9.442829844488080937e-01
5.341865039284916516e-01 8.822647248169310785e-01
5.351481357986466181e-01 1.032951076036226823e+00
5.361097676688016955e-01 1.016954300244591991e+00
5.370713995389566620e-01 1.073167717007152078e+00
5.380330314091116284e-01 1.164023889716240490e+00
5.389946632792667058e-01 1.118349072958949364e+00
5.399562951494217833e-01 1.039009014577828793e+00
5.409179270195768607e-01 1.064826481938812464e+00
5.418795588897318272e-01 1.033748155601031726e+00
5.428411907598867936e-01 1.051648263552650064e+00
5.438028226300418710e-01 8.930289231496857383e-01
5.447644545001968375e-01 8.913443216515268830e-01
5.457260863703519149e-01 8.172299225565637926e-01
5.466877182405068814e-01 8.078754470689197831e-01
5.476493501106619588e-01 9.122620555644616047e-01
5.486109819808170363e-01 9.901362216633238233e-01
5.495726138509720027e-01 1.070057607667347810e+00
5.505342457211270801e-01 9.600593103249757121e-01
5.514958775912820466e-01 9.254642356735409692e-01
5.524575094614371240e-01 9.969197650216692352e-01
5.534191413315920904e-01 9.673513452002957536e-01
5.543807732017470569e-01 9.189265738799967664e-01
5.553424050719021343e-01 9.851691258578334498e-01
5.563040369420572118e-01 9.255396554197155012e-01
5.572656688122122892e-01 7.912123845333738359e-01
5.582273006823672556e-01 9.383936403700516848e-01
5.591889325525222221e-01 1.013983248969985596e+00
5.601505644226772995e-01 1.083167007138925442e+00
5.611121962928322660e-01 9.853528916611935529e-01
5.620738281629873434e-01 8.747376199565692900e-01
5.630354600331423098e-01 9.743850192435772328e-01
5.639970919032973873e-01 9.149916439614997898e-01
5.649587237734524647e-01 8.819460258937965591e-01
5.659203556436074312e-01 9.769004389369797536e-01
5.668819875137625086e-01 8.909023057402549739e-01
5.678436193839174750e-01 9.231435286703657539e-01
5.688052512540725525e-01 1.096300480703344959e+00
5.697668831242275189e-01 9.634659848439213192e-01
5.707285149943824853e-01 9.826803066234077733e-01
5.716901468645375628e-01 9.337493242712113783e-01
5.726517787346926402e-01 1.033695630623842732e+00
5.736134106048477177e-01 1.107142773461504248e+00
5.745750424750026841e-01 9.544445906595626639e-01
5.755366743451576506e-01 8.676026410235699871e-01
5.764983062153127280e-01 9.753884985724639023e-01
5.774599380854676944e-01 9.979789042828670631e-01
5.784215699556227719e-01 9.055427150107995260e-01
5.793832018257777383e-01 8.996577614854182059e-01
5.803448336959328158e-01 8.471911095583060103e-01
5.813064655660878932e-01 7.690663809935784911e-01
5.822680974362428596e-01 7.963546833759522769e-01
5.832297293063979371e-01 8.219016713635838300e-01
5.841913611765529035e-01 8.086321006818977253e-01
5.851529930467079810e-01 8.576927753244127928e-01
5.861146249168629474e-01 9.022472062914985713e-01
5.870762567870179138e-01 8.893245476297160224e-01
5.880378886571729913e-01 9.018973174377045154e-01
5.889995205273280687e-01 9.384764749196321532e-01
5.899611523974831462e-01 9.170281870658918422e-01
5.909227842676381126e-01 1.008828439608286942e+00
5.918844161377930790e-01 9.707634746827551453e-01
5.928460480079481565e-01 8.936645171012003175e-01
5.938076798781031229e-01 8.051735184344011031e-01
5.947693117482582004e-01 9.122310652479015403e-01
5.957309436184131668e-01 8.960084897480058430e-01
5.966925754885682442e-01 8.559453346770951043e-01
5.976542073587233217e-01 8.986235656395678006e-01
5.986158392288782881e-01 8.340937579494642762e-01
5.995774710990333656e-01 8.569042174138274959e-01
