# q (1/Angstrom), Intensity (arb)
2.067508526570814575e-02 5.739882389809001779e+02
2.163671713586316769e-02 5.984385583309347112e+02
2.259834900601819310e-02 6.195947272366438483e+02
2.355998087617321851e-02 6.232259463412825653e+02
2.452161274632824739e-02 6.247494410677132919e+02
2.548324461648326933e-02 6.246661827723798979e+02
2.644487648663829821e-02 6.208403569308970873e+02
2.740650835679332709e-02 6.182842057887598912e+02
2.836814022694834903e-02 6.169618471960150146e+02
2.932977209710337443e-02 6.201439018781933328e+02
3.029140396725839637e-02 6.170013626678594392e+02
3.125303583741342178e-02 6.121611000380630685e+02
3.221466770756845066e-02 6.063649427266806242e+02
3.317629957772347260e-02 5.986538894975017229e+02
3.413793144787850148e-02 5.955428049782990456e+02
3.509956331803352342e-02 5.923975603124803229e+02
3.606119518818855230e-02 5.917761753960742226e+02
3.702282705834358117e-02 5.872882773258502311e+02
3.798445892849860311e-02 5.786975884152612934e+02
3.894609079865363199e-02 5.708329905852615411e+02
3.990772266880865393e-02 5.642740441838410561e+02
4.086935453896367587e-02 5.623777102941785415e+02
4.183098640911870475e-02 5.579104263188075947e+02
4.279261827927372669e-02 5.479885753840238749e+02
4.375425014942875557e-02 5.387498203791330980e+02
4.471588201958377751e-02 5.289743816443045716e+02
4.567751388973880639e-02 5.208446100615565229e+02
4.663914575989382832e-02 5.133389980218757955e+02
4.760077763004885720e-02 5.065887150995548609e+02
4.856240950020387914e-02 5.000711015867754554e+02
4.952404137035890108e-02 4.938460971370204220e+02
5.048567324051392302e-02 4.844536019835424554e+02
5.144730511066895190e-02 4.749442239128258620e+02
5.240893698082397384e-02 4.660021981965578561e+02
5.337056885097899578e-02 4.571259897214827674e+02
5.433220072113403160e-02 4.480789143975669617e+02
5.529383259128905354e-02 4.378327222397705327e+02
5.625546446144407547e-02 4.249854701125732390e+02
5.721709633159910435e-02 4.155913589093080418e+02
5.817872820175412629e-02 4.061063405392466166e+02
5.914036007190914823e-02 3.945812426948040752e+02
6.010199194206417017e-02 3.845417218965156962e+02
6.106362381221920599e-02 3.752885473041790192e+02
6.202525568237422793e-02 3.658743145006330337e+02
6.298688755252924987e-02 3.564072416954895175e+02
6.394851942268428568e-02 3.466074915527468079e+02
6.491015129283930762e-02 3.368422622408878624e+02
6.587178316299432956e-02 3.270242114667867099e+02
6.683341503314935150e-02 3.187286213871367977e+02
6.779504690330438732e-02 3.104280951777914765e+02
6.875667877345940926e-02 3.003660463920705865e+02
6.971831064361443120e-02 2.904968739586811921e+02
7.067994251376945314e-02 2.820771260120613988e+02
7.164157438392447508e-02 2.726949925801225163e+02
7.260320625407949702e-02 2.633310564477686739e+02
7.356483812423453283e-02 2.550601952091160456e+02
7.452646999438955477e-02 2.470322742496950639e+02
7.548810186454457671e-02 2.381946348980019366e+02
7.644973373469959865e-02 2.300904137071946991e+02
7.741136560485463447e-02 2.221872476314325979e+02
7.837299747500965641e-02 2.128585847984123234e+02
7.933462934516467835e-02 2.058768097972937028e+02
8.029626121531971417e-02 1.985564390197597220e+02
8.125789308547473611e-02 1.906090066282438329e+02
8.221952495562975805e-02 1.837855089818784791e+02
8.318115682578479386e-02 1.767941155010236969e+02
8.414278869593981580e-02 1.696919527704838799e+02
8.510442056609483774e-02 1.620401793425279493e+02
8.606605243624985968e-02 1.557062455851324216e+02
8.702768430640489550e-02 1.498134651741680159e+02
8.798931617655991744e-02 1.428821552341354391e+02
8.895094804671493938e-02 1.359091565465223255e+02
8.991257991686996132e-02 1.308596141657513670e+02
9.087421178702498326e-02 1.246492638170054477e+02
9.183584365718000520e-02 1.186531737657151666e+02
9.279747552733502713e-02 1.131987970381306496e+02
9.375910739749006295e-02 1.076516208712985616e+02
9.472073926764508489e-02 1.023872778099157870e+02
9.568237113780010683e-02 9.718407929422542679e+01
9.664400300795514265e-02 9.159940184141711939e+01
9.760563487811016459e-02 8.717524439397497815e+01
9.856726674826518653e-02 8.287791392713631922e+01
9.952889861842022234e-02 7.902624227809513968e+01
1.004905304885752443e-01 7.465561683953094985e+01
1.014521623587302801e-01 7.004134533940568019e+01
1.024137942288853020e-01 6.626818431747638272e+01
1.033754260990403240e-01 6.219698542873281610e+01
1.043370579691953459e-01 5.850733103314054517e+01
1.052986898393503817e-01 5.469568856132256940e+01
1.062603217095053898e-01 5.121806779717437053e+01
1.072219535796604256e-01 4.808541856622139932e+01
1.081835854498154614e-01 4.501249308739895127e+01
1.091452173199704695e-01 4.207728537320703310e+01
1.101068491901255053e-01 3.893502668159197810e+01
1.110684810602805411e-01 3.635336928865268646e+01
1.120301129304355492e-01 3.396786691581915818e+01
1.129917448005905850e-01 3.127210268056727216e+01
1.139533766707456208e-01 2.886489243934874693e+01
1.149150085409006289e-01 2.663055223480323619e+01
1.158766404110556647e-01 2.456078227107956380e+01
1.168382722812106728e-01 2.251934676732750162e+01
1.177999041513657086e-01 2.112466257666590153e+01
1.187615360215207305e-01 1.942880990846996170e+01
1.197231678916757525e-01 1.746312123756877099e+01
1.206847997618307744e-01 1.590454050217689641e+01
1.216464316319858102e-01 1.458079800366552092e+01
1.226080635021408183e-01 1.330208555191782693e+01
1.235696953722958541e-01 1.195999323310283913e+01
1.245313272424508899e-01 1.073815903974749375e+01
1.254929591126059119e-01 9.581719682919452197e+00
1.264545909827609338e-01 8.213558576178439097e+00
1.274162228529159557e-01 7.699034326587145927e+00
1.283778547230709777e-01 6.962828814000157962e+00
1.293394865932259996e-01 6.029803016677938388e+00
1.303011184633810493e-01 5.560491484694168207e+00
1.312627503335360435e-01 4.876799968971177179e+00
1.322243822036910932e-01 4.087718898053246619e+00
1.331860140738460874e-01 3.483545392570910337e+00
1.341476459440011371e-01 2.996365496472986223e+00
1.351092778141561590e-01 2.577329755514220722e+00
1.360709096843111809e-01 2.578274188064213490e+00
1.370325415544662029e-01 2.211143612355940036e+00
1.379941734246212526e-01 2.095222434776395914e+00
1.389558052947762468e-01 1.477743563322320597e+00
1.399174371649312965e-01 1.378094696038782985e+00
1.408790690350863184e-01 1.193733708267398441e+00
1.418407009052413403e-01 1.249146892686542998e+00
1.428023327753963623e-01 1.502179803351094023e+00
1.437639646455513842e-01 1.744821278251901475e+00
1.447255965157064062e-01 1.521552323242868709e+00
1.456872283858614281e-01 1.311076115327850289e+00
1.466488602560164778e-01 1.244068731995053412e+00
1.476104921261714720e-01 1.125651776675770321e+00
1.485721239963265217e-01 1.388129074616649916e+00
1.495337558664815436e-01 1.391856675299667501e+00
1.504953877366365655e-01 1.517152293648049266e+00
1.514570196067915875e-01 1.873910064246587126e+00
1.524186514769466094e-01 2.006446701522992981e+00
1.533802833471016314e-01 1.800616836923293107e+00
1.543419152172566811e-01 2.146591128265200155e+00
1.553035470874116752e-01 2.426222193832707319e+00
1.562651789575667249e-01 2.670304919186705206e+00
1.572268108277217469e-01 2.889287671095292609e+00
1.581884426978767688e-01 2.547219836411649396e+00
1.591500745680317908e-01 2.679474263469341366e+00
1.601117064381868405e-01 3.063787562234892903e+00
1.610733383083418346e-01 3.503739458340564994e+00
1.620349701784968843e-01 3.352615876839472264e+00
1.629966020486519063e-01 3.698641061825352239e+00
1.639582339188069282e-01 3.651989521191325139e+00
1.649198657889619501e-01 4.152949801065872748e+00
1.658814976591169721e-01 4.310607543762426275e+00
1.668431295292719940e-01 4.315640027773767429e+00
1.678047613994270160e-01 4.372407751092275419e+00
1.687663932695820379e-01 4.697886761092636476e+00
1.697280251397370598e-01 4.686482413472724318e+00
1.706896570098921095e-01 4.851215591193430043e+00
1.716512888800471037e-01 4.798174657797229514e+00
1.726129207502021534e-01 4.815802908887715006e+00
1.735745526203571754e-01 5.127131863989678351e+00
1.745361844905121973e-01 4.988794876929830480e+00
1.754978163606672192e-01 5.118142703464897636e+00
1.764594482308222689e-01 5.211932883894768054e+00
1.774210801009772631e-01 5.382836710854739692e+00
1.783827119711323128e-01 5.439199915849297184e+00
1.793443438412873348e-01 5.658081975277173825e+00
1.803059757114423567e-01 5.594605662461745510e+00
1.812676075815973786e-01 5.452384730096259347e+00
1.822292394517524006e-01 5.642743116333114983e+00
1.831908713219074225e-01 5.320841741412802861e+00
1.841525031920624444e-01 5.082773996539312833e+00
1.851141350622174664e-01 5.358304040758817166e+00
1.860757669323724883e-01 5.221194370360901615e+00
1.870373988025275380e-01 5.441738235901183884e+00
1.879990306726825322e-01 5.534175031965968827e+00
1.889606625428375819e-01 5.242298054993860035e+00
1.899222944129926038e-01 4.982700648201412008e+00
1.908839262831476258e-01 5.086380664505156801e+00
1.918455581533026477e-01 5.156005465749874617e+00
1.928071900234576974e-01 5.132568751593698408e+00
1.937688218936126916e-01 5.076087783535705000e+00
1.947304537637677413e-01 4.918285396552843025e+00
1.956920856339227632e-01 4.635057337601061533e+00
1.966537175040777852e-01 4.402800877350848907e+00
1.976153493742328071e-01 4.507060702426848309e+00
1.985769812443878291e-01 4.364080378663633297e+00
1.995386131145428510e-01 4.386714007898817158e+00
2.005002449846978729e-01 4.061795013922491648e+00
2.014618768548528949e-01 3.893513293239237782e+00
2.024235087250079168e-01 3.914240373557781538e+00
2.033851405951629665e-01 3.516546227006756453e+00
2.043467724653179884e-01 3.342390635917467989e+00
2.053084043354730381e-01 3.501817553279455097e+00
2.062700362056280046e-01 3.462862305369068139e+00
2.072316680757830543e-01 3.375825747034063795e+00
2.081932999459380762e-01 3.247868406349319059e+00
2.091549318160931259e-01 3.286181568563954158e+00
2.101165636862481478e-01 3.096740811138154470e+00
2.110781955564031698e-01 2.726680627317843886e+00
2.120398274265581640e-01 2.632351179571390531e+00
2.130014592967132137e-01 2.622157264523092834e+00
2.139630911668682356e-01 2.365213329593256475e+00
2.149247230370232575e-01 2.305210528252015223e+00
2.158863549071783072e-01 2.045133771269426859e+00
2.168479867773333014e-01 2.030668786439044027e+00
2.178096186474883234e-01 2.160345044476997600e+00
2.187712505176433453e-01 1.883839666595083173e+00
2.197328823877983950e-01 1.734780001983892816e+00
2.206945142579534169e-01 1.736427135995437965e+00
2.216561461281084666e-01 1.527705395816493450e+00
2.226177779982634330e-01 1.436083953312049744e+00
2.235794098684184827e-01 1.463496898214039277e+00
2.245410417385735047e-01 1.451936886072434874e+00
2.255026736087285544e-01 1.350495282094339444e+00
2.264643054788835763e-01 1.302701288539534374e+00
2.274259373490385983e-01 1.079962225526742259e+00
2.283875692191935924e-01 7.647485724188065603e-01
2.293492010893486421e-01 6.757393741173878254e-01
2.303108329595036641e-01 5.292873131505579920e-01
2.312724648296586860e-01 4.812073372302165808e-01
2.322340966998137357e-01 5.994110981004752148e-01
2.331957285699687299e-01 9.415112254420066051e-01
2.341573604401237518e-01 6.927284035529801542e-01
2.351189923102787738e-01 4.954253159849315580e-01
2.360806241804338235e-01 6.161528975882788473e-01
2.370422560505888454e-01 5.214101666891650666e-01
2.380038879207438951e-01 5.282021332933481972e-01
2.389655197908988615e-01 5.465490260588303784e-01
2.399271516610539112e-01 5.528910653961744970e-01
2.408887835312089332e-01 4.402886040474598417e-01
2.418504154013639829e-01 3.030017773460436104e-01
2.428120472715190048e-01 4.144317924251623708e-01
2.437736791416740267e-01 4.680775899980638144e-01
2.447353110118290209e-01 3.462516444521277492e-01
2.456969428819840706e-01 3.260543632406580628e-01
2.466585747521390926e-01 4.164055654266682893e-01
2.476202066222941145e-01 3.369593238458499229e-01
2.485818384924491642e-01 3.419669402302183414e-01
2.495434703626041584e-01 3.825623841890006815e-01
2.505051022327591803e-01 2.567415782714661532e-01
2.514667341029142023e-01 3.983624936390839366e-01
2.524283659730692242e-01 5.546759892698212013e-01
2.533899978432243016e-01 5.769814103125661120e-01
2.543516297133793236e-01 4.823397237032480689e-01
2.553132615835342900e-01 4.828148052049527905e-01
2.562748934536893120e-01 4.005029317268693489e-01
2.572365253238443894e-01 1.840614804133906546e-01
2.581981571939994113e-01 3.274198958395544423e-01
2.591597890641544333e-01 4.356198235307005007e-01
2.601214209343094552e-01 3.964449548024582271e-01
2.610830528044644772e-01 3.807473884162746458e-01
2.620446846746194991e-01 6.491809423206582608e-01
2.630063165447745210e-01 7.184703065555133605e-01
2.639679484149295430e-01 6.727821659961712442e-01
2.649295802850845649e-01 7.205191281644047763e-01
2.658912121552395869e-01 7.703303789295112836e-01
2.668528440253946088e-01 6.654120516447683542e-01
2.678144758955496307e-01 8.234700546406266142e-01
2.687761077657046527e-01 7.775934691009354083e-01
2.697377396358597301e-01 5.377378249810291777e-01
2.706993715060147521e-01 4.611383355301583720e-01
2.716610033761697185e-01 6.885613992590755572e-01
2.726226352463247404e-01 6.791728447709175498e-01
2.735842671164798179e-01 7.151111896024140435e-01
2.745458989866348398e-01 8.979641144667027675e-01
2.755075308567898618e-01 9.224183209208902667e-01
2.764691627269448837e-01 7.868418604857509990e-01
2.774307945970999056e-01 8.338117611963973275e-01
2.783924264672549276e-01 8.021415053850304844e-01
2.793540583374099495e-01 7.605600142737003466e-01
2.803156902075649715e-01 9.687172289104744038e-01
2.812773220777199934e-01 9.040116345095619010e-01
2.822389539478750153e-01 7.705707798176248957e-01
2.832005858180300373e-01 7.847681438382316799e-01
2.841622176881850592e-01 1.148718816299805212e+00
2.851238495583400812e-01 1.183117330100163400e+00
2.860854814284951586e-01 9.810567987250315980e-01
2.870471132986501805e-01 1.010140153069389868e+00
2.880087451688051470e-01 1.062015027432654080e+00
2.889703770389601689e-01 8.060092710088042622e-01
2.899320089091152464e-01 9.186990301140838255e-01
2.908936407792702683e-01 8.734369859132300462e-01
2.918552726494252902e-01 6.737514623170994810e-01
2.928169045195803122e-01 8.187040754371892604e-01
2.937785363897353341e-01 8.269337552649567158e-01
2.947401682598903561e-01 9.968667947183398326e-01
2.957018001300453780e-01 9.549654459942118478e-01
2.966634320002003999e-01 9.304399397050424625e-01
2.976250638703554219e-01 8.812184025838547541e-01
2.985866957405104993e-01 7.861991371627432557e-01
2.995483276106654658e-01 8.453766801385889096e-01
3.005099594808204877e-01 7.389148402608007871e-01
3.014715913509755651e-01 5.644382817365993787e-01
3.024332232211305871e-01 7.083378119013943319e-01
3.033948550912856090e-01 6.111481106443221734e-01
3.043564869614405755e-01 3.913936389625902734e-01
3.053181188315956529e-01 5.365224392875838078e-01
3.062797507017506748e-01 5.724241939617229491e-01
3.072413825719056968e-01 6.886000878651259427e-01
3.082030144420607187e-01 8.474805005049468321e-01
3.091646463122157407e-01 8.362862513844362411e-01
3.101262781823707626e-01 6.044636802617944227e-01
3.110879100525257845e-01 6.065758122661364382e-01
3.120495419226808065e-01 6.495042015137393321e-01
3.130111737928358284e-01 4.479030488670865395e-01
3.139728056629909059e-01 4.715896420135798905e-01
3.149344375331459278e-01 6.448055623638104805e-01
3.158960694033008942e-01 4.028704036378094600e-01
3.168577012734559162e-01 2.370428996395830268e-01
3.178193331436109936e-01 5.640005372176482012e-01
3.187809650137660156e-01 4.466967637974015304e-01
3.197425968839210375e-01 3.611046581220698215e-01
3.207042287540760039e-01 4.449832865474263599e-01
3.216658606242310814e-01 1.902005743175259056e-01
3.226274924943861033e-01 6.860207769195980632e-02
3.235891243645411253e-01 4.039032007311398331e-01
3.245507562346961472e-01 2.149532212774545314e-01
3.255123881048511691e-01 2.416348975434949864e-01
3.264740199750061911e-01 2.546632766306196061e-01
3.274356518451612130e-01 2.297159421286352199e-01
3.283972837153162350e-01 2.988474647759531422e-01
3.293589155854712569e-01 2.964173036718378285e-01
3.303205474556263344e-01 1.254382651106809021e-01
3.312821793257813563e-01 3.433857544526084382e-01
3.322438111959363227e-01 5.737889577215042891e-01
3.332054430660913447e-01 4.423607081512095363e-01
3.341670749362464221e-01 2.884497659990188367e-01
3.351287068064014441e-01 3.280916769172677050e-01
3.360903386765564660e-01 3.597607294458100569e-01
3.370519705467114324e-01 4.224412015154754840e-01
3.380136024168665099e-01 3.963239407165275452e-01
3.389752342870215318e-01 4.285855351208276431e-01
3.399368661571765537e-01 5.231596737333106262e-01
3.408984980273315757e-01 2.352817805764786385e-01
3.418601298974865976e-01 1.649156449533997204e-01
3.428217617676416196e-01 1.506533749136060862e-01
3.437833936377966415e-01 3.360615674938642883e-01
3.447450255079516634e-01 5.626063179812419435e-01
3.457066573781066854e-01 2.855424845657061894e-01
3.466682892482617628e-01 3.023573866943394250e-01
3.476299211184167848e-01 3.731951513949027799e-01
3.485915529885717512e-01 4.407621001407306949e-01
3.495531848587267731e-01 4.733535105008570554e-01
3.505148167288818506e-01 4.604775037533954674e-01
3.514764485990368725e-01 5.602739686351618786e-01
3.524380804691918945e-01 4.695310609691922821e-01
3.533997123393468609e-01 3.792841607976669138e-01
3.543613442095019384e-01 1.664415687236555641e-01
3.553229760796569603e-01 4.645284288597650857e-02
3.562846079498119822e-01 1.238406176679411885e-01
3.572462398199670042e-01 0.000000000000000000e+00
3.582078716901220261e-01 1.257838350254729676e-01
3.591695035602770480e-01 2.040721213817562329e-01
3.601311354304320700e-01 1.561218852529151491e-01
3.610927673005870919e-01 3.229492318948956608e-01
3.620543991707421139e-01 5.012631378472427457e-01
3.630160310408971913e-01 2.751908546478176731e-01
3.639776629110522133e-01 2.610265046034356828e-01
3.649392947812071797e-01 3.557413762976970872e-01
3.659009266513622016e-01 4.425293258497866589e-01
3.668625585215172791e-01 2.766676159418786085e-01
3.678241903916723010e-01 2.680959962988893608e-01
3.687858222618273230e-01 2.428308497428695034e-01
3.697474541319822894e-01 3.473628531812487097e-01
3.707090860021373668e-01 4.306412268447843417e-01
3.716707178722923888e-01 4.948252074298089553e-01
3.726323497424474107e-01 4.152841214468310227e-01
3.735939816126024327e-01 4.417942794494926773e-01
3.745556134827574546e-01 4.434205058633509111e-01
3.755172453529124765e-01 4.685576544120166886e-01
3.764788772230674985e-01 2.311613776353524941e-01
3.774405090932225204e-01 3.003797237777767748e-01
3.784021409633775423e-01 5.399830442284461185e-01
3.793637728335326198e-01 6.649248280780035714e-01
3.803254047036876417e-01 4.520458076025057892e-01
3.812870365738426082e-01 5.182978369076991498e-01
3.822486684439976301e-01 4.524035367008103492e-01
3.832103003141527076e-01 4.209226496951217200e-01
3.841719321843077295e-01 3.972502901874506165e-01
3.851335640544627514e-01 3.897291226428549749e-01
3.860951959246177734e-01 4.080104024286370645e-01
3.870568277947727953e-01 5.828232908059725048e-01
3.880184596649278173e-01 5.325582225259211100e-01
3.889800915350828392e-01 4.799473963035723045e-01
3.899417234052378611e-01 5.774363119037779768e-01
3.909033552753928831e-01 3.735162498037389867e-01
3.918649871455479050e-01 4.332014233457073260e-01
3.928266190157029270e-01 3.413432678940786502e-01
3.937882508858579489e-01 1.706675875982703872e-01
3.947498827560129708e-01 1.305297183817692996e-01
3.957115146261680483e-01 1.677697628825676190e-01
3.966731464963230702e-01 3.131933016045032048e-01
3.976347783664780366e-01 3.718458963365272041e-01
3.985964102366330586e-01 3.397055026903501584e-01
3.995580421067881360e-01 5.558200434496427533e-01
4.005196739769430470e-01 5.799299785217328917e-01
4.014813058470981244e-01 5.152823479682986374e-01
4.024429377172531463e-01 4.368732240408341738e-01
4.034045695874082238e-01 4.144393760880653588e-01
4.043662014575631902e-01 4.116251119249092483e-01
4.053278333277181567e-01 4.576090364733254034e-01
4.062894651978732341e-01 2.757125355881164808e-01
4.072510970680282560e-01 2.935819356495166232e-01
4.082127289381833335e-01 3.580947847428035402e-01
4.091743608083382999e-01 3.872748235896352753e-01
4.101359926784933774e-01 5.459386089603981418e-01
4.110976245486483993e-01 4.314101305254567364e-01
4.120592564188033657e-01 5.154459562086159963e-01
4.130208882889584432e-01 3.648334179752410478e-01
4.139825201591134096e-01 3.234114144901099053e-01
4.149441520292684871e-01 4.249853492700701452e-01
4.159057838994235090e-01 3.347959587076054788e-01
4.168674157695784754e-01 1.721870685944750790e-01
4.178290476397335529e-01 3.438417214690403512e-01
4.187906795098885748e-01 2.831559530780438649e-01
4.197523113800436523e-01 2.664930085731711529e-01
4.207139432501986187e-01 3.795811227524517051e-01
4.216755751203536962e-01 4.911506152353659616e-01
4.226372069905086626e-01 4.809493913531248666e-01
4.235988388606636845e-01 4.407053542192436169e-01
4.245604707308187620e-01 5.128031023381858233e-01
4.255221026009737284e-01 4.734789559153718130e-01
4.264837344711288059e-01 4.942814657377319065e-01
4.274453663412838278e-01 4.739297764443328731e-01
4.284069982114387942e-01 4.614822472180897250e-01
4.293686300815938717e-01 4.126108736024960422e-01
4.303302619517488381e-01 3.260809057542957135e-01
4.312918938219039156e-01 4.844361492770303812e-01
4.322535256920589375e-01 3.736696302502586775e-01
4.332151575622139039e-01 3.502278079956298029e-01
4.341767894323689814e-01 3.614667341629953512e-01
4.351384213025240033e-01 2.497084588866229637e-01
4.361000531726790808e-01 3.574664643176959089e-01
4.370616850428340472e-01 2.164616135418739873e-01
4.380233169129891246e-01 2.426226481185445039e-01
4.389849487831440911e-01 3.161017055705670487e-01
4.399465806532991130e-01 2.547853242819329012e-01
4.409082125234541905e-01 2.194357107801963025e-01
4.418698443936091569e-01 3.088407611114902807e-01
4.428314762637642343e-01 2.900953986366978654e-01
4.437931081339192563e-01 2.691455779761362521e-01
4.447547400040742227e-01 2.701458884738165978e-01
4.457163718742293002e-01 2.944240896259167073e-01
4.466780037443842666e-01 3.187621500537858310e-01
4.476396356145393440e-01 4.099156575060405316e-01
4.486012674846943660e-01 4.092134053512346270e-01
4.495628993548493324e-01 4.409872961963259286e-01
4.505245312250044099e-01 2.547678087249245493e-01
4.514861630951594318e-01 2.326326816207888726e-01
4.524477949653145092e-01 4.001130250999125337e-01
4.534094268354694757e-01 4.226947085768664181e-01
4.543710587056245531e-01 1.870637211113823639e-01
4.553326905757795195e-01 8.777031353308828443e-02
4.562943224459345415e-01 1.162365355660561761e-01
4.572559543160896189e-01 2.504759034302992404e-01
4.582175861862445854e-01 3.178043078883874273e-01
4.591792180563996628e-01 3.733107304602718557e-01
4.601408499265546848e-01 3.694978466354932323e-01
4.611024817967096512e-01 3.134373788369444469e-01
4.620641136668647286e-01 2.178319950333857946e-01
4.630257455370196951e-01 1.943405759062635241e-01
4.639873774071747725e-01 3.863756659995907228e-01
4.649490092773297945e-01 4.371038819844770273e-01
4.659106411474847609e-01 3.281567184703320095e-01
4.668722730176398383e-01 2.760213656813448324e-01
4.678339048877948603e-01 3.242273811218048252e-01
4.687955367579499377e-01 3.473691535363343519e-01
4.697571686281049042e-01 2.136132153921757038e-01
4.707188004982599816e-01 2.770647242396293564e-01
4.716804323684149480e-01 2.901789298258634631e-01
4.726420642385699700e-01 4.400477369986042220e-01
4.736036961087250474e-01 3.530881463116237740e-01
4.745653279788800138e-01 2.175261387416718151e-01
4.755269598490350913e-01 2.498443179491829369e-01
4.764885917191901132e-01 3.023890304422209852e-01
4.774502235893450797e-01 4.328066272096329214e-01
4.784118554595001571e-01 4.648430562067886740e-01
4.793734873296551235e-01 3.876870117823649764e-01
4.803351191998102010e-01 2.842258953303904434e-01
4.812967510699652229e-01 3.819626209874513734e-01
4.822583829401201894e-01 4.241059176939003805e-01
4.832200148102752668e-01 3.880117668458176183e-01
4.841816466804302888e-01 3.274837229503830827e-01
4.851432785505853662e-01 2.901991077168908362e-01
4.861049104207403326e-01 4.181787303021522462e-01
4.870665422908954101e-01 2.862462088057924348e-01
4.880281741610503765e-01 4.599864635568309268e-01
4.889898060312053985e-01 4.282828816063002364e-01
4.899514379013604759e-01 4.072383871828364477e-01
4.909130697715154423e-01 6.138200134334894642e-01
4.918747016416705198e-01 5.648014008269086617e-01
4.928363335118255417e-01 5.018653752415289659e-01
4.937979653819805081e-01 3.150462625037988573e-01
4.947595972521355856e-01 3.240113250499163655e-01
4.957212291222905520e-01 3.066237448695829926e-01
4.966828609924456295e-01 3.297290812563566931e-01
4.976444928626006514e-01 3.565728879927370087e-01
4.986061247327556178e-01 3.881647560084360293e-01
4.995677566029106953e-01 4.119915527996944604e-01
5.005293884730657172e-01 3.262084991664977451e-01
5.014910203432207947e-01 3.763747869799800583e-01
5.024526522133757611e-01 4.816903880798264481e-01
5.034142840835308386e-01 4.077581926329330031e-01
5.043759159536858050e-01 2.987851703038622020e-01
5.053375478238407714e-01 2.415623756205320660e-01
5.062991796939958489e-01 4.021123149900773797e-01
5.072608115641509263e-01 5.384399131883306211e-01
5.082224434343060038e-01 5.456353767271444610e-01
5.091840753044609702e-01 3.572109075073335305e-01
5.101457071746159366e-01 3.044175741775347888e-01
5.111073390447710141e-01 3.362049399343334244e-01
5.120689709149259805e-01 4.212254025721122730e-01
5.130306027850810580e-01 4.923392599242433221e-01
5.139922346552360244e-01 4.319914220659732962e-01
5.149538665253911018e-01 3.869873205319578346e-01
5.159154983955461793e-01 3.638515196288771847e-01
5.168771302657011457e-01 4.085697577459406205e-01
5.178387621358562232e-01 3.611924840486508970e-01
5.188003940060111896e-01 4.091460189578555173e-01
5.197620258761662670e-01 4.077251348494286276e-01
5.207236577463212335e-01 3.494565671968743459e-01
5.216852896164761999e-01 3.848152700585316666e-01
5.226469214866312774e-01 4.361295015965858113e-01
5.236085533567863548e-01 3.858471918944417212e-01
5.245701852269414323e-01 3.288284966064871639e-01
5.255318170970963987e-01 3.268589041456912980e-01
5.264934489672513651e-01 4.943827291963103221e-01
5.274550808374064426e-01 3.588527281810058867e-01
5.284167127075614090e-01 4.947836154302969192e-01
5.293783445777164864e-01 6.012809521433837290e-01
5.303399764478714529e-01 6.517524441494870757e-01
5.313016083180265303e-01 5.550858613378686357e-01
5.322632401881816078e-01 3.303312602097925321e-01
5.332248720583365742e-01 3.341777044434870447e-01
5.341865039284916516e-01 4.366108255741920630e-01
5.351481357986466181e-01 4.368209321189908678e-01
5.361097676688016955e-01 2.295422847786134923e-01
5.370713995389566620e-01 3.150099556788781285e-01
5.380330314091116284e-01 3.436988996780065975e-01
5.389946632792667058e-01 2.467105308441013278e-01
5.399562951494217833e-01 1.906464348785164020e-01
5.409179270195768607e-01 2.934690366457104460e-01
5.418795588897318272e-01 3.375320557005458966e-01
5.428411907598867936e-01 4.127887040083670911e-01
5.438028226300418710e-01 4.268035957311084871e-01
5.447644545001968375e-01 2.787142131447772897e-01
5.457260863703519149e-01 3.446934838357122999e-01
5.466877182405068814e-01 3.191412606208885450e-01
5.476493501106619588e-01 1.931868637008058442e-01
5.486109819808170363e-01 1.350070541131351831e-01
5.495726138509720027e-01 3.082455757915347760e-01
5.505342457211270801e-01 4.218660074510438562e-01
5.514958775912820466e-01 4.087658443651847051e-01
5.524575094614371240e-01 3.552931978028333049e-01
5.534191413315920904e-01 3.126750062677174924e-01
5.543807732017470569e-01 3.523353673083029491e-01
5.553424050719021343e-01 3.781571157394125748e-01
5.563040369420572118e-01 3.154973147507327269e-01
5.572656688122122892e-01 2.002038437154602946e-01
5.582273006823672556e-01 4.343052599061820729e-01
5.591889325525222221e-01 3.884605638957800977e-01
5.601505644226772995e-01 2.817427447892555392e-01
5.611121962928322660e-01 2.752384417033972852e-01
5.620738281629873434e-01 3.456936822399825360e-01
5.630354600331423098e-01 2.548035570630204916e-01
5.639970919032973873e-01 2.756854377188844296e-01
5.649587237734524647e-01 2.773187455332006834e-01
5.659203556436074312e-01 2.357992542590139351e-01
5.668819875137625086e-01 3.502210144119253243e-01
5.678436193839174750e-01 3.895935401140100396e-01
5.688052512540725525e-01 3.326624645143532177e-01
5.697668831242275189e-01 4.074754016384893873e-01
5.707285149943824853e-01 4.512781553429938697e-01
5.716901468645375628e-01 3.618924179187530399e-01
5.726517787346926402e-01 3.371097091141699309e-01
5.736134106048477177e-01 2.921782231721223866e-01
5.745750424750026841e-01 3.171210290945438715e-01
5.755366743451576506e-01 3.382581207781889532e-01
5.764983062153127280e-01 5.262807036260639393e-01
5.774599380854676944e-01 4.874750609496310005e-01
5.784215699556227719e-01 4.361974351076653988e-01
5.793832018257777383e-01 3.680102287944535533e-01
5.803448336959328158e-01 3.603257419595031763e-01
5.813064655660878932e-01 4.003053783423879963e-01
5.822680974362428596e-01 3.877262072508926849e-01
5.832297293063979371e-01 3.260391572068996879e-01
5.841913611765529035e-01 3.690504729984631638e-01
5.851529930467079810e-01 4.700324561423592229e-01
5.861146249168629474e-01 4.461577904189013566e-01
5.870762567870179138e-01 3.637800177816679081e-01
5.880378886571729913e-01 4.699788201763475115e-01
5.889995205273280687e-01 5.478848324054723662e-01
5.899611523974831462e-01 5.236498165718082021e-01
5.909227842676381126e-01 5.409683765359609708e-01
5.918844161377930790e-01 3.983937563364321477e-01
5.928460480079481565e-01 4.694548056121661261e-01
5.938076798781031229e-01 5.476016737964961578e-01
5.947693117482582004e-01 4.352297550897326062e-01
5.957309436184131668e-01 4.281403082997314868e-01
5.966925754885682442e-01 4.416425533994754460e-01
5.976542073587233217e-01 4.914719198632937491e-01
5.986158392288782881e-01 4.936544234118862562e-01
5.995774710990333656e-01 5.714654798595226737e-01
