# q (1/Angstrom), Intensity (arb)
2.067508526570814575e-02 1.881191415877904660e+01
2.163671713586316769e-02 1.738596472957867434e+01
2.259834900601819310e-02 1.638499393213417932e+01
2.355998087617321851e-02 1.500508771945825970e+01
2.452161274632824739e-02 1.434982967411620791e+01
2.548324461648326933e-02 1.398240886255588578e+01
2.644487648663829821e-02 1.234013735550468738e+01
2.740650835679332709e-02 1.231733597270515190e+01
2.836814022694834903e-02 1.241683593622822457e+01
2.932977209710337443e-02 1.318024671260566549e+01
3.029140396725839637e-02 1.319810266957905043e+01
3.125303583741342178e-02 1.261700454405423244e+01
3.221466770756845066e-02 1.350470991221164496e+01
3.317629957772347260e-02 1.374602981844765281e+01
3.413793144787850148e-02 1.338506757794293733e+01
3.509956331803352342e-02 1.372722393453084777e+01
3.606119518818855230e-02 1.404882248441685633e+01
3.702282705834358117e-02 1.335632817876069112e+01
3.798445892849860311e-02 1.283038339880717871e+01
3.894609079865363199e-02 1.351729227331918892e+01
3.990772266880865393e-02 1.335542801543854807e+01
4.086935453896367587e-02 1.270903824646965319e+01
4.183098640911870475e-02 1.272681899728324595e+01
4.279261827927372669e-02 1.247559758812522190e+01
4.375425014942875557e-02 1.271795706794972247e+01
4.471588201958377751e-02 1.263845212969950538e+01
4.567751388973880639e-02 1.291663911800944931e+01
4.663914575989382832e-02 1.233412699467533713e+01
4.760077763004885720e-02 1.170253810539095340e+01
4.856240950020387914e-02 1.210411809834467789e+01
4.952404137035890108e-02 1.216669013145146749e+01
5.048567324051392302e-02 1.135227696905902661e+01
5.144730511066895190e-02 1.159923330116213336e+01
5.240893698082397384e-02 1.140784675437366502e+01
5.337056885097899578e-02 1.101368618727248005e+01
5.433220072113403160e-02 1.121341742244007733e+01
5.529383259128905354e-02 1.125549313686176589e+01
5.625546446144407547e-02 1.118248934303597508e+01
5.721709633159910435e-02 1.117935601480233387e+01
5.817872820175412629e-02 1.100536623484172338e+01
5.914036007190914823e-02 1.085037834262273648e+01
6.010199194206417017e-02 1.015945725954920320e+01
6.106362381221920599e-02 1.019161408475671138e+01
6.202525568237422793e-02 1.034748536642977257e+01
6.298688755252924987e-02 9.779437326529606622e+00
6.394851942268428568e-02 9.634023933474757939e+00
6.491015129283930762e-02 1.024807454824382091e+01
6.587178316299432956e-02 9.875663242245519058e+00
6.683341503314935150e-02 9.684577445344341839e+00
6.779504690330438732e-02 9.386598979908214346e+00
6.875667877345940926e-02 9.144168415481832568e+00
6.971831064361443120e-02 9.415495068364585052e+00
7.067994251376945314e-02 9.342174117724695748e+00
7.164157438392447508e-02 9.448990632549403301e+00
7.260320625407949702e-02 9.485381635229114039e+00
7.356483812423453283e-02 9.454495083918192933e+00
7.452646999438955477e-02 9.131619995815395185e+00
7.548810186454457671e-02 8.888876212874436078e+00
7.644973373469959865e-02 8.724520697032275507e+00
7.741136560485463447e-02 8.879543238785174708e+00
7.837299747500965641e-02 9.436117090870432378e+00
7.933462934516467835e-02 9.610423111705809873e+00
8.029626121531971417e-02 9.684924958298832820e+00
8.125789308547473611e-02 9.855320764222518903e+00
8.221952495562975805e-02 9.400590501241509855e+00
8.318115682578479386e-02 9.879393698955126979e+00
8.414278869593981580e-02 1.071360044593972916e+01
8.510442056609483774e-02 1.145029240263616543e+01
8.606605243624985968e-02 1.214049027844496109e+01
8.702768430640489550e-02 1.427226970455277311e+01
8.798931617655991744e-02 2.072606781062731685e+01
8.895094804671493938e-02 3.510506612751338196e+01
8.991257991686996132e-02 5.223770971312500677e+01
9.087421178702498326e-02 6.214864801885686774e+01
9.183584365718000520e-02 6.468670673762547096e+01
9.279747552733502713e-02 8.535271904997226500e+01
9.375910739749006295e-02 1.524283938123393796e+02
9.472073926764508489e-02 2.273617031569050084e+02
9.568237113780010683e-02 2.354635789223395079e+02
9.664400300795514265e-02 1.689225780310053437e+02
9.760563487811016459e-02 1.128828249334973890e+02
9.856726674826518653e-02 8.968411961226159690e+01
9.952889861842022234e-02 8.321145848200509931e+01
1.004905304885752443e-01 8.823477457511516775e+01
1.014521623587302801e-01 9.282299247078880455e+01
1.024137942288853020e-01 8.645840746649557218e+01
1.033754260990403240e-01 7.480110735482587359e+01
1.043370579691953459e-01 6.474426142661454264e+01
1.052986898393503817e-01 5.600620830350887758e+01
1.062603217095053898e-01 4.919084924729762065e+01
1.072219535796604256e-01 4.523735079888601263e+01
1.081835854498154614e-01 4.441315919705556325e+01
1.091452173199704695e-01 4.621853977858850726e+01
1.101068491901255053e-01 4.508375314485292051e+01
1.110684810602805411e-01 3.627538009233889227e+01
1.120301129304355492e-01 2.563665793161491635e+01
1.129917448005905850e-01 1.882644621947529373e+01
1.139533766707456208e-01 1.559897010875501877e+01
1.149150085409006289e-01 1.341240872871133405e+01
1.158766404110556647e-01 1.183633226615463485e+01
1.168382722812106728e-01 1.016955753225313330e+01
1.177999041513657086e-01 8.628048948918912942e+00
1.187615360215207305e-01 7.935292557305135830e+00
1.197231678916757525e-01 6.791195678335405717e+00
1.206847997618307744e-01 6.131676810204890415e+00
1.216464316319858102e-01 5.572573960704342966e+00
1.226080635021408183e-01 5.223870620772856910e+00
1.235696953722958541e-01 4.547994650306485198e+00
1.245313272424508899e-01 4.231875017508400560e+00
1.254929591126059119e-01 3.850731618644893217e+00
1.264545909827609338e-01 3.353305205170006076e+00
1.274162228529159557e-01 2.979242247514047648e+00
1.283778547230709777e-01 2.707778684887447440e+00
1.293394865932259996e-01 2.451246632483503163e+00
1.303011184633810493e-01 2.238253201262953240e+00
1.312627503335360435e-01 2.090748317351266650e+00
1.322243822036910932e-01 1.910041037369815342e+00
1.331860140738460874e-01 1.723144437177239752e+00
1.341476459440011371e-01 1.953566947335595216e+00
1.351092778141561590e-01 1.747231787614790477e+00
1.360709096843111809e-01 1.630331138030626903e+00
1.370325415544662029e-01 1.596470324208326019e+00
1.379941734246212526e-01 1.476841945895323249e+00
1.389558052947762468e-01 1.329756473358969515e+00
1.399174371649312965e-01 1.292093550561311588e+00
1.408790690350863184e-01 1.169649413422849449e+00
1.418407009052413403e-01 1.015457056395739244e+00
1.428023327753963623e-01 1.157559934579417416e+00
1.437639646455513842e-01 1.296369988970887732e+00
1.447255965157064062e-01 1.232493072183796556e+00
1.456872283858614281e-01 1.458153168723701043e+00
1.466488602560164778e-01 1.415694851219488015e+00
1.476104921261714720e-01 1.103757393064853431e+00
1.485721239963265217e-01 1.210828396715676547e+00
1.495337558664815436e-01 1.111724878995843824e+00
1.504953877366365655e-01 1.056461854460327032e+00
1.514570196067915875e-01 6.726456976308128333e-01
1.524186514769466094e-01 8.812832406330812773e-01
1.533802833471016314e-01 1.726257437329508093e+00
1.543419152172566811e-01 3.256257884101191991e+00
1.553035470874116752e-01 4.255082505282622662e+00
1.562651789575667249e-01 3.951997681405323704e+00
1.572268108277217469e-01 2.570916519386031496e+00
1.581884426978767688e-01 1.690859833199951368e+00
1.591500745680317908e-01 1.284586772084530537e+00
1.601117064381868405e-01 1.301196814770353427e+00
1.610733383083418346e-01 1.308424915115988796e+00
1.620349701784968843e-01 1.275068128186774175e+00
1.629966020486519063e-01 1.267228312351157626e+00
1.639582339188069282e-01 1.157233488607452898e+00
1.649198657889619501e-01 1.313962156123125169e+00
1.658814976591169721e-01 1.214160172597999576e+00
1.668431295292719940e-01 1.441121085356723341e+00
1.678047613994270160e-01 1.590211924523082132e+00
1.687663932695820379e-01 1.725599598857684214e+00
1.697280251397370598e-01 1.709544564713556980e+00
1.706896570098921095e-01 1.617815375512680731e+00
1.716512888800471037e-01 1.493174864141124658e+00
1.726129207502021534e-01 1.456300320349143362e+00
1.735745526203571754e-01 1.418905466811295923e+00
1.745361844905121973e-01 1.411870589824200550e+00
1.754978163606672192e-01 1.235314832628393589e+00
1.764594482308222689e-01 1.475178721362546241e+00
1.774210801009772631e-01 1.732494470858064517e+00
1.783827119711323128e-01 1.969818288591326905e+00
1.793443438412873348e-01 2.997426596868269399e+00
1.803059757114423567e-01 5.339795629749758632e+00
1.812676075815973786e-01 8.473478217888473552e+00
1.822292394517524006e-01 1.050594286454938242e+01
1.831908713219074225e-01 9.626533568206212976e+00
1.841525031920624444e-01 7.351184027569935608e+00
1.851141350622174664e-01 5.519914511909941979e+00
1.860757669323724883e-01 4.453309514071431607e+00
1.870373988025275380e-01 3.801083673823008269e+00
1.879990306726825322e-01 3.721752842703381248e+00
1.889606625428375819e-01 3.763973867099615234e+00
1.899222944129926038e-01 3.868610834053988867e+00
1.908839262831476258e-01 3.534067696088680322e+00
1.918455581533026477e-01 2.799002379467729895e+00
1.928071900234576974e-01 2.334368464964807544e+00
1.937688218936126916e-01 2.038062971978195748e+00
1.947304537637677413e-01 1.890105614374391507e+00
1.956920856339227632e-01 1.457685685494904959e+00
1.966537175040777852e-01 1.262093963599863145e+00
1.976153493742328071e-01 1.369583961036958897e+00
1.985769812443878291e-01 1.528060522750052996e+00
1.995386131145428510e-01 1.375943100944844844e+00
2.005002449846978729e-01 1.219214563629964942e+00
2.014618768548528949e-01 1.100405482662306866e+00
2.024235087250079168e-01 1.276538506597084677e+00
2.033851405951629665e-01 1.402934059377816567e+00
2.043467724653179884e-01 1.324198459580582465e+00
2.053084043354730381e-01 1.164044876040691179e+00
2.062700362056280046e-01 9.299975488700162884e-01
2.072316680757830543e-01 8.876871936047479039e-01
2.081932999459380762e-01 1.093835906721206896e+00
2.091549318160931259e-01 1.032623806189107540e+00
2.101165636862481478e-01 9.385635140940564725e-01
2.110781955564031698e-01 7.992667550599428239e-01
2.120398274265581640e-01 7.699424079698111711e-01
2.130014592967132137e-01 7.405249658806170032e-01
2.139630911668682356e-01 1.012910600948327300e+00
2.149247230370232575e-01 7.882333086827664204e-01
2.158863549071783072e-01 6.905825078280685148e-01
2.168479867773333014e-01 7.516599354918866993e-01
2.178096186474883234e-01 8.788891860989558324e-01
2.187712505176433453e-01 8.349164024227633263e-01
2.197328823877983950e-01 9.091606895556054724e-01
2.206945142579534169e-01 9.130890311116672819e-01
2.216561461281084666e-01 6.851786322568962362e-01
2.226177779982634330e-01 6.834187716180188943e-01
2.235794098684184827e-01 7.439180008604182603e-01
2.245410417385735047e-01 5.842826705082480032e-01
2.255026736087285544e-01 4.921531774775118606e-01
2.264643054788835763e-01 4.188947946240979547e-01
2.274259373490385983e-01 3.519089670026147587e-01
2.283875692191935924e-01 5.026737938410903439e-01
2.293492010893486421e-01 4.425125862109062780e-01
2.303108329595036641e-01 7.237553809976837726e-01
2.312724648296586860e-01 7.809185696391836018e-01
2.322340966998137357e-01 4.679038562975179616e-01
2.331957285699687299e-01 5.287037518543797887e-01
2.341573604401237518e-01 4.594998248033945742e-01
2.351189923102787738e-01 3.738848156610607987e-01
2.360806241804338235e-01 4.788684045397886280e-01
2.370422560505888454e-01 5.902808550057123682e-01
2.380038879207438951e-01 5.305066315752391404e-01
2.389655197908988615e-01 4.345559963914666923e-01
2.399271516610539112e-01 3.529103977567231709e-01
2.408887835312089332e-01 5.961199268207977298e-01
2.418504154013639829e-01 6.437779845823143887e-01
2.428120472715190048e-01 3.899673409548221059e-01
2.437736791416740267e-01 4.108946763036058769e-01
2.447353110118290209e-01 3.983546406199707235e-01
2.456969428819840706e-01 4.061170829266984583e-01
2.466585747521390926e-01 4.147381314617355486e-01
2.476202066222941145e-01 3.386843554818597113e-01
2.485818384924491642e-01 2.328659295013366659e-01
2.495434703626041584e-01 2.434632909358747099e-01
2.505051022327591803e-01 3.839713291517625748e-01
2.514667341029142023e-01 4.530349320810103109e-01
2.524283659730692242e-01 4.475851255975697995e-01
2.533899978432243016e-01 5.021043120774955071e-01
2.543516297133793236e-01 3.228353430620707343e-01
2.553132615835342900e-01 3.956557421141440045e-01
2.562748934536893120e-01 4.681817276378303916e-01
2.572365253238443894e-01 4.362764087944874802e-01
2.581981571939994113e-01 4.623843202393480567e-01
2.591597890641544333e-01 5.251089683312955003e-01
2.601214209343094552e-01 3.545637830907750754e-01
2.610830528044644772e-01 3.735574604626137329e-01
2.620446846746194991e-01 3.556757312345304456e-01
2.630063165447745210e-01 5.491689834717590202e-01
2.639679484149295430e-01 5.490664542793233238e-01
2.649295802850845649e-01 4.968353491003796307e-01
2.658912121552395869e-01 4.637574527410102121e-01
2.668528440253946088e-01 5.684117473025693812e-01
2.678144758955496307e-01 7.044767113898551258e-01
2.687761077657046527e-01 9.090578407753930890e-01
2.697377396358597301e-01 9.548062222140138999e-01
2.706993715060147521e-01 7.865989329987748135e-01
2.716610033761697185e-01 5.932495331083700307e-01
2.726226352463247404e-01 5.284969079650636559e-01
2.735842671164798179e-01 4.121247989227398989e-01
2.745458989866348398e-01 4.830336531246537390e-01
2.755075308567898618e-01 4.490886015663875241e-01
2.764691627269448837e-01 5.579892210551165022e-01
2.774307945970999056e-01 5.346430014114531559e-01
2.783924264672549276e-01 5.240443990740430991e-01
2.793540583374099495e-01 4.567063883382687095e-01
2.803156902075649715e-01 4.571357494253547316e-01
2.812773220777199934e-01 5.912660826823632476e-01
2.822389539478750153e-01 5.062054217839033754e-01
2.832005858180300373e-01 4.757739983165940600e-01
2.841622176881850592e-01 6.332579971907890126e-01
2.851238495583400812e-01 8.061171948926606490e-01
2.860854814284951586e-01 9.133822222170628891e-01
2.870471132986501805e-01 7.481923116994018130e-01
2.880087451688051470e-01 4.880755822357230045e-01
2.889703770389601689e-01 3.149471940637589285e-01
2.899320089091152464e-01 2.369926902236869637e-01
2.908936407792702683e-01 3.215930708026277784e-01
2.918552726494252902e-01 5.801364075719028790e-01
2.928169045195803122e-01 5.054638550142094289e-01
2.937785363897353341e-01 2.339168297698250854e-01
2.947401682598903561e-01 8.521933574540696554e-02
2.957018001300453780e-01 3.208901191830584310e-01
2.966634320002003999e-01 5.160092210055964301e-01
2.976250638703554219e-01 6.080814210670375530e-01
2.985866957405104993e-01 4.553451673823296630e-01
2.995483276106654658e-01 2.702918936113682946e-01
3.005099594808204877e-01 2.618434892436276584e-01
3.014715913509755651e-01 4.222961966619216412e-01
3.024332232211305871e-01 3.967578556076816199e-01
3.033948550912856090e-01 2.749488585612915870e-01
3.043564869614405755e-01 5.187642221662542852e-01
3.053181188315956529e-01 5.083811407697034213e-01
3.062797507017506748e-01 3.566871958846071777e-01
3.072413825719056968e-01 2.944717986141185406e-01
3.082030144420607187e-01 3.019280329963542897e-01
3.091646463122157407e-01 5.065495999411311345e-01
3.101262781823707626e-01 3.902860832470054220e-01
3.110879100525257845e-01 1.850033154117447509e-01
3.120495419226808065e-01 2.670373422303811139e-01
3.130111737928358284e-01 2.858995425759758291e-01
3.139728056629909059e-01 3.118208321744262435e-01
3.149344375331459278e-01 2.963734360012004743e-01
3.158960694033008942e-01 2.759172880740514699e-01
3.168577012734559162e-01 3.410246834289942797e-01
3.178193331436109936e-01 2.768089833054290239e-01
3.187809650137660156e-01 1.084030902885615433e-01
3.197425968839210375e-01 2.816135928042022840e-01
3.207042287540760039e-01 4.192136517070252921e-01
3.216658606242310814e-01 5.001766529863189703e-01
3.226274924943861033e-01 3.339595935132813054e-01
3.235891243645411253e-01 4.650600518854020038e-01
3.245507562346961472e-01 4.934994705211401822e-01
3.255123881048511691e-01 4.996591626969930644e-01
3.264740199750061911e-01 3.404240129659612535e-01
3.274356518451612130e-01 5.014255131947464861e-01
3.283972837153162350e-01 4.979406831145531953e-01
3.293589155854712569e-01 3.534795414887277332e-01
3.303205474556263344e-01 2.662929917007694769e-01
3.312821793257813563e-01 2.277480005164527199e-01
3.322438111959363227e-01 2.680453206734583205e-01
3.332054430660913447e-01 2.953438002599959589e-01
3.341670749362464221e-01 2.654447032786073635e-01
3.351287068064014441e-01 1.658181111717098588e-01
3.360903386765564660e-01 2.944339883212592213e-01
3.370519705467114324e-01 2.882602120872341800e-01
3.380136024168665099e-01 4.258011424187060356e-01
3.389752342870215318e-01 3.963709663056711463e-01
3.399368661571765537e-01 2.563870256181886020e-01
3.408984980273315757e-01 2.548162514886591623e-01
3.418601298974865976e-01 2.971750644306609956e-01
3.428217617676416196e-01 3.603757939754679285e-01
3.437833936377966415e-01 2.985835373768743750e-01
3.447450255079516634e-01 5.243002380444856669e-01
3.457066573781066854e-01 4.092373891368445982e-01
3.466682892482617628e-01 3.398576343406425337e-01
3.476299211184167848e-01 4.258582464516145194e-01
3.485915529885717512e-01 3.063813483821071770e-01
3.495531848587267731e-01 3.410530273289715808e-01
3.505148167288818506e-01 2.239274972005240727e-01
3.514764485990368725e-01 2.103712779888162743e-01
3.524380804691918945e-01 2.247213670691898812e-01
3.533997123393468609e-01 2.655254746815920441e-01
3.543613442095019384e-01 2.856291688046646016e-01
3.553229760796569603e-01 2.510791332069857162e-01
3.562846079498119822e-01 3.449261528302649538e-01
3.572462398199670042e-01 1.768283917130553107e-01
3.582078716901220261e-01 1.962622052242579684e-01
3.591695035602770480e-01 4.296446874287838114e-01
3.601311354304320700e-01 4.129970635745436880e-01
3.610927673005870919e-01 5.290976447502728774e-01
3.620543991707421139e-01 5.078574012421945838e-01
3.630160310408971913e-01 2.647547755421619797e-01
3.639776629110522133e-01 2.045618572775822486e-01
3.649392947812071797e-01 3.992775536276944592e-01
3.659009266513622016e-01 3.613396008618821043e-01
3.668625585215172791e-01 2.643169356465264741e-01
3.678241903916723010e-01 3.610977010093776585e-01
3.687858222618273230e-01 3.720303433784302172e-01
3.697474541319822894e-01 3.038449227135693320e-01
3.707090860021373668e-01 3.564417826797843247e-01
3.716707178722923888e-01 2.356646605604026945e-01
3.726323497424474107e-01 2.087474038217962402e-01
3.735939816126024327e-01 2.863067788919870793e-01
3.745556134827574546e-01 3.354774908441804371e-01
3.755172453529124765e-01 2.934315051204556823e-01
3.764788772230674985e-01 3.711142961560369713e-01
3.774405090932225204e-01 4.524848125988931713e-01
3.784021409633775423e-01 5.559351317263256931e-01
3.793637728335326198e-01 4.060431345378106016e-01
3.803254047036876417e-01 4.828695397421718383e-01
3.812870365738426082e-01 3.726654739566299668e-01
3.822486684439976301e-01 3.535966592057810942e-01
3.832103003141527076e-01 5.153521270644425556e-01
3.841719321843077295e-01 4.558562815880264907e-01
3.851335640544627514e-01 4.452458898388940156e-01
3.860951959246177734e-01 4.213659852866165068e-01
3.870568277947727953e-01 3.332534482603399795e-01
3.880184596649278173e-01 1.903818608135878776e-01
3.889800915350828392e-01 2.469942442137842420e-01
3.899417234052378611e-01 3.662502687893791631e-01
3.909033552753928831e-01 4.037867931999024051e-01
3.918649871455479050e-01 3.521853536883270408e-01
3.928266190157029270e-01 4.205850370918895464e-01
3.937882508858579489e-01 6.064273523179473102e-01
3.947498827560129708e-01 4.444318567813532184e-01
3.957115146261680483e-01 3.329434650840781273e-01
3.966731464963230702e-01 3.455051735288172665e-01
3.976347783664780366e-01 4.118855899867845949e-01
3.985964102366330586e-01 4.653832521716338988e-01
3.995580421067881360e-01 3.603152346826803409e-01
4.005196739769430470e-01 2.447292702034360445e-01
4.014813058470981244e-01 2.027784166283801426e-01
4.024429377172531463e-01 2.986965118260087593e-01
4.034045695874082238e-01 2.544281798077996370e-01
4.043662014575631902e-01 2.521352049875638102e-01
4.053278333277181567e-01 2.506872964017681227e-01
4.062894651978732341e-01 2.439016124642741090e-01
4.072510970680282560e-01 1.711409899939368984e-01
4.082127289381833335e-01 3.120329733296856034e-01
4.091743608083382999e-01 2.153155384613079093e-01
4.101359926784933774e-01 3.151713914130027661e-01
4.110976245486483993e-01 3.290668303389558957e-01
4.120592564188033657e-01 3.248496349487339785e-01
4.130208882889584432e-01 4.060972145730552540e-01
4.139825201591134096e-01 3.934895359313337337e-01
4.149441520292684871e-01 3.081912990069000102e-01
4.159057838994235090e-01 2.580308533703323803e-01
4.168674157695784754e-01 2.732336371551546961e-01
4.178290476397335529e-01 2.152124886666868520e-01
4.187906795098885748e-01 2.526589421752305498e-01
4.197523113800436523e-01 4.068234949048346039e-01
4.207139432501986187e-01 4.248158348102499815e-01
4.216755751203536962e-01 2.593169299149984397e-01
4.226372069905086626e-01 2.625894722432029482e-01
4.235988388606636845e-01 3.103083047995873756e-01
4.245604707308187620e-01 3.447019128325266024e-01
4.255221026009737284e-01 3.602778240956645561e-01
4.264837344711288059e-01 3.821104875469778506e-01
4.274453663412838278e-01 2.885601021707486780e-01
4.284069982114387942e-01 2.834411132710279446e-01
4.293686300815938717e-01 2.368376262373992347e-01
4.303302619517488381e-01 2.549650901790876389e-01
4.312918938219039156e-01 1.264529101110021259e-01
4.322535256920589375e-01 0.000000000000000000e+00
4.332151575622139039e-01 1.428334167327598436e-01
4.341767894323689814e-01 2.062615010092443413e-01
4.351384213025240033e-01 2.413819913973789255e-01
4.361000531726790808e-01 3.130043995424429681e-01
4.370616850428340472e-01 2.687665225290629678e-01
4.380233169129891246e-01 2.591187485958315051e-01
4.389849487831440911e-01 1.934666377210376709e-01
4.399465806532991130e-01 2.771864044184439990e-01
4.409082125234541905e-01 2.399670109988889521e-01
4.418698443936091569e-01 1.006069538411864528e-01
4.428314762637642343e-01 5.994970311180480849e-02
4.437931081339192563e-01 1.372808019173703542e-01
4.447547400040742227e-01 1.291383377673334110e-01
4.457163718742293002e-01 2.062527287427329270e-01
4.466780037443842666e-01 1.649540656039292230e-01
4.476396356145393440e-01 2.576163995134628237e-01
4.486012674846943660e-01 3.253952437603189196e-01
4.495628993548493324e-01 3.628628771676183362e-01
4.505245312250044099e-01 2.994332423057386450e-01
4.514861630951594318e-01 2.972100635051475592e-01
4.524477949653145092e-01 1.943395940154637458e-01
4.534094268354694757e-01 1.767639834924885633e-01
4.543710587056245531e-01 2.735479049832392207e-01
4.553326905757795195e-01 2.607428706760117620e-01
4.562943224459345415e-01 2.616428150393268481e-01
4.572559543160896189e-01 2.082415861965429826e-01
4.582175861862445854e-01 2.846186744480725395e-01
4.591792180563996628e-01 2.943977361791993985e-01
4.601408499265546848e-01 4.420481206604662816e-01
4.611024817967096512e-01 4.107120450122110356e-01
4.620641136668647286e-01 2.686622953801780511e-01
4.630257455370196951e-01 3.200189482154200959e-01
4.639873774071747725e-01 3.907299377431527887e-01
4.649490092773297945e-01 2.393920240052231918e-01
4.659106411474847609e-01 3.295480724233463832e-01
4.668722730176398383e-01 3.433938759671164576e-01
4.678339048877948603e-01 2.959045971189837587e-01
4.687955367579499377e-01 3.231149505074455419e-01
4.697571686281049042e-01 3.213066316290777991e-01
4.707188004982599816e-01 2.766566941977508520e-01
4.716804323684149480e-01 3.524688077089059846e-01
4.726420642385699700e-01 3.427067297501658061e-01
4.736036961087250474e-01 2.540899641648124430e-01
4.745653279788800138e-01 2.692643422697074129e-01
4.755269598490350913e-01 3.979417431579861386e-01
4.764885917191901132e-01 2.481302363035027270e-01
4.774502235893450797e-01 2.259135528504145896e-01
4.784118554595001571e-01 3.412373827828858452e-01
4.793734873296551235e-01 3.394227917669745409e-01
4.803351191998102010e-01 3.420250331206844407e-01
4.812967510699652229e-01 3.685634371913053542e-01
4.822583829401201894e-01 4.145624120187321182e-01
4.832200148102752668e-01 2.479042104670092783e-01
4.841816466804302888e-01 2.379178265607109211e-01
4.851432785505853662e-01 3.998819435094986829e-01
4.861049104207403326e-01 3.326114663887800305e-01
4.870665422908954101e-01 2.303337554515678676e-01
4.880281741610503765e-01 1.616289423129408931e-01
4.889898060312053985e-01 2.010365166750851529e-01
4.899514379013604759e-01 2.916005546625690670e-01
4.909130697715154423e-01 5.085307561057845760e-01
4.918747016416705198e-01 2.990513272904813391e-01
4.928363335118255417e-01 4.447885076765132339e-01
4.937979653819805081e-01 4.272268156844987175e-01
4.947595972521355856e-01 3.228888788659460829e-01
4.957212291222905520e-01 3.648891359357548936e-01
4.966828609924456295e-01 3.347975597774670575e-01
4.976444928626006514e-01 4.283647692464178647e-01
4.986061247327556178e-01 3.129509747910290685e-01
4.995677566029106953e-01 2.683608463334934413e-01
5.005293884730657172e-01 3.196818267452457007e-01
5.014910203432207947e-01 3.707491066504466914e-01
5.024526522133757611e-01 3.030011114973127917e-01
5.034142840835308386e-01 2.208440047499351522e-01
5.043759159536858050e-01 1.579473387970224962e-01
5.053375478238407714e-01 2.248342453047165179e-01
5.062991796939958489e-01 2.547231633906861248e-01
5.072608115641509263e-01 2.269423021227296999e-01
5.082224434343060038e-01 2.904209346848034556e-01
5.091840753044609702e-01 2.759727688822266600e-01
5.101457071746159366e-01 3.198404342080287677e-01
5.111073390447710141e-01 3.721596656252437185e-01
5.120689709149259805e-01 3.171384791813025572e-01
5.130306027850810580e-01 3.061224515262281898e-01
5.139922346552360244e-01 3.481839903389598589e-01
5.149538665253911018e-01 3.073971432266588977e-01
5.159154983955461793e-01 2.792576400532524872e-01
5.168771302657011457e-01 1.658689382752385200e-01
5.178387621358562232e-01 2.675648360926743408e-01
5.188003940060111896e-01 3.743875025097693765e-01
5.197620258761662670e-01 4.870356863788494195e-01
5.207236577463212335e-01 5.268579760043650140e-01
5.216852896164761999e-01 4.714845717544200454e-01
5.226469214866312774e-01 4.168612891599465797e-01
5.236085533567863548e-01 5.010168389240554632e-01
5.245701852269414323e-01 3.943877835843032642e-01
5.255318170970963987e-01 2.300771066522173669e-01
5.264934489672513651e-01 2.542317038793129313e-01
5.274550808374064426e-01 3.330302471863468838e-01
5.284167127075614090e-01 3.784586411014139173e-01
5.293783445777164864e-01 3.274166832987503994e-01
5.303399764478714529e-01 3.418544440348405544e-01
5.313016083180265303e-01 4.761673083458362044e-01
5.322632401881816078e-01 4.609379270944913287e-01
5.332248720583365742e-01 3.877791253819005135e-01
5.341865039284916516e-01 3.061391620764482013e-01
5.351481357986466181e-01 2.731898198187572291e-01
5.361097676688016955e-01 2.810025680429006911e-01
5.370713995389566620e-01 3.118745360251615750e-01
5.380330314091116284e-01 1.896143442957942682e-01
5.389946632792667058e-01 2.630751148237138182e-01
5.399562951494217833e-01 4.039067954952457740e-03
5.409179270195768607e-01 1.054604151542228863e-01
5.418795588897318272e-01 5.079160813789265205e-01
5.428411907598867936e-01 4.747716141410087687e-01
5.438028226300418710e-01 3.858703071237385984e-01
5.447644545001968375e-01 3.121187721380742630e-01
5.457260863703519149e-01 2.994678382174669196e-01
5.466877182405068814e-01 2.835774608367742644e-01
5.476493501106619588e-01 2.630915205234458654e-01
5.486109819808170363e-01 3.034389449128518379e-01
5.495726138509720027e-01 3.028665169149249436e-01
5.505342457211270801e-01 1.953071558564829502e-01
5.514958775912820466e-01 2.517247759732939016e-01
5.524575094614371240e-01 3.183981571222567197e-01
5.534191413315920904e-01 4.362391848928410809e-01
5.543807732017470569e-01 4.243169838402991445e-01
5.553424050719021343e-01 3.225744908036887182e-01
5.563040369420572118e-01 3.842203878624665947e-01
5.572656688122122892e-01 3.054691391455683913e-01
5.582273006823672556e-01 2.356583006611394637e-01
5.591889325525222221e-01 3.498589452792231214e-01
5.601505644226772995e-01 3.243051812161787950e-01
5.611121962928322660e-01 2.435615602947045488e-01
5.620738281629873434e-01 3.400948292590904032e-01
5.630354600331423098e-01 3.429502007432816413e-01
5.639970919032973873e-01 2.360568415494554984e-01
5.649587237734524647e-01 3.462914049502678893e-01
5.659203556436074312e-01 4.256073948508678484e-01
5.668819875137625086e-01 4.924464846281857433e-01
5.678436193839174750e-01 4.348931094838626166e-01
5.688052512540725525e-01 4.097294981754835419e-01
5.697668831242275189e-01 3.125496579282085463e-01
5.707285149943824853e-01 2.385982049851698150e-01
5.716901468645375628e-01 3.147411085813942577e-01
5.726517787346926402e-01 3.836136770710716348e-01
5.736134106048477177e-01 3.862363455017678859e-01
5.745750424750026841e-01 3.913935272595416848e-01
5.755366743451576506e-01 2.495005333017203952e-01
5.764983062153127280e-01 3.450355109414111610e-01
5.774599380854676944e-01 3.275595652018914450e-01
5.784215699556227719e-01 3.413233847043422031e-01
5.793832018257777383e-01 2.752631368891407249e-01
5.803448336959328158e-01 2.751936066870399600e-01
5.813064655660878932e-01 2.571391810255754251e-01
5.822680974362428596e-01 3.479309391988856248e-01
5.832297293063979371e-01 3.438669641768896668e-01
5.841913611765529035e-01 3.094105556365036591e-01
5.851529930467079810e-01 2.884414380995359295e-01
5.861146249168629474e-01 1.037036096801458029e-01
5.870762567870179138e-01 2.920928690652893067e-01
5.880378886571729913e-01 3.013995087320076038e-01
5.889995205273280687e-01 2.733119007431739078e-01
5.899611523974831462e-01 2.868526734057255112e-01
5.909227842676381126e-01 2.753757640804721518e-01
5.918844161377930790e-01 3.498249915028779355e-01
5.928460480079481565e-01 3.233242204943991283e-01
5.938076798781031229e-01 3.980121142884733842e-01
5.947693117482582004e-01 3.779533053712782475e-01
5.957309436184131668e-01 3.050245058713585422e-01
5.966925754885682442e-01 2.917064502425432693e-01
5.976542073587233217e-01 4.099582333385995980e-01
5.986158392288782881e-01 2.675148365575203968e-01
5.995774710990333656e-01 3.566611141037085986e-01
