# q (1/Angstrom), Intensity (arb)
2.067508526570814575e-02 2.049412912136359921e+01
2.163671713586316769e-02 1.621851012818780191e+01
2.259834900601819310e-02 1.484513694574295073e+01
2.355998087617321851e-02 1.501830090152236608e+01
2.452161274632824739e-02 1.265179408047809773e+01
2.548324461648326933e-02 1.239817757671061571e+01
2.644487648663829821e-02 1.254483836339669978e+01
2.740650835679332709e-02 1.181492417485586088e+01
2.836814022694834903e-02 1.189296812010309878e+01
2.932977209710337443e-02 1.210057125350860474e+01
3.029140396725839637e-02 1.249099097640141309e+01
3.125303583741342178e-02 1.204153172729931498e+01
3.221466770756845066e-02 1.177134260534140964e+01
3.317629957772347260e-02 1.150425447880412122e+01
3.413793144787850148e-02 1.208784032700017974e+01
3.509956331803352342e-02 1.244817490050088438e+01
3.606119518818855230e-02 1.246419307583319380e+01
3.702282705834358117e-02 1.175885264043168021e+01
3.798445892849860311e-02 1.144784676650627375e+01
3.894609079865363199e-02 1.201371366085379933e+01
3.990772266880865393e-02 1.135802203561971169e+01
4.086935453896367587e-02 1.185198819531247949e+01
4.183098640911870475e-02 1.160277675869172498e+01
4.279261827927372669e-02 1.096219411733313365e+01
4.375425014942875557e-02 1.141318616589351720e+01
4.471588201958377751e-02 1.106471818225729464e+01
4.567751388973880639e-02 1.081864808280078805e+01
4.663914575989382832e-02 1.130294013437515233e+01
4.760077763004885720e-02 1.035924948663636513e+01
4.856240950020387914e-02 1.007558179489165084e+01
4.952404137035890108e-02 1.033150263715479511e+01
5.048567324051392302e-02 1.062163448435969570e+01
5.144730511066895190e-02 1.057753530293548394e+01
5.240893698082397384e-02 1.011004389620553212e+01
5.337056885097899578e-02 1.020531544257411838e+01
5.433220072113403160e-02 1.022667981579433771e+01
5.529383259128905354e-02 9.589061934652168162e+00
5.625546446144407547e-02 9.125460501439913941e+00
5.721709633159910435e-02 9.234438681971877116e+00
5.817872820175412629e-02 9.498564239241751750e+00
5.914036007190914823e-02 9.576032820921579258e+00
6.010199194206417017e-02 9.393819518955048409e+00
6.106362381221920599e-02 9.257321125421029251e+00
6.202525568237422793e-02 8.954807017911274869e+00
6.298688755252924987e-02 8.921768056967934513e+00
6.394851942268428568e-02 8.835082191256958595e+00
6.491015129283930762e-02 8.705590776846086953e+00
6.587178316299432956e-02 8.832473035992844501e+00
6.683341503314935150e-02 8.731336124299453161e+00
6.779504690330438732e-02 8.957225823937193354e+00
6.875667877345940926e-02 8.918979069985780939e+00
6.971831064361443120e-02 8.623913443797146527e+00
7.067994251376945314e-02 8.380632022520387636e+00
7.164157438392447508e-02 8.219360157100808806e+00
7.260320625407949702e-02 8.533757671857046034e+00
7.356483812423453283e-02 8.543013522756815803e+00
7.452646999438955477e-02 8.731858943011257423e+00
7.548810186454457671e-02 8.706375227349923307e+00
7.644973373469959865e-02 8.299734394378631919e+00
7.741136560485463447e-02 8.251297227797149247e+00
7.837299747500965641e-02 8.259744312226874996e+00
7.933462934516467835e-02 8.337400388611918345e+00
8.029626121531971417e-02 8.395119393805412500e+00
8.125789308547473611e-02 8.635280578606820967e+00
8.221952495562975805e-02 8.605803707769439370e+00
8.318115682578479386e-02 9.122593524378910246e+00
8.414278869593981580e-02 9.119504632368819586e+00
8.510442056609483774e-02 9.708831295252679183e+00
8.606605243624985968e-02 1.086532878969806148e+01
8.702768430640489550e-02 1.317732798581192455e+01
8.798931617655991744e-02 2.001000801372953930e+01
8.895094804671493938e-02 3.268667043941326256e+01
8.991257991686996132e-02 4.552924002413828930e+01
9.087421178702498326e-02 5.268132262681483979e+01
9.183584365718000520e-02 5.881531492185983723e+01
9.279747552733502713e-02 8.483397133645804900e+01
9.375910739749006295e-02 1.493587214689488292e+02
9.472073926764508489e-02 2.111109144558294588e+02
9.568237113780010683e-02 2.034950555277173123e+02
9.664400300795514265e-02 1.428442328658937015e+02
9.760563487811016459e-02 1.019678620286475166e+02
9.856726674826518653e-02 8.322783223401658859e+01
9.952889861842022234e-02 7.871974945186315153e+01
1.004905304885752443e-01 8.255411461848467525e+01
1.014521623587302801e-01 8.445106533823384609e+01
1.024137942288853020e-01 7.854336547047590500e+01
1.033754260990403240e-01 6.864588466392704902e+01
1.043370579691953459e-01 5.848490514075758284e+01
1.052986898393503817e-01 5.066029613350175964e+01
1.062603217095053898e-01 4.546088289874878541e+01
1.072219535796604256e-01 4.290912066149316217e+01
1.081835854498154614e-01 4.374918922820729961e+01
1.091452173199704695e-01 4.457496408577358693e+01
1.101068491901255053e-01 4.102747489576230322e+01
1.110684810602805411e-01 3.349737020846075097e+01
1.120301129304355492e-01 2.511521201703232009e+01
1.129917448005905850e-01 1.913370416681635078e+01
1.139533766707456208e-01 1.572580244383110326e+01
1.149150085409006289e-01 1.339084343339798977e+01
1.158766404110556647e-01 1.168703218845477210e+01
1.168382722812106728e-01 1.018870511765893738e+01
1.177999041513657086e-01 9.018601381252601357e+00
1.187615360215207305e-01 7.891545206377131194e+00
1.197231678916757525e-01 7.013011062237126225e+00
1.206847997618307744e-01 5.938925023892686283e+00
1.216464316319858102e-01 5.222255106311568085e+00
1.226080635021408183e-01 4.883166927068085528e+00
1.235696953722958541e-01 4.623365728189369861e+00
1.245313272424508899e-01 4.279307302293009485e+00
1.254929591126059119e-01 4.170028387322592067e+00
1.264545909827609338e-01 3.514762285647055506e+00
1.274162228529159557e-01 3.156774299227368630e+00
1.283778547230709777e-01 3.123221823229922478e+00
1.293394865932259996e-01 2.668515425782572947e+00
1.303011184633810493e-01 2.528651283605487521e+00
1.312627503335360435e-01 2.079152295143412488e+00
1.322243822036910932e-01 2.035735068567056771e+00
1.331860140738460874e-01 2.018086651631168849e+00
1.341476459440011371e-01 1.619807318663994522e+00
1.351092778141561590e-01 1.886761849840588923e+00
1.360709096843111809e-01 1.785868783909936752e+00
1.370325415544662029e-01 1.685652503647379064e+00
1.379941734246212526e-01 1.504816431177509628e+00
1.389558052947762468e-01 1.369670861131613293e+00
1.399174371649312965e-01 1.377920993479410328e+00
1.408790690350863184e-01 1.280837896909165607e+00
1.418407009052413403e-01 1.333602856869873676e+00
1.428023327753963623e-01 1.216831272114369256e+00
1.437639646455513842e-01 9.545042657024644939e-01
1.447255965157064062e-01 1.022931637867998234e+00
1.456872283858614281e-01 1.342339392106719487e+00
1.466488602560164778e-01 1.182245537714628369e+00
1.476104921261714720e-01 9.419182182963936611e-01
1.485721239963265217e-01 1.304396575774411815e+00
1.495337558664815436e-01 1.078878202314953683e+00
1.504953877366365655e-01 1.146113023399021102e+00
1.514570196067915875e-01 1.242770593624261011e+00
1.524186514769466094e-01 1.461401143554731163e+00
1.533802833471016314e-01 2.047309962501479674e+00
1.543419152172566811e-01 3.092402070815481352e+00
1.553035470874116752e-01 3.418022011741271626e+00
1.562651789575667249e-01 3.069363827157165048e+00
1.572268108277217469e-01 2.277240223427995147e+00
1.581884426978767688e-01 1.713732706587876464e+00
1.591500745680317908e-01 1.322999094224794447e+00
1.601117064381868405e-01 1.226375497295848049e+00
1.610733383083418346e-01 1.061621077852016981e+00
1.620349701784968843e-01 1.331837406739662555e+00
1.629966020486519063e-01 1.347683170864041102e+00
1.639582339188069282e-01 1.150303860146401291e+00
1.649198657889619501e-01 1.318136586229318397e+00
1.658814976591169721e-01 1.755434245920962866e+00
1.668431295292719940e-01 1.693694978323289746e+00
1.678047613994270160e-01 1.722910026485749313e+00
1.687663932695820379e-01 1.663927593780304193e+00
1.697280251397370598e-01 1.575775935155174778e+00
1.706896570098921095e-01 1.501096460991153236e+00
1.716512888800471037e-01 1.616791622566307041e+00
1.726129207502021534e-01 1.551907212108702083e+00
1.735745526203571754e-01 1.218990013314527943e+00
1.745361844905121973e-01 1.272200080447991155e+00
1.754978163606672192e-01 1.224686838102204689e+00
1.764594482308222689e-01 1.462468020540800495e+00
1.774210801009772631e-01 1.920069727412315075e+00
1.783827119711323128e-01 2.660761971346367716e+00
1.793443438412873348e-01 3.540089969274543336e+00
1.803059757114423567e-01 5.360091605281240845e+00
1.812676075815973786e-01 7.490964214198410076e+00
1.822292394517524006e-01 8.379658668764406571e+00
1.831908713219074225e-01 7.497623109364273120e+00
1.841525031920624444e-01 6.212354375284014907e+00
1.851141350622174664e-01 5.121761181633271320e+00
1.860757669323724883e-01 4.084733546373101376e+00
1.870373988025275380e-01 3.344218806799698740e+00
1.879990306726825322e-01 3.413786776442432114e+00
1.889606625428375819e-01 3.610290560734313203e+00
1.899222944129926038e-01 3.813041623129837632e+00
1.908839262831476258e-01 3.519732380356998647e+00
1.918455581533026477e-01 2.766248519469186817e+00
1.928071900234576974e-01 2.181644047202318859e+00
1.937688218936126916e-01 2.030479590707507498e+00
1.947304537637677413e-01 1.938808181131406627e+00
1.956920856339227632e-01 1.552245468069290979e+00
1.966537175040777852e-01 1.423355998808968792e+00
1.976153493742328071e-01 1.227628188267619436e+00
1.985769812443878291e-01 1.368163020427154208e+00
1.995386131145428510e-01 1.649853804721683304e+00
2.005002449846978729e-01 1.640546130808633762e+00
2.014618768548528949e-01 1.367890423540778500e+00
2.024235087250079168e-01 1.173276740186320666e+00
2.033851405951629665e-01 1.076420716119834253e+00
2.043467724653179884e-01 1.285257316470033828e+00
2.053084043354730381e-01 1.423655103484612994e+00
2.062700362056280046e-01 1.216238192188185963e+00
2.072316680757830543e-01 1.110875200684024122e+00
2.081932999459380762e-01 1.084782801627262927e+00
2.091549318160931259e-01 1.207945723247906500e+00
2.101165636862481478e-01 8.592780418004259957e-01
2.110781955564031698e-01 8.012608409931836206e-01
2.120398274265581640e-01 8.605661973069658188e-01
2.130014592967132137e-01 7.371316219275279025e-01
2.139630911668682356e-01 8.990207441699453739e-01
2.149247230370232575e-01 9.059467004839838467e-01
2.158863549071783072e-01 8.101173463969750799e-01
2.168479867773333014e-01 8.679214516696731607e-01
2.178096186474883234e-01 7.118722289776009404e-01
2.187712505176433453e-01 7.696646841623078217e-01
2.197328823877983950e-01 9.860257777979590799e-01
2.206945142579534169e-01 8.203182455060584743e-01
2.216561461281084666e-01 6.832583306474866447e-01
2.226177779982634330e-01 6.015448752565788482e-01
2.235794098684184827e-01 8.313276147082753198e-01
2.245410417385735047e-01 9.400958834265651376e-01
2.255026736087285544e-01 8.689282982315482684e-01
2.264643054788835763e-01 6.997469827149238597e-01
2.274259373490385983e-01 7.211106551765986694e-01
2.283875692191935924e-01 7.438484832780787315e-01
2.293492010893486421e-01 7.087724396990253695e-01
2.303108329595036641e-01 6.501993281624542931e-01
2.312724648296586860e-01 6.687294021368224151e-01
2.322340966998137357e-01 5.612428244254630272e-01
2.331957285699687299e-01 4.920029863682415794e-01
2.341573604401237518e-01 6.336728909145428190e-01
2.351189923102787738e-01 5.052972212971944543e-01
2.360806241804338235e-01 6.303940463574093656e-01
2.370422560505888454e-01 6.820364490539105873e-01
2.380038879207438951e-01 7.194402460530859855e-01
2.389655197908988615e-01 4.837078538609027589e-01
2.399271516610539112e-01 3.738343215950585829e-01
2.408887835312089332e-01 6.644911434397968719e-01
2.418504154013639829e-01 5.185905792578537898e-01
2.428120472715190048e-01 3.930764359574041578e-01
2.437736791416740267e-01 5.574361517637527186e-01
2.447353110118290209e-01 6.852184798658278453e-01
2.456969428819840706e-01 6.578203272098654963e-01
2.466585747521390926e-01 7.675569357551381700e-01
2.476202066222941145e-01 7.848156637983976225e-01
2.485818384924491642e-01 7.125839909181834742e-01
2.495434703626041584e-01 6.276021547721306604e-01
2.505051022327591803e-01 4.885791670410597476e-01
2.514667341029142023e-01 4.384666319649319632e-01
2.524283659730692242e-01 5.268206588476118668e-01
2.533899978432243016e-01 6.041524634932535776e-01
2.543516297133793236e-01 5.836753044079081576e-01
2.553132615835342900e-01 4.252300218578568547e-01
2.562748934536893120e-01 3.237704082780865633e-01
2.572365253238443894e-01 3.641006760527112363e-01
2.581981571939994113e-01 5.049261292757449837e-01
2.591597890641544333e-01 5.367535571487564994e-01
2.601214209343094552e-01 5.466925307531873557e-01
2.610830528044644772e-01 4.946644212307838018e-01
2.620446846746194991e-01 5.512319686200086721e-01
2.630063165447745210e-01 4.830018115618806007e-01
2.639679484149295430e-01 4.780269791305897797e-01
2.649295802850845649e-01 5.906261228864977397e-01
2.658912121552395869e-01 6.239479584579612492e-01
2.668528440253946088e-01 6.132928235941541573e-01
2.678144758955496307e-01 7.323339727166171542e-01
2.687761077657046527e-01 7.971158569563847607e-01
2.697377396358597301e-01 7.777345264933117619e-01
2.706993715060147521e-01 5.832148287903997641e-01
2.716610033761697185e-01 4.793276456371557970e-01
2.726226352463247404e-01 3.576188689180064273e-01
2.735842671164798179e-01 6.181511261485042041e-01
2.745458989866348398e-01 7.581416306772474911e-01
2.755075308567898618e-01 4.426093069403513880e-01
2.764691627269448837e-01 6.094572299927598635e-01
2.774307945970999056e-01 6.666748230007399911e-01
2.783924264672549276e-01 6.195658536852803877e-01
2.793540583374099495e-01 5.350691548619899152e-01
2.803156902075649715e-01 4.066436412699232505e-01
2.812773220777199934e-01 5.648711365540997065e-01
2.822389539478750153e-01 4.992039924186499888e-01
2.832005858180300373e-01 4.325616777380290046e-01
2.841622176881850592e-01 6.926961366485500093e-01
2.851238495583400812e-01 7.043968616945370798e-01
2.860854814284951586e-01 6.586240909705409763e-01
2.870471132986501805e-01 7.769780128566665667e-01
2.880087451688051470e-01 7.283562006913513187e-01
2.889703770389601689e-01 5.565667894744628086e-01
2.899320089091152464e-01 5.792282543966642550e-01
2.908936407792702683e-01 5.088487514939750156e-01
2.918552726494252902e-01 2.501975162834497723e-01
2.928169045195803122e-01 0.000000000000000000e+00
2.937785363897353341e-01 2.978297230366528936e-01
2.947401682598903561e-01 5.283211366523126173e-01
2.957018001300453780e-01 2.498895861017729203e-01
2.966634320002003999e-01 3.893576310105970606e-01
2.976250638703554219e-01 5.809143075380731602e-01
2.985866957405104993e-01 5.392501250298380455e-01
2.995483276106654658e-01 4.740976600571507049e-01
3.005099594808204877e-01 4.444786921280012848e-01
3.014715913509755651e-01 3.977029544393779759e-01
3.024332232211305871e-01 2.673462230863705713e-01
3.033948550912856090e-01 4.871300788457872954e-01
3.043564869614405755e-01 6.346731664380627080e-01
3.053181188315956529e-01 6.057821136445795673e-01
3.062797507017506748e-01 3.877778234086157738e-01
3.072413825719056968e-01 3.709217479430826359e-01
3.082030144420607187e-01 4.195949637645277619e-01
3.091646463122157407e-01 4.338341232740710041e-01
3.101262781823707626e-01 6.145498435433687234e-01
3.110879100525257845e-01 6.437892698575780059e-01
3.120495419226808065e-01 5.557558644809965642e-01
3.130111737928358284e-01 3.772767691242719934e-01
3.139728056629909059e-01 5.533471602721853344e-01
3.149344375331459278e-01 4.804675610058133373e-01
3.158960694033008942e-01 3.739779215096241671e-01
3.168577012734559162e-01 4.378483758732727438e-01
3.178193331436109936e-01 4.444246717891253695e-01
3.187809650137660156e-01 5.794135081937206166e-01
3.197425968839210375e-01 5.268499298900941596e-01
3.207042287540760039e-01 3.478015691636358042e-01
3.216658606242310814e-01 5.726798976786788842e-01
3.226274924943861033e-01 7.310915516941633996e-01
3.235891243645411253e-01 7.546516625929733380e-01
3.245507562346961472e-01 6.849500556674783525e-01
3.255123881048511691e-01 6.044501236738213379e-01
3.264740199750061911e-01 5.964006230158211963e-01
3.274356518451612130e-01 6.320666536084011966e-01
3.283972837153162350e-01 5.056488609218767749e-01
3.293589155854712569e-01 3.329272794911659616e-01
3.303205474556263344e-01 2.672175717033269393e-01
3.312821793257813563e-01 2.981471048498320897e-01
3.322438111959363227e-01 3.354505237386540273e-01
3.332054430660913447e-01 2.863445757231382061e-01
3.341670749362464221e-01 4.004520018229094092e-01
3.351287068064014441e-01 4.707812780202722536e-01
3.360903386765564660e-01 3.079014944811575560e-01
3.370519705467114324e-01 3.145706137912895883e-01
3.380136024168665099e-01 4.650984394774866360e-01
3.389752342870215318e-01 3.722045083110856467e-01
3.399368661571765537e-01 3.467148531141006629e-01
3.408984980273315757e-01 2.937795005520733582e-01
3.418601298974865976e-01 2.562460995316442336e-01
3.428217617676416196e-01 2.899661996974280953e-01
3.437833936377966415e-01 4.249892602159874855e-01
3.447450255079516634e-01 4.307047548742275467e-01
3.457066573781066854e-01 2.150933725792683049e-01
3.466682892482617628e-01 3.834489945444232717e-01
3.476299211184167848e-01 5.190261219950755844e-01
3.485915529885717512e-01 5.301504151929954389e-01
3.495531848587267731e-01 2.976827140955258244e-01
3.505148167288818506e-01 2.266053760306370179e-01
3.514764485990368725e-01 3.533641460384906452e-01
3.524380804691918945e-01 4.039234529333626256e-01
3.533997123393468609e-01 4.385510617032437608e-01
3.543613442095019384e-01 4.050334772347703449e-01
3.553229760796569603e-01 2.364772594889892332e-01
3.562846079498119822e-01 2.286468579553790903e-01
3.572462398199670042e-01 3.234403979870030810e-01
3.582078716901220261e-01 4.676082540161097256e-01
3.591695035602770480e-01 4.970395512433896101e-01
3.601311354304320700e-01 4.638328327120113670e-01
3.610927673005870919e-01 5.788403145474383393e-01
3.620543991707421139e-01 3.495016439406803954e-01
3.630160310408971913e-01 3.094023885229475468e-01
3.639776629110522133e-01 2.737543681015708330e-01
3.649392947812071797e-01 1.663777658896279377e-01
3.659009266513622016e-01 3.924623434300151814e-01
3.668625585215172791e-01 4.598583512204541535e-01
3.678241903916723010e-01 2.960849128672613517e-01
3.687858222618273230e-01 3.174304729263326408e-01
3.697474541319822894e-01 2.939077153187952263e-01
3.707090860021373668e-01 2.315127570624753162e-01
3.716707178722923888e-01 3.304030661764620902e-01
3.726323497424474107e-01 3.724634229354535364e-01
3.735939816126024327e-01 4.226998489383753110e-01
3.745556134827574546e-01 2.936311208623862967e-01
3.755172453529124765e-01 3.030977883742806966e-01
3.764788772230674985e-01 3.097457725210865931e-01
3.774405090932225204e-01 3.492994149310817420e-01
3.784021409633775423e-01 4.368744817598546604e-01
3.793637728335326198e-01 3.308892178969671249e-01
3.803254047036876417e-01 2.362446432604201618e-01
3.812870365738426082e-01 1.931188801286332080e-01
3.822486684439976301e-01 2.201632328242375536e-01
3.832103003141527076e-01 3.717928836647530488e-01
3.841719321843077295e-01 5.243007004458455356e-01
3.851335640544627514e-01 4.415145325423388556e-01
3.860951959246177734e-01 3.975469556254225267e-01
3.870568277947727953e-01 3.098433878512665274e-01
3.880184596649278173e-01 4.747360632236521383e-01
3.889800915350828392e-01 4.081907667306552412e-01
3.899417234052378611e-01 2.488274789196438519e-01
3.909033552753928831e-01 4.895490994434652521e-01
3.918649871455479050e-01 5.689155167879711428e-01
3.928266190157029270e-01 4.359615920732871075e-01
3.937882508858579489e-01 3.599360666517874563e-01
3.947498827560129708e-01 5.059309564368561496e-01
3.957115146261680483e-01 6.361754516844229101e-01
3.966731464963230702e-01 6.901339642289201493e-01
3.976347783664780366e-01 4.280646772430785063e-01
3.985964102366330586e-01 3.236466996022180354e-01
3.995580421067881360e-01 2.714627145844836775e-01
4.005196739769430470e-01 4.393779267014998879e-01
4.014813058470981244e-01 3.993782476634812895e-01
4.024429377172531463e-01 2.746805865217893938e-01
4.034045695874082238e-01 2.473067434148177313e-01
4.043662014575631902e-01 2.412784756227743799e-01
4.053278333277181567e-01 4.695512200067781805e-01
4.062894651978732341e-01 3.451406373445387032e-01
4.072510970680282560e-01 3.559504705116651735e-01
4.082127289381833335e-01 4.432646592340852010e-01
4.091743608083382999e-01 5.109668288408002468e-01
4.101359926784933774e-01 3.063717179118441436e-01
4.110976245486483993e-01 3.937644304326894940e-01
4.120592564188033657e-01 4.746930184310720335e-01
4.130208882889584432e-01 4.241454388776482176e-01
4.139825201591134096e-01 4.860099927950010112e-01
4.149441520292684871e-01 4.208911984247905025e-01
4.159057838994235090e-01 3.225245242650949251e-01
4.168674157695784754e-01 2.593990870282105732e-01
4.178290476397335529e-01 3.597061250640685159e-01
4.187906795098885748e-01 2.030563472231179389e-01
4.197523113800436523e-01 3.506791545623748618e-01
4.207139432501986187e-01 5.753889909392491120e-01
4.216755751203536962e-01 4.680839508171708019e-01
4.226372069905086626e-01 3.487284238528118863e-01
4.235988388606636845e-01 2.818199863915928916e-01
4.245604707308187620e-01 2.185976087562302439e-01
4.255221026009737284e-01 3.250964730558507654e-01
4.264837344711288059e-01 3.894416027321376816e-01
4.274453663412838278e-01 3.761765559002583359e-01
4.284069982114387942e-01 3.066396748271245087e-01
4.293686300815938717e-01 2.993994689972794276e-01
4.303302619517488381e-01 3.436672606577388933e-01
4.312918938219039156e-01 2.744931770175220720e-01
4.322535256920589375e-01 3.956127311725126106e-01
4.332151575622139039e-01 3.157179834897618775e-01
4.341767894323689814e-01 1.409782459789568065e-01
4.351384213025240033e-01 3.293442156848271907e-01
4.361000531726790808e-01 3.427586286878216981e-01
4.370616850428340472e-01 4.177190541784980837e-01
4.380233169129891246e-01 4.592392390300332750e-01
4.389849487831440911e-01 4.642974823661276673e-01
4.399465806532991130e-01 4.907514830560479879e-01
4.409082125234541905e-01 4.595010969140176371e-01
4.418698443936091569e-01 2.976505860938551962e-01
4.428314762637642343e-01 2.492512966069568847e-01
4.437931081339192563e-01 3.095115834180859338e-01
4.447547400040742227e-01 3.307110800773180870e-01
4.457163718742293002e-01 3.707624753424134667e-01
4.466780037443842666e-01 4.409385801553966644e-01
4.476396356145393440e-01 2.359743122757578249e-01
4.486012674846943660e-01 1.826477964361643558e-01
4.495628993548493324e-01 1.374525225513067994e-01
4.505245312250044099e-01 4.079231051177920619e-01
4.514861630951594318e-01 9.331501670411199711e-01
4.524477949653145092e-01 4.765840584534437596e-01
4.534094268354694757e-01 2.686280557972153815e-01
4.543710587056245531e-01 3.153412569900417850e-01
4.553326905757795195e-01 4.556776805198126112e-01
4.562943224459345415e-01 4.409637720043875220e-01
4.572559543160896189e-01 2.945639696574104960e-01
4.582175861862445854e-01 2.716714032208962237e-01
4.591792180563996628e-01 2.756239512361560173e-01
4.601408499265546848e-01 3.813423096810915069e-01
4.611024817967096512e-01 2.510450350698825162e-01
4.620641136668647286e-01 2.590795627008368740e-01
4.630257455370196951e-01 4.251173801959886589e-01
4.639873774071747725e-01 5.667605156817607792e-01
4.649490092773297945e-01 5.393024815716351839e-01
4.659106411474847609e-01 4.096732828586446828e-01
4.668722730176398383e-01 4.810256495037847912e-01
4.678339048877948603e-01 4.133187957983537331e-01
4.687955367579499377e-01 3.178968401473198924e-01
4.697571686281049042e-01 2.831756319869640492e-01
4.707188004982599816e-01 3.784780277937365156e-01
4.716804323684149480e-01 4.632378630582500989e-01
4.726420642385699700e-01 4.771401876843768264e-01
4.736036961087250474e-01 4.575716704398296031e-01
4.745653279788800138e-01 5.010059523939389692e-01
4.755269598490350913e-01 4.874080780569123306e-01
4.764885917191901132e-01 4.159991564866487579e-01
4.774502235893450797e-01 4.366342394886508771e-01
4.784118554595001571e-01 4.940145583986392808e-01
4.793734873296551235e-01 3.886781845352622611e-01
4.803351191998102010e-01 3.916471730076125368e-01
4.812967510699652229e-01 5.136405414424665139e-01
4.822583829401201894e-01 8.499980064072367725e-01
4.832200148102752668e-01 6.324951987576561407e-01
4.841816466804302888e-01 3.756732935175577381e-01
4.851432785505853662e-01 2.881410618325510598e-01
4.861049104207403326e-01 3.260860935154923368e-01
4.870665422908954101e-01 4.493478647643911472e-01
4.880281741610503765e-01 3.320977926037507189e-01
4.889898060312053985e-01 3.335963138683446516e-01
4.899514379013604759e-01 5.127380797176073202e-01
4.909130697715154423e-01 4.287059446442569310e-01
4.918747016416705198e-01 4.550433756933642826e-01
4.928363335118255417e-01 3.377906150707623567e-01
4.937979653819805081e-01 2.764785110145595581e-01
4.947595972521355856e-01 2.552430936129184147e-01
4.957212291222905520e-01 3.648720647030714304e-01
4.966828609924456295e-01 5.384648375330272074e-01
4.976444928626006514e-01 4.987473739265659844e-01
4.986061247327556178e-01 5.076525170924952590e-01
4.995677566029106953e-01 4.047864525346724918e-01
5.005293884730657172e-01 3.987071244134874348e-01
5.014910203432207947e-01 3.553851686870608262e-01
5.024526522133757611e-01 3.218674465635551485e-01
5.034142840835308386e-01 2.758489760093141285e-01
5.043759159536858050e-01 5.094583727808092988e-01
5.053375478238407714e-01 4.813345844770395843e-01
5.062991796939958489e-01 4.378223230856086445e-01
5.072608115641509263e-01 3.742686420838374772e-01
5.082224434343060038e-01 2.535629216652992568e-01
5.091840753044609702e-01 3.487430029266569420e-01
5.101457071746159366e-01 3.974590513199842690e-01
5.111073390447710141e-01 2.843524110674344740e-01
5.120689709149259805e-01 2.878635856744793386e-01
5.130306027850810580e-01 3.280907098379017839e-01
5.139922346552360244e-01 3.811399562956339082e-01
5.149538665253911018e-01 1.920460534744385939e-01
5.159154983955461793e-01 2.266410912796565924e-01
5.168771302657011457e-01 2.808641359558592399e-01
5.178387621358562232e-01 3.431275814012977321e-01
5.188003940060111896e-01 3.151509808217660691e-01
5.197620258761662670e-01 2.095971240982947847e-01
5.207236577463212335e-01 3.132005764776302215e-01
5.216852896164761999e-01 2.456319960758364118e-01
5.226469214866312774e-01 2.276274482494820006e-01
5.236085533567863548e-01 3.236522747111578724e-01
5.245701852269414323e-01 3.537660684564691849e-01
5.255318170970963987e-01 2.400905428112274365e-01
5.264934489672513651e-01 2.599006287866174603e-01
5.274550808374064426e-01 3.280526159411785159e-01
5.284167127075614090e-01 4.460064951094864227e-01
5.293783445777164864e-01 4.980517055156106210e-01
5.303399764478714529e-01 4.452312179824602367e-01
5.313016083180265303e-01 6.401300275037051790e-01
5.322632401881816078e-01 4.433172752975345077e-01
5.332248720583365742e-01 3.810909009118113033e-01
5.341865039284916516e-01 2.969201760731650097e-01
5.351481357986466181e-01 3.187776001500211009e-01
5.361097676688016955e-01 3.044578220156992643e-01
5.370713995389566620e-01 1.240859589278819897e-01
5.380330314091116284e-01 3.134901177374835868e-01
5.389946632792667058e-01 4.523387529653533079e-01
5.399562951494217833e-01 3.578709546223031168e-01
5.409179270195768607e-01 4.566076113934016689e-01
5.418795588897318272e-01 4.363619589652820707e-01
5.428411907598867936e-01 4.122913527814411339e-01
5.438028226300418710e-01 3.651403102560983882e-01
5.447644545001968375e-01 3.894340668947826600e-01
5.457260863703519149e-01 4.404541257180660807e-01
5.466877182405068814e-01 3.732804425995865927e-01
5.476493501106619588e-01 4.585608748644567356e-01
5.486109819808170363e-01 3.456206923017823840e-01
5.495726138509720027e-01 2.911840086321184629e-01
5.505342457211270801e-01 4.209015951182912829e-01
5.514958775912820466e-01 4.165509978134629421e-01
5.524575094614371240e-01 3.050645135664211693e-01
5.534191413315920904e-01 4.193456666938821797e-01
5.543807732017470569e-01 4.602258614750525112e-01
5.553424050719021343e-01 3.096064569331566929e-01
5.563040369420572118e-01 3.063965117352402956e-01
5.572656688122122892e-01 4.183634787892138718e-01
5.582273006823672556e-01 3.723008121367499257e-01
5.591889325525222221e-01 4.810525005448980096e-01
5.601505644226772995e-01 5.078867145752425927e-01
5.611121962928322660e-01 4.496565387812516690e-01
5.620738281629873434e-01 4.127130473392028875e-01
5.630354600331423098e-01 3.683190434373813105e-01
5.639970919032973873e-01 3.426157439512458325e-01
5.649587237734524647e-01 3.800113088231640290e-01
5.659203556436074312e-01 3.695334753421057883e-01
5.668819875137625086e-01 3.432353084069710292e-01
5.678436193839174750e-01 2.532070919211157900e-01
5.688052512540725525e-01 2.629009766887264732e-01
5.697668831242275189e-01 4.335076727275435360e-01
5.707285149943824853e-01 4.686003488296215380e-01
5.716901468645375628e-01 4.743917516482696328e-01
5.726517787346926402e-01 3.630994681010193403e-01
5.736134106048477177e-01 3.713106915093931093e-01
5.745750424750026841e-01 3.569578464607694457e-01
5.755366743451576506e-01 5.059261704247326463e-01
5.764983062153127280e-01 3.947902931743954014e-01
5.774599380854676944e-01 4.244685220536474901e-01
5.784215699556227719e-01 5.181942088880333586e-01
5.793832018257777383e-01 3.589222462690777604e-01
5.803448336959328158e-01 2.608661406984964515e-01
5.813064655660878932e-01 3.306069348416222908e-01
5.822680974362428596e-01 4.331997686045454543e-01
5.832297293063979371e-01 4.033215137332355482e-01
5.841913611765529035e-01 3.469837393984889218e-01
5.851529930467079810e-01 4.584777300096654074e-01
5.861146249168629474e-01 4.450868382294927983e-01
5.870762567870179138e-01 3.697196628453838230e-01
5.880378886571729913e-01 2.854787168554793197e-01
5.889995205273280687e-01 2.675664609310821618e-01
5.899611523974831462e-01 3.782387421798674154e-01
5.909227842676381126e-01 3.635649910300280396e-01
5.918844161377930790e-01 3.757430318025285487e-01
5.928460480079481565e-01 4.297522794212440544e-01
5.938076798781031229e-01 3.783722824705293419e-01
5.947693117482582004e-01 4.029226431027943534e-01
5.957309436184131668e-01 4.865759056255249959e-01
5.966925754885682442e-01 3.631464229351415440e-01
5.976542073587233217e-01 3.697242081315401663e-01
5.986158392288782881e-01 3.771348498006403815e-01
5.995774710990333656e-01 4.440578930584813122e-01
