# q (1/Angstrom), Intensity (arb)
2.067508526570814575e-02 2.503531970690981723e+01
2.163671713586316769e-02 2.233595029840445534e+01
2.259834900601819310e-02 2.119059223610211973e+01
2.355998087617321851e-02 2.014581506402139155e+01
2.452161274632824739e-02 1.914906796499676034e+01
2.548324461648326933e-02 1.913260980083066443e+01
2.644487648663829821e-02 1.713059085121325609e+01
2.740650835679332709e-02 1.700277280869336494e+01
2.836814022694834903e-02 1.732816855696491842e+01
2.932977209710337443e-02 1.692344600376525676e+01
3.029140396725839637e-02 1.786078997770828636e+01
3.125303583741342178e-02 1.668122388426453995e+01
3.221466770756845066e-02 1.635328709308564754e+01
3.317629957772347260e-02 1.629523939965403656e+01
3.413793144787850148e-02 1.664509073402741279e+01
3.509956331803352342e-02 1.709006832091168349e+01
3.606119518818855230e-02 1.764508701920526335e+01
3.702282705834358117e-02 1.695237536206918350e+01
3.798445892849860311e-02 1.663064719946559578e+01
3.894609079865363199e-02 1.703887096611811813e+01
3.990772266880865393e-02 1.650325407365546582e+01
4.086935453896367587e-02 1.648651358529946265e+01
4.183098640911870475e-02 1.679648631746871601e+01
4.279261827927372669e-02 1.688157479021662510e+01
4.375425014942875557e-02 1.623810812972828188e+01
4.471588201958377751e-02 1.538581733371367832e+01
4.567751388973880639e-02 1.510645064133555593e+01
4.663914575989382832e-02 1.495500772043902415e+01
4.760077763004885720e-02 1.499327404171101819e+01
4.856240950020387914e-02 1.526973943961861480e+01
4.952404137035890108e-02 1.529761739053749281e+01
5.048567324051392302e-02 1.503579712174148497e+01
5.144730511066895190e-02 1.427559691727410041e+01
5.240893698082397384e-02 1.444613609431851486e+01
5.337056885097899578e-02 1.442184135566955661e+01
5.433220072113403160e-02 1.438182195839024402e+01
5.529383259128905354e-02 1.436892912277717826e+01
5.625546446144407547e-02 1.410526037447295522e+01
5.721709633159910435e-02 1.329532961134508184e+01
5.817872820175412629e-02 1.317522946021191288e+01
5.914036007190914823e-02 1.352756159900147992e+01
6.010199194206417017e-02 1.357149646098740092e+01
6.106362381221920599e-02 1.371109715563030207e+01
6.202525568237422793e-02 1.278893171770649673e+01
6.298688755252924987e-02 1.208865330537079075e+01
6.394851942268428568e-02 1.273322965598102385e+01
6.491015129283930762e-02 1.253190524343610690e+01
6.587178316299432956e-02 1.257675990152501555e+01
6.683341503314935150e-02 1.245062535770847489e+01
6.779504690330438732e-02 1.223405262052408204e+01
6.875667877345940926e-02 1.191111175607050043e+01
6.971831064361443120e-02 1.179259851323977770e+01
7.067994251376945314e-02 1.173302363925312264e+01
7.164157438392447508e-02 1.105280334673841125e+01
7.260320625407949702e-02 1.135596797659169255e+01
7.356483812423453283e-02 1.147467261196738519e+01
7.452646999438955477e-02 1.138978632710440664e+01
7.548810186454457671e-02 1.159583557938452003e+01
7.644973373469959865e-02 1.151231176825952218e+01
7.741136560485463447e-02 1.186691736037641931e+01
7.837299747500965641e-02 1.158561067184969673e+01
7.933462934516467835e-02 1.146165615518759751e+01
8.029626121531971417e-02 1.151042360871699088e+01
8.125789308547473611e-02 1.155398865029573230e+01
8.221952495562975805e-02 1.147091515490395253e+01
8.318115682578479386e-02 1.183639867226051479e+01
8.414278869593981580e-02 1.196469417499989163e+01
8.510442056609483774e-02 1.217155826543471164e+01
8.606605243624985968e-02 1.337311626862534908e+01
8.702768430640489550e-02 1.573374340726924814e+01
8.798931617655991744e-02 2.251368507764724924e+01
8.895094804671493938e-02 3.703268393972871309e+01
8.991257991686996132e-02 5.495667590731839880e+01
9.087421178702498326e-02 6.629071014268839690e+01
9.183584365718000520e-02 6.974902673708930934e+01
9.279747552733502713e-02 8.846148869289794447e+01
9.375910739749006295e-02 1.549969876152285337e+02
9.472073926764508489e-02 2.385308969857977388e+02
9.568237113780010683e-02 2.554115728305655466e+02
9.664400300795514265e-02 1.880026229197313796e+02
9.760563487811016459e-02 1.240728926604210187e+02
9.856726674826518653e-02 9.432251504470144710e+01
9.952889861842022234e-02 8.771033531046045084e+01
1.004905304885752443e-01 9.146843023030614006e+01
1.014521623587302801e-01 9.482790923089791590e+01
1.024137942288853020e-01 8.897550098013837783e+01
1.033754260990403240e-01 7.748981949437012418e+01
1.043370579691953459e-01 6.611776200225466482e+01
1.052986898393503817e-01 5.680085888322174981e+01
1.062603217095053898e-01 5.008487576992109780e+01
1.072219535796604256e-01 4.613926207987540806e+01
1.081835854498154614e-01 4.666302047720785140e+01
1.091452173199704695e-01 4.971208027513684158e+01
1.101068491901255053e-01 4.917585832461654860e+01
1.110684810602805411e-01 4.054659534734842907e+01
1.120301129304355492e-01 2.875027851259883249e+01
1.129917448005905850e-01 2.051902086695529093e+01
1.139533766707456208e-01 1.627936972265481685e+01
1.149150085409006289e-01 1.391819651629700161e+01
1.158766404110556647e-01 1.220253820913757536e+01
1.168382722812106728e-01 1.059409924011514903e+01
1.177999041513657086e-01 9.018357245921752252e+00
1.187615360215207305e-01 7.950133301198150093e+00
1.197231678916757525e-01 7.095005115769062343e+00
1.206847997618307744e-01 6.226515876236813796e+00
1.216464316319858102e-01 5.854995867547277300e+00
1.226080635021408183e-01 5.519594913801611824e+00
1.235696953722958541e-01 4.816364186921301638e+00
1.245313272424508899e-01 4.093185309932223959e+00
1.254929591126059119e-01 3.700423901675662819e+00
1.264545909827609338e-01 3.334513079190084994e+00
1.274162228529159557e-01 3.156485649819515515e+00
1.283778547230709777e-01 2.982725830267959566e+00
1.293394865932259996e-01 2.694011181559591961e+00
1.303011184633810493e-01 2.420350973326076627e+00
1.312627503335360435e-01 1.972333191600863955e+00
1.322243822036910932e-01 1.780969005478194589e+00
1.331860140738460874e-01 1.903644813188687834e+00
1.341476459440011371e-01 1.809809387587577589e+00
1.351092778141561590e-01 1.924395240697695186e+00
1.360709096843111809e-01 1.834661934084351742e+00
1.370325415544662029e-01 1.614847987267637563e+00
1.379941734246212526e-01 1.457228523151407273e+00
1.389558052947762468e-01 1.170250132449691449e+00
1.399174371649312965e-01 9.126517776897422607e-01
1.408790690350863184e-01 1.183913468192603347e+00
1.418407009052413403e-01 1.241750503334287714e+00
1.428023327753963623e-01 1.310067684558880785e+00
1.437639646455513842e-01 1.146695013348825398e+00
1.447255965157064062e-01 1.045495960102979183e+00
1.456872283858614281e-01 9.095008183125656842e-01
1.466488602560164778e-01 9.615200537269537051e-01
1.476104921261714720e-01 8.866350754874723350e-01
1.485721239963265217e-01 9.598398516516084555e-01
1.495337558664815436e-01 9.506254304229884156e-01
1.504953877366365655e-01 1.118953178375541313e+00
1.514570196067915875e-01 1.213090268170287089e+00
1.524186514769466094e-01 1.208305464323998990e+00
1.533802833471016314e-01 1.818587234609896797e+00
1.543419152172566811e-01 2.997186015806509118e+00
1.553035470874116752e-01 4.324792224469987900e+00
1.562651789575667249e-01 4.528326150941417438e+00
1.572268108277217469e-01 3.300827641109961519e+00
1.581884426978767688e-01 2.149935107053497774e+00
1.591500745680317908e-01 1.749660672784354887e+00
1.601117064381868405e-01 1.288618398440487312e+00
1.610733383083418346e-01 1.205787526263144116e+00
1.620349701784968843e-01 1.227845002654710527e+00
1.629966020486519063e-01 1.288252301431931812e+00
1.639582339188069282e-01 1.255021705816993460e+00
1.649198657889619501e-01 1.332433517822888547e+00
1.658814976591169721e-01 1.383605697645009514e+00
1.668431295292719940e-01 1.345294586897640698e+00
1.678047613994270160e-01 1.255341923028264972e+00
1.687663932695820379e-01 1.405462281810688552e+00
1.697280251397370598e-01 1.508514069771951682e+00
1.706896570098921095e-01 1.784168001143108029e+00
1.716512888800471037e-01 1.713631224609116543e+00
1.726129207502021534e-01 1.464059630735579987e+00
1.735745526203571754e-01 1.634277267756143459e+00
1.745361844905121973e-01 1.632396465797146590e+00
1.754978163606672192e-01 1.432800583540565498e+00
1.764594482308222689e-01 1.580986231593968228e+00
1.774210801009772631e-01 1.591533947608670729e+00
1.783827119711323128e-01 2.069450905802263208e+00
1.793443438412873348e-01 3.071698667170224439e+00
1.803059757114423567e-01 5.033591667371119627e+00
1.812676075815973786e-01 8.539252844508229856e+00
1.822292394517524006e-01 1.121219519275061671e+01
1.831908713219074225e-01 1.088630987383540827e+01
1.841525031920624444e-01 8.243816463734049194e+00
1.851141350622174664e-01 6.058385681674721468e+00
1.860757669323724883e-01 4.813431387168069620e+00
1.870373988025275380e-01 3.985221188608544907e+00
1.879990306726825322e-01 3.692145113076158225e+00
1.889606625428375819e-01 3.621100506675492881e+00
1.899222944129926038e-01 4.041886609292724586e+00
1.908839262831476258e-01 3.775975088312463868e+00
1.918455581533026477e-01 3.014486888479481763e+00
1.928071900234576974e-01 2.264005987153549171e+00
1.937688218936126916e-01 1.988381805760720766e+00
1.947304537637677413e-01 2.060864838792870302e+00
1.956920856339227632e-01 1.895918501011188084e+00
1.966537175040777852e-01 1.777030039601509515e+00
1.976153493742328071e-01 1.419816241195825057e+00
1.985769812443878291e-01 1.250199432362869345e+00
1.995386131145428510e-01 1.631312211040068405e+00
2.005002449846978729e-01 1.352862615362770526e+00
2.014618768548528949e-01 1.329592633585029660e+00
2.024235087250079168e-01 1.404333750714339857e+00
2.033851405951629665e-01 1.329041060060511370e+00
2.043467724653179884e-01 1.275321626334214642e+00
2.053084043354730381e-01 1.090212964915831861e+00
2.062700362056280046e-01 1.325245194843024166e+00
2.072316680757830543e-01 9.479142720421016577e-01
2.081932999459380762e-01 1.011146812044170673e+00
2.091549318160931259e-01 1.002010821345557190e+00
2.101165636862481478e-01 1.066008516383014637e+00
2.110781955564031698e-01 9.713816074636021369e-01
2.120398274265581640e-01 6.823850691385224820e-01
2.130014592967132137e-01 7.269798089384060802e-01
2.139630911668682356e-01 6.688760259303982991e-01
2.149247230370232575e-01 5.123604679006596996e-01
2.158863549071783072e-01 6.576815305308549853e-01
2.168479867773333014e-01 8.013115440041893578e-01
2.178096186474883234e-01 6.721830973589888458e-01
2.187712505176433453e-01 6.983713379345282135e-01
2.197328823877983950e-01 7.730376325617314137e-01
2.206945142579534169e-01 1.032847094684424150e+00
2.216561461281084666e-01 6.613568090211003891e-01
2.226177779982634330e-01 6.151683401370426907e-01
2.235794098684184827e-01 6.831601003610110467e-01
2.245410417385735047e-01 8.333466416475587835e-01
2.255026736087285544e-01 5.632982367179835137e-01
2.264643054788835763e-01 4.184067206274377781e-01
2.274259373490385983e-01 6.107953517761757212e-01
2.283875692191935924e-01 5.734150765956123053e-01
2.293492010893486421e-01 6.865953494956897885e-01
2.303108329595036641e-01 5.970539336261531105e-01
2.312724648296586860e-01 4.762060269234673626e-01
2.322340966998137357e-01 5.583466811678974295e-01
2.331957285699687299e-01 7.291678737586764214e-01
2.341573604401237518e-01 4.349249041022069662e-01
2.351189923102787738e-01 6.211795640090542747e-01
2.360806241804338235e-01 6.096165627635379280e-01
2.370422560505888454e-01 6.656634394081848427e-01
2.380038879207438951e-01 4.507499601589053384e-01
2.389655197908988615e-01 4.932212617845976865e-01
2.399271516610539112e-01 5.370713319521698281e-01
2.408887835312089332e-01 4.796504941642467656e-01
2.418504154013639829e-01 6.118436023294009374e-01
2.428120472715190048e-01 8.766151424038675088e-01
2.437736791416740267e-01 6.704505720518589840e-01
2.447353110118290209e-01 4.277943681092573058e-01
2.456969428819840706e-01 4.682927239892400451e-01
2.466585747521390926e-01 4.898702446262390708e-01
2.476202066222941145e-01 3.425868354692553908e-01
2.485818384924491642e-01 3.339569152408223829e-01
2.495434703626041584e-01 3.721025897643848168e-01
2.505051022327591803e-01 4.669775283920500897e-01
2.514667341029142023e-01 5.269009749635316098e-01
2.524283659730692242e-01 4.321757859645956046e-01
2.533899978432243016e-01 4.839897220959876734e-01
2.543516297133793236e-01 5.013874952269254948e-01
2.553132615835342900e-01 4.974368720127166910e-01
2.562748934536893120e-01 7.544331096295877614e-01
2.572365253238443894e-01 5.755287934363089164e-01
2.581981571939994113e-01 3.935538607129842603e-01
2.591597890641544333e-01 4.171665640114845530e-01
2.601214209343094552e-01 2.105152631718212319e-01
2.610830528044644772e-01 3.963711929332589534e-01
2.620446846746194991e-01 5.860144566096252561e-01
2.630063165447745210e-01 3.774869440802284259e-01
2.639679484149295430e-01 5.933391289657379275e-01
2.649295802850845649e-01 5.447346540919610902e-01
2.658912121552395869e-01 3.852974568364473384e-01
2.668528440253946088e-01 4.765740211740556731e-01
2.678144758955496307e-01 8.980598694880441712e-01
2.687761077657046527e-01 8.335524934682609910e-01
2.697377396358597301e-01 6.658622008553756189e-01
2.706993715060147521e-01 4.295451558763438982e-01
2.716610033761697185e-01 5.903623847725647522e-01
2.726226352463247404e-01 4.815255750279305857e-01
2.735842671164798179e-01 3.105061009050409382e-01
2.745458989866348398e-01 2.157803094997419180e-01
2.755075308567898618e-01 1.201802920002528197e-01
2.764691627269448837e-01 3.312428434416858636e-01
2.774307945970999056e-01 4.221571184004524468e-01
2.783924264672549276e-01 4.501267070516270508e-01
2.793540583374099495e-01 3.838938910943987537e-01
2.803156902075649715e-01 3.533228770362981663e-01
2.812773220777199934e-01 2.878275617219543392e-01
2.822389539478750153e-01 4.434100270171477121e-01
2.832005858180300373e-01 4.462048354532939243e-01
2.841622176881850592e-01 5.952959185623285521e-01
2.851238495583400812e-01 7.576757320762332881e-01
2.860854814284951586e-01 1.081008428422517653e+00
2.870471132986501805e-01 8.510076880664385612e-01
2.880087451688051470e-01 6.657630844723740893e-01
2.889703770389601689e-01 5.640937718216605390e-01
2.899320089091152464e-01 3.881551957273039477e-01
2.908936407792702683e-01 2.604420710614654411e-01
2.918552726494252902e-01 3.319724006009394657e-01
2.928169045195803122e-01 4.407622492516480861e-01
2.937785363897353341e-01 5.777941586849593136e-01
2.947401682598903561e-01 3.593727879515142831e-01
2.957018001300453780e-01 3.226631709027962813e-01
2.966634320002003999e-01 2.813179510071606160e-01
2.976250638703554219e-01 3.561131287033845183e-01
2.985866957405104993e-01 5.174435734182551982e-01
2.995483276106654658e-01 5.112399557694011776e-01
3.005099594808204877e-01 3.885267918252139907e-01
3.014715913509755651e-01 2.492909114477797061e-01
3.024332232211305871e-01 4.673991035171027875e-01
3.033948550912856090e-01 3.370305440606387037e-01
3.043564869614405755e-01 3.073945732083913640e-01
3.053181188315956529e-01 3.691336630933861329e-01
3.062797507017506748e-01 4.335291795445002094e-01
3.072413825719056968e-01 3.975978634577721493e-01
3.082030144420607187e-01 3.479844612137625859e-01
3.091646463122157407e-01 6.327352022360877015e-01
3.101262781823707626e-01 5.881486639490987045e-01
3.110879100525257845e-01 6.723228455671197423e-01
3.120495419226808065e-01 7.425497669287608460e-01
3.130111737928358284e-01 6.850567022220843683e-01
3.139728056629909059e-01 6.815333302256014747e-01
3.149344375331459278e-01 4.303778598529035548e-01
3.158960694033008942e-01 3.374151861782408446e-01
3.168577012734559162e-01 3.467372051354260520e-01
3.178193331436109936e-01 6.546138946420789750e-01
3.187809650137660156e-01 6.786166595633638110e-01
3.197425968839210375e-01 4.205620325794505732e-01
3.207042287540760039e-01 4.356442212933018254e-01
3.216658606242310814e-01 3.712923376631422911e-01
3.226274924943861033e-01 3.758315562060481341e-01
3.235891243645411253e-01 4.369290816092785690e-01
3.245507562346961472e-01 3.685006211963539613e-01
3.255123881048511691e-01 4.335470327790353906e-01
3.264740199750061911e-01 5.076051284329068380e-01
3.274356518451612130e-01 4.442783395135698754e-01
3.283972837153162350e-01 3.499276427647650678e-01
3.293589155854712569e-01 2.571707231842239594e-01
3.303205474556263344e-01 3.362543942919700157e-01
3.312821793257813563e-01 3.765658008734860118e-01
3.322438111959363227e-01 3.380593357162382517e-01
3.332054430660913447e-01 4.734601185677789204e-01
3.341670749362464221e-01 5.583143617561638905e-01
3.351287068064014441e-01 5.661240713097939192e-01
3.360903386765564660e-01 2.000861759709202659e-01
3.370519705467114324e-01 3.579178292866664890e-01
3.380136024168665099e-01 2.467923969715286603e-01
3.389752342870215318e-01 2.065705338863850216e-01
3.399368661571765537e-01 3.226799068067727205e-01
3.408984980273315757e-01 3.511840320184234088e-01
3.418601298974865976e-01 3.963066989133388063e-01
3.428217617676416196e-01 3.935271207522141879e-01
3.437833936377966415e-01 3.909557723958023701e-01
3.447450255079516634e-01 2.936324635902032298e-01
3.457066573781066854e-01 3.182110216263218661e-01
3.466682892482617628e-01 3.113184752332465166e-01
3.476299211184167848e-01 3.713386060521273180e-01
3.485915529885717512e-01 3.184819706825408048e-01
3.495531848587267731e-01 3.253125150463951343e-01
3.505148167288818506e-01 3.607300146714642608e-01
3.514764485990368725e-01 2.435962234085522482e-01
3.524380804691918945e-01 1.598185034459831400e-01
3.533997123393468609e-01 8.431404191046354413e-02
3.543613442095019384e-01 2.266994593554905180e-01
3.553229760796569603e-01 1.797523678510373202e-01
3.562846079498119822e-01 2.168695490615952792e-01
3.572462398199670042e-01 2.420475070531331596e-01
3.582078716901220261e-01 2.986376512368416059e-01
3.591695035602770480e-01 3.001826706474837181e-01
3.601311354304320700e-01 3.829090336625959878e-01
3.610927673005870919e-01 2.595457083931371756e-01
3.620543991707421139e-01 2.327621983341465750e-01
3.630160310408971913e-01 3.915788609527979247e-01
3.639776629110522133e-01 3.698742140494744035e-01
3.649392947812071797e-01 4.524421325229930346e-01
3.659009266513622016e-01 4.559261003812018487e-01
3.668625585215172791e-01 3.656129637024392309e-01
3.678241903916723010e-01 2.824712182965640750e-01
3.687858222618273230e-01 4.191236057995446629e-01
3.697474541319822894e-01 2.406889477497173857e-01
3.707090860021373668e-01 1.401428426851971665e-01
3.716707178722923888e-01 2.606186647136077283e-01
3.726323497424474107e-01 2.038058590517763946e-01
3.735939816126024327e-01 3.874218477944424421e-02
3.745556134827574546e-01 2.670336975801816948e-01
3.755172453529124765e-01 3.835145886893158718e-01
3.764788772230674985e-01 4.171103063686985024e-01
3.774405090932225204e-01 3.575134796384809022e-01
3.784021409633775423e-01 3.290992762174802522e-01
3.793637728335326198e-01 4.937080503109925189e-01
3.803254047036876417e-01 5.836240218372097388e-01
3.812870365738426082e-01 4.787325336989738389e-01
3.822486684439976301e-01 3.226508154465861367e-01
3.832103003141527076e-01 5.054955716524922593e-01
3.841719321843077295e-01 4.930739245765316525e-01
3.851335640544627514e-01 4.270670044638329443e-01
3.860951959246177734e-01 3.524153555296578588e-01
3.870568277947727953e-01 5.685352687347595690e-01
3.880184596649278173e-01 4.362523955054662395e-01
3.889800915350828392e-01 3.070006001406184737e-01
3.899417234052378611e-01 3.053806539001904241e-01
3.909033552753928831e-01 3.381651000757770476e-01
3.918649871455479050e-01 4.575216274683704398e-01
3.928266190157029270e-01 5.164740704171677521e-01
3.937882508858579489e-01 3.785332071175737667e-01
3.947498827560129708e-01 6.097444295220597610e-01
3.957115146261680483e-01 5.249284012113761833e-01
3.966731464963230702e-01 4.805052061243557660e-01
3.976347783664780366e-01 4.993267405318206897e-01
3.985964102366330586e-01 4.410957162224740102e-01
3.995580421067881360e-01 5.300229312577826590e-01
4.005196739769430470e-01 5.070658122457700756e-01
4.014813058470981244e-01 4.221970227412121801e-01
4.024429377172531463e-01 4.014619936619681084e-01
4.034045695874082238e-01 2.818827986177439016e-01
4.043662014575631902e-01 2.563542963780207629e-01
4.053278333277181567e-01 3.769183326728899885e-01
4.062894651978732341e-01 3.226547858596973128e-01
4.072510970680282560e-01 3.269004483241602088e-01
4.082127289381833335e-01 3.206298802851428320e-01
4.091743608083382999e-01 3.831651584287385504e-01
4.101359926784933774e-01 4.361629167761442716e-01
4.110976245486483993e-01 3.832295521918958059e-01
4.120592564188033657e-01 3.407487632464345495e-01
4.130208882889584432e-01 3.674483424351038252e-01
4.139825201591134096e-01 3.820653898535013582e-01
4.149441520292684871e-01 3.100153490154156088e-01
4.159057838994235090e-01 1.983102527329414499e-01
4.168674157695784754e-01 1.993487397664495120e-01
4.178290476397335529e-01 1.622747109882425320e-01
4.187906795098885748e-01 2.001211492697798633e-01
4.197523113800436523e-01 3.231624148912679573e-01
4.207139432501986187e-01 3.851512170284436820e-01
4.216755751203536962e-01 3.095285657225410603e-01
4.226372069905086626e-01 2.447138870935710031e-01
4.235988388606636845e-01 2.399382930631439592e-01
4.245604707308187620e-01 4.686136516167422883e-01
4.255221026009737284e-01 2.468885566369181106e-01
4.264837344711288059e-01 2.893313110827513412e-01
4.274453663412838278e-01 4.322875332086546507e-01
4.284069982114387942e-01 4.348708730741286388e-01
4.293686300815938717e-01 2.727241341297386157e-01
4.303302619517488381e-01 1.569450773522405029e-01
4.312918938219039156e-01 2.388692812002020105e-01
4.322535256920589375e-01 3.779619482227793981e-01
4.332151575622139039e-01 4.279862150095041784e-01
4.341767894323689814e-01 2.881181601251370239e-01
4.351384213025240033e-01 3.371125384004045600e-01
4.361000531726790808e-01 4.381366987087105258e-01
4.370616850428340472e-01 3.761734885073693135e-01
4.380233169129891246e-01 3.352693376647373213e-01
4.389849487831440911e-01 1.743034661446536404e-01
4.399465806532991130e-01 1.916610512256085030e-01
4.409082125234541905e-01 3.327970288670343280e-01
4.418698443936091569e-01 2.358023463419485211e-01
4.428314762637642343e-01 2.990092643039474751e-01
4.437931081339192563e-01 3.748594923303585347e-01
4.447547400040742227e-01 3.322284639783248394e-01
4.457163718742293002e-01 2.224348410405774246e-01
4.466780037443842666e-01 3.540559903476179215e-01
4.476396356145393440e-01 4.338814521378857592e-01
4.486012674846943660e-01 3.794203273002807464e-01
4.495628993548493324e-01 3.432086118962729415e-01
4.505245312250044099e-01 2.443445696840953474e-01
4.514861630951594318e-01 2.500572279576580570e-01
4.524477949653145092e-01 3.210966131262544820e-01
4.534094268354694757e-01 3.719896293184206115e-01
4.543710587056245531e-01 3.293432145337931161e-01
4.553326905757795195e-01 3.899237708452005791e-01
4.562943224459345415e-01 4.421457191399795761e-01
4.572559543160896189e-01 1.767840206698600980e-01
4.582175861862445854e-01 0.000000000000000000e+00
4.591792180563996628e-01 2.953455870843271214e-01
4.601408499265546848e-01 5.173073706301103414e-01
4.611024817967096512e-01 4.548698856187520789e-01
4.620641136668647286e-01 4.759468210366613050e-01
4.630257455370196951e-01 4.585666866506450390e-01
4.639873774071747725e-01 3.166997823738739726e-01
4.649490092773297945e-01 2.556032065669846531e-01
4.659106411474847609e-01 2.772221572137461010e-01
4.668722730176398383e-01 3.479777638668402062e-01
4.678339048877948603e-01 3.740002931989110380e-01
4.687955367579499377e-01 3.293879610631833543e-01
4.697571686281049042e-01 4.150307958030694522e-01
4.707188004982599816e-01 3.679225950954148061e-01
4.716804323684149480e-01 2.719582946160379322e-01
4.726420642385699700e-01 2.847548170812110868e-01
4.736036961087250474e-01 2.633960463041873368e-01
4.745653279788800138e-01 3.041375134625674548e-01
4.755269598490350913e-01 2.884155610156895477e-01
4.764885917191901132e-01 3.963239835350158558e-01
4.774502235893450797e-01 4.052331323972175880e-01
4.784118554595001571e-01 4.364470092146532920e-01
4.793734873296551235e-01 4.648222404661801477e-01
4.803351191998102010e-01 2.782838006868644243e-01
4.812967510699652229e-01 2.919861321589323211e-01
4.822583829401201894e-01 3.091007220071624317e-01
4.832200148102752668e-01 3.067218488599401383e-01
4.841816466804302888e-01 2.790137788319455581e-01
4.851432785505853662e-01 3.633790086319770296e-01
4.861049104207403326e-01 4.017970513126734033e-01
4.870665422908954101e-01 2.443771630200259892e-01
4.880281741610503765e-01 3.028851057428170179e-01
4.889898060312053985e-01 2.692454683210598887e-01
4.899514379013604759e-01 2.842984287974346103e-01
4.909130697715154423e-01 3.564573144831797435e-01
4.918747016416705198e-01 3.040698511472541554e-01
4.928363335118255417e-01 3.368717279142110499e-01
4.937979653819805081e-01 4.975445445760620089e-01
4.947595972521355856e-01 3.502289121260524496e-01
4.957212291222905520e-01 4.649993367273133060e-01
4.966828609924456295e-01 3.131854175983299626e-01
4.976444928626006514e-01 2.273061502509641230e-01
4.986061247327556178e-01 1.038789204378574027e-01
4.995677566029106953e-01 2.201243269562525029e-01
5.005293884730657172e-01 3.596349457111251979e-01
5.014910203432207947e-01 3.536188348881417198e-01
5.024526522133757611e-01 3.440248840644315464e-01
5.034142840835308386e-01 2.320008585932349376e-01
5.043759159536858050e-01 2.515840403780309487e-01
5.053375478238407714e-01 3.227005414730186317e-01
5.062991796939958489e-01 2.995001647888599905e-01
5.072608115641509263e-01 5.269631386170736675e-01
5.082224434343060038e-01 4.514535389426974632e-01
5.091840753044609702e-01 2.743844232207450773e-01
5.101457071746159366e-01 1.815913332110525857e-01
5.111073390447710141e-01 3.501087855565465645e-01
5.120689709149259805e-01 2.517348091725502002e-01
5.130306027850810580e-01 2.765404902276493715e-01
5.139922346552360244e-01 2.823236384558889256e-01
5.149538665253911018e-01 2.684404512654161579e-01
5.159154983955461793e-01 3.255434515576283161e-01
5.168771302657011457e-01 3.216241180481098638e-01
5.178387621358562232e-01 4.705259475892340504e-01
5.188003940060111896e-01 4.464098264319815712e-01
5.197620258761662670e-01 4.800060495968452301e-01
5.207236577463212335e-01 4.778018383806745817e-01
5.216852896164761999e-01 4.369110179843076480e-01
5.226469214866312774e-01 4.609752346198447981e-01
5.236085533567863548e-01 3.266100774078175561e-01
5.245701852269414323e-01 2.639820140476558663e-01
5.255318170970963987e-01 2.734813242632796459e-01
5.264934489672513651e-01 3.833616707510643096e-01
5.274550808374064426e-01 3.464944515599874819e-01
5.284167127075614090e-01 4.241608478777081359e-01
5.293783445777164864e-01 4.238903300658662943e-01
5.303399764478714529e-01 3.731622155961851206e-01
5.313016083180265303e-01 2.151829316488012012e-01
5.322632401881816078e-01 1.550536875106836021e-01
5.332248720583365742e-01 3.703623750627365041e-01
5.341865039284916516e-01 3.952445030049851482e-01
5.351481357986466181e-01 3.814051583686151048e-01
5.361097676688016955e-01 2.437072125551367208e-01
5.370713995389566620e-01 3.149467033098396485e-01
5.380330314091116284e-01 3.659025915787275096e-01
5.389946632792667058e-01 3.329446285463255606e-01
5.399562951494217833e-01 4.065115199695483739e-01
5.409179270195768607e-01 3.943544802880616373e-01
5.418795588897318272e-01 3.985015655813626267e-01
5.428411907598867936e-01 3.242620386240844255e-01
5.438028226300418710e-01 3.317270975331929606e-01
5.447644545001968375e-01 3.287773980359816051e-01
5.457260863703519149e-01 3.318184761866866950e-01
5.466877182405068814e-01 4.140651271965118951e-01
5.476493501106619588e-01 3.672491672604678570e-01
5.486109819808170363e-01 3.623369391621764635e-01
5.495726138509720027e-01 3.381404961625626981e-01
5.505342457211270801e-01 4.231272040116884625e-01
5.514958775912820466e-01 3.625995346859838264e-01
5.524575094614371240e-01 3.975640551283099455e-01
5.534191413315920904e-01 5.115641417823830750e-01
5.543807732017470569e-01 5.002651060951031070e-01
5.553424050719021343e-01 3.957254976190753837e-01
5.563040369420572118e-01 3.359599695618662452e-01
5.572656688122122892e-01 3.214912987057871874e-01
5.582273006823672556e-01 3.653530328402432303e-01
5.591889325525222221e-01 4.496829442398997401e-01
5.601505644226772995e-01 4.798196603029580842e-01
5.611121962928322660e-01 3.354659991159500976e-01
5.620738281629873434e-01 3.183347362013506654e-01
5.630354600331423098e-01 3.381254798788901894e-01
5.639970919032973873e-01 4.406801785964553630e-01
5.649587237734524647e-01 5.786545694846587651e-01
5.659203556436074312e-01 5.456796617692454276e-01
5.668819875137625086e-01 5.248954798809393196e-01
5.678436193839174750e-01 4.119241965262574467e-01
5.688052512540725525e-01 2.929288319481884173e-01
5.697668831242275189e-01 3.984730304022079395e-01
5.707285149943824853e-01 3.845394023624528756e-01
5.716901468645375628e-01 4.401278007420721394e-01
5.726517787346926402e-01 4.883353300380193218e-01
5.736134106048477177e-01 2.966801960570393248e-01
5.745750424750026841e-01 1.985007929169562146e-01
5.755366743451576506e-01 3.018145179570446146e-01
5.764983062153127280e-01 3.575205241365111419e-01
5.774599380854676944e-01 2.967576530776447896e-01
5.784215699556227719e-01 2.905219076502021380e-01
5.793832018257777383e-01 3.588567755412555016e-01
5.803448336959328158e-01 4.270636701269019397e-01
5.813064655660878932e-01 3.126440047086980201e-01
5.822680974362428596e-01 3.565271617747178823e-01
5.832297293063979371e-01 3.886246129131514238e-01
5.841913611765529035e-01 4.296576914528671409e-01
5.851529930467079810e-01 3.663318207428680751e-01
5.861146249168629474e-01 3.992095085434144153e-01
5.870762567870179138e-01 3.641202932000027204e-01
5.880378886571729913e-01 3.590386971207735201e-01
5.889995205273280687e-01 3.495016220220428238e-01
5.899611523974831462e-01 3.992407613413462286e-01
5.909227842676381126e-01 3.978469249721356960e-01
5.918844161377930790e-01 3.054291965851270163e-01
5.928460480079481565e-01 3.773758772365027880e-01
5.938076798781031229e-01 3.965143929198404749e-01
5.947693117482582004e-01 3.929975763432302927e-01
5.957309436184131668e-01 4.379362682590262068e-01
5.966925754885682442e-01 3.034956635152923354e-01
5.976542073587233217e-01 3.254279674477267292e-01
5.986158392288782881e-01 4.024146192490114515e-01
5.995774710990333656e-01 3.959769795439704865e-01
