# q (1/Angstrom), Intensity (arb)
2.067508526570814575e-02 0.000000000000000000e+00
2.163671713586316769e-02 6.232597708236440326e-01
2.259834900601819310e-02 1.324575087994080747e+00
2.355998087617321851e-02 2.816014176296462779e+00
2.452161274632824739e-02 2.777867918385702239e+00
2.548324461648326933e-02 2.871603529825208057e+00
2.644487648663829821e-02 3.333930989577531534e+00
2.740650835679332709e-02 4.031926847004228875e+00
2.836814022694834903e-02 4.444579369064625141e+00
2.932977209710337443e-02 4.871141102034146186e+00
3.029140396725839637e-02 4.814583995947602446e+00
3.125303583741342178e-02 5.025508567860216047e+00
3.221466770756845066e-02 4.728262179457743741e+00
3.317629957772347260e-02 4.893786582507711813e+00
3.413793144787850148e-02 5.074516159328180009e+00
3.509956331803352342e-02 5.219542593413686760e+00
3.606119518818855230e-02 5.124906039519812495e+00
3.702282705834358117e-02 5.240027486756639874e+00
3.798445892849860311e-02 5.612584267396140802e+00
3.894609079865363199e-02 5.453796041763421698e+00
3.990772266880865393e-02 5.373481658129055205e+00
4.086935453896367587e-02 5.339088008815163988e+00
4.183098640911870475e-02 5.311025641913994733e+00
4.279261827927372669e-02 5.170719088229999372e+00
4.375425014942875557e-02 4.949590109289481177e+00
4.471588201958377751e-02 5.295811290856603293e+00
4.567751388973880639e-02 5.121791081279462254e+00
4.663914575989382832e-02 5.232669993603715319e+00
4.760077763004885720e-02 5.456873229889259491e+00
4.856240950020387914e-02 5.459407364729997880e+00
4.952404137035890108e-02 5.599793712893510467e+00
5.048567324051392302e-02 5.338896568525641761e+00
5.144730511066895190e-02 5.488231012093531369e+00
5.240893698082397384e-02 5.345206612946189928e+00
5.337056885097899578e-02 5.329845317400075722e+00
5.433220072113403160e-02 5.456595876851204174e+00
5.529383259128905354e-02 5.412742446185082379e+00
5.625546446144407547e-02 5.379990984393196563e+00
5.721709633159910435e-02 5.346352315201903238e+00
5.817872820175412629e-02 5.282578759177716243e+00
5.914036007190914823e-02 5.386329596194623370e+00
6.010199194206417017e-02 5.493483585966211891e+00
6.106362381221920599e-02 5.508010329642541336e+00
6.202525568237422793e-02 5.481184699026479201e+00
6.298688755252924987e-02 5.302392825720718683e+00
6.394851942268428568e-02 5.373372347465313226e+00
6.491015129283930762e-02 5.482392935651692945e+00
6.587178316299432956e-02 5.414904514111129608e+00
6.683341503314935150e-02 5.494376944374161909e+00
6.779504690330438732e-02 5.503885483795649236e+00
6.875667877345940926e-02 5.327744420639891842e+00
6.971831064361443120e-02 5.338001558150649473e+00
7.067994251376945314e-02 5.353427774771515324e+00
7.164157438392447508e-02 5.317170592224933934e+00
7.260320625407949702e-02 5.258771117974357701e+00
7.356483812423453283e-02 5.265926419984146456e+00
7.452646999438955477e-02 5.264850324719789754e+00
7.548810186454457671e-02 5.279045926727169658e+00
7.644973373469959865e-02 5.264319790784983688e+00
7.741136560485463447e-02 5.135468911495951083e+00
7.837299747500965641e-02 5.307972704247758244e+00
7.933462934516467835e-02 5.443766884735990352e+00
8.029626121531971417e-02 5.715429481266085077e+00
8.125789308547473611e-02 5.602850185275805472e+00
8.221952495562975805e-02 5.432268084144610931e+00
8.318115682578479386e-02 5.192672683555167978e+00
8.414278869593981580e-02 5.270373683138928733e+00
8.510442056609483774e-02 5.257515935518742189e+00
8.606605243624985968e-02 5.358431190273365452e+00
8.702768430640489550e-02 5.438892218541871770e+00
8.798931617655991744e-02 5.578160900224482965e+00
8.895094804671493938e-02 5.480246492119365875e+00
8.991257991686996132e-02 5.438435812176304118e+00
9.087421178702498326e-02 5.401219209598034254e+00
9.183584365718000520e-02 5.408284048441288405e+00
9.279747552733502713e-02 5.410247768135902469e+00
9.375910739749006295e-02 5.372600657393064694e+00
9.472073926764508489e-02 5.485721320736754336e+00
9.568237113780010683e-02 5.284038410872183178e+00
9.664400300795514265e-02 5.394234996861595910e+00
9.760563487811016459e-02 5.584780212045642678e+00
9.856726674826518653e-02 5.356231793244418782e+00
9.952889861842022234e-02 5.400261253349621704e+00
1.004905304885752443e-01 5.634714179800226930e+00
1.014521623587302801e-01 5.500588170177385550e+00
1.024137942288853020e-01 5.309506661617390044e+00
1.033754260990403240e-01 5.474426823215084781e+00
1.043370579691953459e-01 5.445011412745148327e+00
1.052986898393503817e-01 5.348251791313485271e+00
1.062603217095053898e-01 5.305503143456585136e+00
1.072219535796604256e-01 5.395491674844685726e+00
1.081835854498154614e-01 5.539844106964196158e+00
1.091452173199704695e-01 5.477694012960616199e+00
1.101068491901255053e-01 5.448719263614371755e+00
1.110684810602805411e-01 5.508320966364578908e+00
1.120301129304355492e-01 5.380873924227877581e+00
1.129917448005905850e-01 5.229248381433079018e+00
1.139533766707456208e-01 5.210472688447361556e+00
1.149150085409006289e-01 5.409093502047855218e+00
1.158766404110556647e-01 5.368747115033695394e+00
1.168382722812106728e-01 5.298849844215113514e+00
1.177999041513657086e-01 5.284964030455876483e+00
1.187615360215207305e-01 5.297822367626672246e+00
1.197231678916757525e-01 5.369356581586115951e+00
1.206847997618307744e-01 5.579232096381780082e+00
1.216464316319858102e-01 5.536927753146457576e+00
1.226080635021408183e-01 5.377534569372840245e+00
1.235696953722958541e-01 5.407487793996565983e+00
1.245313272424508899e-01 5.439943356883827796e+00
1.254929591126059119e-01 5.231601837532648958e+00
1.264545909827609338e-01 5.290837288375650260e+00
1.274162228529159557e-01 5.332779523864861204e+00
1.283778547230709777e-01 5.325821696778213266e+00
1.293394865932259996e-01 5.493831993046873308e+00
1.303011184633810493e-01 5.520500606648592878e+00
1.312627503335360435e-01 5.385671306398980285e+00
1.322243822036910932e-01 5.327433267018439444e+00
1.331860140738460874e-01 5.285075215741092514e+00
1.341476459440011371e-01 5.415456748235014217e+00
1.351092778141561590e-01 5.463967635756625363e+00
1.360709096843111809e-01 5.377608862463723938e+00
1.370325415544662029e-01 5.411980675814138664e+00
1.379941734246212526e-01 5.344723471116685332e+00
1.389558052947762468e-01 5.360996209478825492e+00
1.399174371649312965e-01 5.359018148411678339e+00
1.408790690350863184e-01 5.412351744181825630e+00
1.418407009052413403e-01 5.240284773542169816e+00
1.428023327753963623e-01 5.280255876056183517e+00
1.437639646455513842e-01 5.235071373668096051e+00
1.447255965157064062e-01 5.283046151228973031e+00
1.456872283858614281e-01 5.349368969311425026e+00
1.466488602560164778e-01 5.291528551399039770e+00
1.476104921261714720e-01 5.304310021403860098e+00
1.485721239963265217e-01 5.490297956968834825e+00
1.495337558664815436e-01 5.436324607865088865e+00
1.504953877366365655e-01 5.415195826824934500e+00
1.514570196067915875e-01 5.470187027557487980e+00
1.524186514769466094e-01 5.357677601791037247e+00
1.533802833471016314e-01 5.446374137778152935e+00
1.543419152172566811e-01 5.478287961027120900e+00
1.553035470874116752e-01 5.428064335077348090e+00
1.562651789575667249e-01 5.392724660359097477e+00
1.572268108277217469e-01 5.597617581670538911e+00
1.581884426978767688e-01 5.455044589400393384e+00
1.591500745680317908e-01 5.453132304936641361e+00
1.601117064381868405e-01 5.437074165894018485e+00
1.610733383083418346e-01 5.371018110201638329e+00
1.620349701784968843e-01 5.301242073937871169e+00
1.629966020486519063e-01 5.451178039193448122e+00
1.639582339188069282e-01 5.433181081296269532e+00
1.649198657889619501e-01 5.312869565757038615e+00
1.658814976591169721e-01 5.351250920907690833e+00
1.668431295292719940e-01 5.383911358797062618e+00
1.678047613994270160e-01 5.481652616785388510e+00
1.687663932695820379e-01 5.547810393454676081e+00
1.697280251397370598e-01 5.634907758620267160e+00
1.706896570098921095e-01 5.514418526780901608e+00
1.716512888800471037e-01 5.407190722326154386e+00
1.726129207502021534e-01 5.374315156160201390e+00
1.735745526203571754e-01 5.445108204225027393e+00
1.745361844905121973e-01 5.465770991187020478e+00
1.754978163606672192e-01 5.492353258393854354e+00
1.764594482308222689e-01 5.481827329571062002e+00
1.774210801009772631e-01 5.408728723632450830e+00
1.783827119711323128e-01 5.349976357318435127e+00
1.793443438412873348e-01 5.501255024721273479e+00
1.803059757114423567e-01 5.515992493556171716e+00
1.812676075815973786e-01 5.522193067814297862e+00
1.822292394517524006e-01 5.492025598258245545e+00
1.831908713219074225e-01 5.481946625987147215e+00
1.841525031920624444e-01 5.449453071802994764e+00
1.851141350622174664e-01 5.446055113787133806e+00
1.860757669323724883e-01 5.405341835537433859e+00
1.870373988025275380e-01 5.376989250783314134e+00
1.879990306726825322e-01 5.383498241992687561e+00
1.889606625428375819e-01 5.274162690840710432e+00
1.899222944129926038e-01 5.317868081173208417e+00
1.908839262831476258e-01 5.409482493948576831e+00
1.918455581533026477e-01 5.451779389538757847e+00
1.928071900234576974e-01 5.336685807198287002e+00
1.937688218936126916e-01 5.348124418719347517e+00
1.947304537637677413e-01 5.425903590913269348e+00
1.956920856339227632e-01 5.439494472776177147e+00
1.966537175040777852e-01 5.558483235495248032e+00
1.976153493742328071e-01 5.454669347113733302e+00
1.985769812443878291e-01 5.470829659345200824e+00
1.995386131145428510e-01 5.408223779047475865e+00
2.005002449846978729e-01 5.531975540141460534e+00
2.014618768548528949e-01 5.557527923289182326e+00
2.024235087250079168e-01 5.521519243283947276e+00
2.033851405951629665e-01 5.472046570126497755e+00
2.043467724653179884e-01 5.424665808114857768e+00
2.053084043354730381e-01 5.397731215521941017e+00
2.062700362056280046e-01 5.505388929399859244e+00
2.072316680757830543e-01 5.560911132987746974e+00
2.081932999459380762e-01 5.495982328157644758e+00
2.091549318160931259e-01 5.438730335323172405e+00
2.101165636862481478e-01 5.452761783200427814e+00
2.110781955564031698e-01 5.493053354895594431e+00
2.120398274265581640e-01 5.510438569343286019e+00
2.130014592967132137e-01 5.417309837704825881e+00
2.139630911668682356e-01 5.471770944107228196e+00
2.149247230370232575e-01 5.441013448535322539e+00
2.158863549071783072e-01 5.511186995251082799e+00
2.168479867773333014e-01 5.538732404834372680e+00
2.178096186474883234e-01 5.572789574500371046e+00
2.187712505176433453e-01 5.529756561174372642e+00
2.197328823877983950e-01 5.424523388459604689e+00
2.206945142579534169e-01 5.488465732707238587e+00
2.216561461281084666e-01 5.456798335220714335e+00
2.226177779982634330e-01 5.472361807514911192e+00
2.235794098684184827e-01 5.423319747580973349e+00
2.245410417385735047e-01 5.476978426052864890e+00
2.255026736087285544e-01 5.444270560460267916e+00
2.264643054788835763e-01 5.478060848804705785e+00
2.274259373490385983e-01 5.443702852345595034e+00
2.283875692191935924e-01 5.581689816705496909e+00
2.293492010893486421e-01 5.506125764847404902e+00
2.303108329595036641e-01 5.515962085099459955e+00
2.312724648296586860e-01 5.548307209466984524e+00
2.322340966998137357e-01 5.593603103994444048e+00
2.331957285699687299e-01 5.534923676506974033e+00
2.341573604401237518e-01 5.476444075061037253e+00
2.351189923102787738e-01 5.480465377946538652e+00
2.360806241804338235e-01 5.592854165357327823e+00
2.370422560505888454e-01 5.636822605927974017e+00
2.380038879207438951e-01 5.551978394648949156e+00
2.389655197908988615e-01 5.432316825510048908e+00
2.399271516610539112e-01 5.466322455770255218e+00
2.408887835312089332e-01 5.517416469265040924e+00
2.418504154013639829e-01 5.494716782216207740e+00
2.428120472715190048e-01 5.419467505756630388e+00
2.437736791416740267e-01 5.476288108098656515e+00
2.447353110118290209e-01 5.495706233763573145e+00
2.456969428819840706e-01 5.437225536373572865e+00
2.466585747521390926e-01 5.374443325341158761e+00
2.476202066222941145e-01 5.445666494317546125e+00
2.485818384924491642e-01 5.504774800923748046e+00
2.495434703626041584e-01 5.491184948440904989e+00
2.505051022327591803e-01 5.427842313398424601e+00
2.514667341029142023e-01 5.472482125853580293e+00
2.524283659730692242e-01 5.455690930604665034e+00
2.533899978432243016e-01 5.495001206021731477e+00
2.543516297133793236e-01 5.440228255140497460e+00
2.553132615835342900e-01 5.402373273969140577e+00
2.562748934536893120e-01 5.495864868568530071e+00
2.572365253238443894e-01 5.472431323004583348e+00
2.581981571939994113e-01 5.409786812454638216e+00
2.591597890641544333e-01 5.404228023136879777e+00
2.601214209343094552e-01 5.443283463646117148e+00
2.610830528044644772e-01 5.474097704121168917e+00
2.620446846746194991e-01 5.454862105462535027e+00
2.630063165447745210e-01 5.438551288368846492e+00
2.639679484149295430e-01 5.453847612829437530e+00
2.649295802850845649e-01 5.448006389429044916e+00
2.658912121552395869e-01 5.450991771232983396e+00
2.668528440253946088e-01 5.403020833773583220e+00
2.678144758955496307e-01 5.476889254266370521e+00
2.687761077657046527e-01 5.460407544678686165e+00
2.697377396358597301e-01 5.473407389636616216e+00
2.706993715060147521e-01 5.449600048793209695e+00
2.716610033761697185e-01 5.423245908531462156e+00
2.726226352463247404e-01 5.380373071147910302e+00
2.735842671164798179e-01 5.357813619142278050e+00
2.745458989866348398e-01 5.404795229053363848e+00
2.755075308567898618e-01 5.453267516942733373e+00
2.764691627269448837e-01 5.486234269899682658e+00
2.774307945970999056e-01 5.454013355592702617e+00
2.783924264672549276e-01 5.419907127687578097e+00
2.793540583374099495e-01 5.404682475632660577e+00
2.803156902075649715e-01 5.434074731101872224e+00
2.812773220777199934e-01 5.461563572652405441e+00
2.822389539478750153e-01 5.444177127164777197e+00
2.832005858180300373e-01 5.388059672848648951e+00
2.841622176881850592e-01 5.400943861170921956e+00
2.851238495583400812e-01 5.408699488400459998e+00
2.860854814284951586e-01 5.479918048929460106e+00
2.870471132986501805e-01 5.457013603263206392e+00
2.880087451688051470e-01 5.453364368164692166e+00
2.889703770389601689e-01 5.467946901169462137e+00
2.899320089091152464e-01 5.356384476176037523e+00
2.908936407792702683e-01 5.392694176325962374e+00
2.918552726494252902e-01 5.414729176526492438e+00
2.928169045195803122e-01 5.484730676997654264e+00
2.937785363897353341e-01 5.547270294643857014e+00
2.947401682598903561e-01 5.528505101164206792e+00
2.957018001300453780e-01 5.475740389988505541e+00
2.966634320002003999e-01 5.505471568399222804e+00
2.976250638703554219e-01 5.513716438070879633e+00
2.985866957405104993e-01 5.400678100715270880e+00
2.995483276106654658e-01 5.404061052683772459e+00
3.005099594808204877e-01 5.451746654603412345e+00
3.014715913509755651e-01 5.542578196569806437e+00
3.024332232211305871e-01 5.548488940118626367e+00
3.033948550912856090e-01 5.507280780787382035e+00
3.043564869614405755e-01 5.514758361679491294e+00
3.053181188315956529e-01 5.515458751604910503e+00
3.062797507017506748e-01 5.335426846064071249e+00
3.072413825719056968e-01 5.482957193043302091e+00
3.082030144420607187e-01 5.489808911809483938e+00
3.091646463122157407e-01 5.473991917523444606e+00
3.101262781823707626e-01 5.528877517807333497e+00
3.110879100525257845e-01 5.482354262467752370e+00
3.120495419226808065e-01 5.505285358032645959e+00
3.130111737928358284e-01 5.479005582479023140e+00
3.139728056629909059e-01 5.452897182961081946e+00
3.149344375331459278e-01 5.331953548888631822e+00
3.158960694033008942e-01 5.353991341136711490e+00
3.168577012734559162e-01 5.407718077692742042e+00
3.178193331436109936e-01 5.510645933982881495e+00
3.187809650137660156e-01 5.457654098689207700e+00
3.197425968839210375e-01 5.434785669020867793e+00
3.207042287540760039e-01 5.428327675919621065e+00
3.216658606242310814e-01 5.462954186663432132e+00
3.226274924943861033e-01 5.428489368947404969e+00
3.235891243645411253e-01 5.444246878523515853e+00
3.245507562346961472e-01 5.452909096310174952e+00
3.255123881048511691e-01 5.424615260093477609e+00
3.264740199750061911e-01 5.434441064248915154e+00
3.274356518451612130e-01 5.447042262228407594e+00
3.283972837153162350e-01 5.429907933179012325e+00
3.293589155854712569e-01 5.387707375332858817e+00
3.303205474556263344e-01 5.424606750736465699e+00
3.312821793257813563e-01 5.437092265377627243e+00
3.322438111959363227e-01 5.436150690291609244e+00
3.332054430660913447e-01 5.415188303007083981e+00
3.341670749362464221e-01 5.469403006520294319e+00
3.351287068064014441e-01 5.422826296315236938e+00
3.360903386765564660e-01 5.384071862756236726e+00
3.370519705467114324e-01 5.369294373120954589e+00
3.380136024168665099e-01 5.441933925200873823e+00
3.389752342870215318e-01 5.447211221835677186e+00
3.399368661571765537e-01 5.414496685394704301e+00
3.408984980273315757e-01 5.396258242682623774e+00
3.418601298974865976e-01 5.400591345365868712e+00
3.428217617676416196e-01 5.473373322721491796e+00
3.437833936377966415e-01 5.452407111321508459e+00
3.447450255079516634e-01 5.447062201418864547e+00
3.457066573781066854e-01 5.486701557923561623e+00
3.466682892482617628e-01 5.468641238637781399e+00
3.476299211184167848e-01 5.427162486516786899e+00
3.485915529885717512e-01 5.408099702850307722e+00
3.495531848587267731e-01 5.385190651921198501e+00
3.505148167288818506e-01 5.378424569995227777e+00
3.514764485990368725e-01 5.371380821585073129e+00
3.524380804691918945e-01 5.404886463648137074e+00
3.533997123393468609e-01 5.420789391536443347e+00
3.543613442095019384e-01 5.428224967675451040e+00
3.553229760796569603e-01 5.390833996882982149e+00
3.562846079498119822e-01 5.413564764532116769e+00
3.572462398199670042e-01 5.418749343861565926e+00
3.582078716901220261e-01 5.528383516630550609e+00
3.591695035602770480e-01 5.476538516449531713e+00
3.601311354304320700e-01 5.436730736772072525e+00
3.610927673005870919e-01 5.467591562906926050e+00
3.620543991707421139e-01 5.421626062669419710e+00
3.630160310408971913e-01 5.497597580386144323e+00
3.639776629110522133e-01 5.502184401541140524e+00
3.649392947812071797e-01 5.459739819572718034e+00
3.659009266513622016e-01 5.459111814469733481e+00
3.668625585215172791e-01 5.439634482462564868e+00
3.678241903916723010e-01 5.460592284102432359e+00
3.687858222618273230e-01 5.472201210759278567e+00
3.697474541319822894e-01 5.388764124460221794e+00
3.707090860021373668e-01 5.406326639940668422e+00
3.716707178722923888e-01 5.394154196828931269e+00
3.726323497424474107e-01 5.470851246650926925e+00
3.735939816126024327e-01 5.469743276192494008e+00
3.745556134827574546e-01 5.446797127384034098e+00
3.755172453529124765e-01 5.478494598617080769e+00
3.764788772230674985e-01 5.459716290045395937e+00
3.774405090932225204e-01 5.448527247711231425e+00
3.784021409633775423e-01 5.423117319647218437e+00
3.793637728335326198e-01 5.446264612063275834e+00
3.803254047036876417e-01 5.422136551584729958e+00
3.812870365738426082e-01 5.424819574571171366e+00
3.822486684439976301e-01 5.427713723205520147e+00
3.832103003141527076e-01 5.366774207756277448e+00
3.841719321843077295e-01 5.378526911691487555e+00
3.851335640544627514e-01 5.468037288677767727e+00
3.860951959246177734e-01 5.412782928471733257e+00
3.870568277947727953e-01 5.426484555453634506e+00
3.880184596649278173e-01 5.486742926391817043e+00
3.889800915350828392e-01 5.438990551680014995e+00
3.899417234052378611e-01 5.494342863362343898e+00
3.909033552753928831e-01 5.484302561314152058e+00
3.918649871455479050e-01 5.449301021943265155e+00
3.928266190157029270e-01 5.469007586240419272e+00
3.937882508858579489e-01 5.438822165805936137e+00
3.947498827560129708e-01 5.469744345203442215e+00
3.957115146261680483e-01 5.441525247180569735e+00
3.966731464963230702e-01 5.467900406521818191e+00
3.976347783664780366e-01 5.473908624446349513e+00
3.985964102366330586e-01 5.477006343362714524e+00
3.995580421067881360e-01 5.450154403140896164e+00
4.005196739769430470e-01 5.483746758960247547e+00
4.014813058470981244e-01 5.450131792731730762e+00
4.024429377172531463e-01 5.380472059451551381e+00
4.034045695874082238e-01 5.440700864507852508e+00
4.043662014575631902e-01 5.455780999446520063e+00
4.053278333277181567e-01 5.402144137033264570e+00
4.062894651978732341e-01 5.479453587814377968e+00
4.072510970680282560e-01 5.408539145870951081e+00
4.082127289381833335e-01 5.438061175333400499e+00
4.091743608083382999e-01 5.489886148369613750e+00
4.101359926784933774e-01 5.397098739704727421e+00
4.110976245486483993e-01 5.419104798059622752e+00
4.120592564188033657e-01 5.469290239653212815e+00
4.130208882889584432e-01 5.524148449878130585e+00
4.139825201591134096e-01 5.466918529266129312e+00
4.149441520292684871e-01 5.406000118997864590e+00
4.159057838994235090e-01 5.374380744418824740e+00
4.168674157695784754e-01 5.402468893786838144e+00
4.178290476397335529e-01 5.406659329526497970e+00
4.187906795098885748e-01 5.485926853521032598e+00
4.197523113800436523e-01 5.484303149194813543e+00
4.207139432501986187e-01 5.494206772062748989e+00
4.216755751203536962e-01 5.441463577252538819e+00
4.226372069905086626e-01 5.444133546120656142e+00
4.235988388606636845e-01 5.468116983282427235e+00
4.245604707308187620e-01 5.409867300138488488e+00
4.255221026009737284e-01 5.400871140460916209e+00
4.264837344711288059e-01 5.458634503931008020e+00
4.274453663412838278e-01 5.470992013732002057e+00
4.284069982114387942e-01 5.453525949834991060e+00
4.293686300815938717e-01 5.401098692755598840e+00
4.303302619517488381e-01 5.454645250270888646e+00
4.312918938219039156e-01 5.444925761865961888e+00
4.322535256920589375e-01 5.454545453201482985e+00
4.332151575622139039e-01 5.481875985770027881e+00
4.341767894323689814e-01 5.421998611153365566e+00
4.351384213025240033e-01 5.404129488697765105e+00
4.361000531726790808e-01 5.456721683235633336e+00
4.370616850428340472e-01 5.343150340366431550e+00
4.380233169129891246e-01 5.406894353815316023e+00
4.389849487831440911e-01 5.467016760794369823e+00
4.399465806532991130e-01 5.507309797898277459e+00
4.409082125234541905e-01 5.482185333496301105e+00
4.418698443936091569e-01 5.411799022651244684e+00
4.428314762637642343e-01 5.418100167323246730e+00
4.437931081339192563e-01 5.383580274317967707e+00
4.447547400040742227e-01 5.457101096321181011e+00
4.457163718742293002e-01 5.483432249545409753e+00
4.466780037443842666e-01 5.455129739665193433e+00
4.476396356145393440e-01 5.511409949233503802e+00
4.486012674846943660e-01 5.522053273538813478e+00
4.495628993548493324e-01 5.464601577053753267e+00
4.505245312250044099e-01 5.433337721303179713e+00
4.514861630951594318e-01 5.412881460726853611e+00
4.524477949653145092e-01 5.412570793391565438e+00
4.534094268354694757e-01 5.415473855277039839e+00
4.543710587056245531e-01 5.461277757921591203e+00
4.553326905757795195e-01 5.381657849631697133e+00
4.562943224459345415e-01 5.414122206493149569e+00
4.572559543160896189e-01 5.503290653636048191e+00
4.582175861862445854e-01 5.524068950604640094e+00
4.591792180563996628e-01 5.522438199610626874e+00
4.601408499265546848e-01 5.433604796513366253e+00
4.611024817967096512e-01 5.396305949430097115e+00
4.620641136668647286e-01 5.434047376369155025e+00
4.630257455370196951e-01 5.419652277337939417e+00
4.639873774071747725e-01 5.375544102597779705e+00
4.649490092773297945e-01 5.364926473925064165e+00
4.659106411474847609e-01 5.384051913673899570e+00
4.668722730176398383e-01 5.417903233660449125e+00
4.678339048877948603e-01 5.413697214064532304e+00
4.687955367579499377e-01 5.441522080386178573e+00
4.697571686281049042e-01 5.485025479936731507e+00
4.707188004982599816e-01 5.449696422432219300e+00
4.716804323684149480e-01 5.469557798609488763e+00
4.726420642385699700e-01 5.457655934723081970e+00
4.736036961087250474e-01 5.388447283971355084e+00
4.745653279788800138e-01 5.443549496178063052e+00
4.755269598490350913e-01 5.439995153892527746e+00
4.764885917191901132e-01 5.421147667017204519e+00
4.774502235893450797e-01 5.429680629928972380e+00
4.784118554595001571e-01 5.423967842904229286e+00
4.793734873296551235e-01 5.489163570460443786e+00
4.803351191998102010e-01 5.428665620738651221e+00
4.812967510699652229e-01 5.397445795672816793e+00
4.822583829401201894e-01 5.421499810062168301e+00
4.832200148102752668e-01 5.356624299172810133e+00
4.841816466804302888e-01 5.366695467134058539e+00
4.851432785505853662e-01 5.442616774361318299e+00
4.861049104207403326e-01 5.481990341192569005e+00
4.870665422908954101e-01 5.537727161377294927e+00
4.880281741610503765e-01 5.510090507235311463e+00
4.889898060312053985e-01 5.399878893468385677e+00
4.899514379013604759e-01 5.420592076782261515e+00
4.909130697715154423e-01 5.497725254633706093e+00
4.918747016416705198e-01 5.421737348395184952e+00
4.928363335118255417e-01 5.441190903791102151e+00
4.937979653819805081e-01 5.461117656839720169e+00
4.947595972521355856e-01 5.483964821608808826e+00
4.957212291222905520e-01 5.473429870671042252e+00
4.966828609924456295e-01 5.441465834142563018e+00
4.976444928626006514e-01 5.422167137886328980e+00
4.986061247327556178e-01 5.400664324872873401e+00
4.995677566029106953e-01 5.492111142693880232e+00
5.005293884730657172e-01 5.584602905148324581e+00
5.014910203432207947e-01 5.808224518810587433e+00
5.024526522133757611e-01 5.483409836470005239e+00
5.034142840835308386e-01 5.510959054798984624e+00
5.043759159536858050e-01 5.551942145407970486e+00
5.053375478238407714e-01 5.486388609093207691e+00
5.062991796939958489e-01 5.497268973806294312e+00
5.072608115641509263e-01 5.538491428865770949e+00
5.082224434343060038e-01 5.446509796454932939e+00
5.091840753044609702e-01 5.377687686365260511e+00
5.101457071746159366e-01 5.419133634320981940e+00
5.111073390447710141e-01 5.458650962280535701e+00
5.120689709149259805e-01 5.410027842143874111e+00
5.130306027850810580e-01 5.405158490784644165e+00
5.139922346552360244e-01 5.437275404455162331e+00
5.149538665253911018e-01 5.489363228521412452e+00
5.159154983955461793e-01 5.479332899717229033e+00
5.168771302657011457e-01 5.457676545281393565e+00
5.178387621358562232e-01 5.399519652200110542e+00
5.188003940060111896e-01 5.431948820508915254e+00
5.197620258761662670e-01 5.392459558406018871e+00
5.207236577463212335e-01 5.460178729468589509e+00
5.216852896164761999e-01 5.495409379384925685e+00
5.226469214866312774e-01 5.579533643986961167e+00
5.236085533567863548e-01 5.435591939867421729e+00
5.245701852269414323e-01 5.425358231201712123e+00
5.255318170970963987e-01 5.448407310099621093e+00
5.264934489672513651e-01 5.465933463841541773e+00
5.274550808374064426e-01 5.458673127524917845e+00
5.284167127075614090e-01 5.476387907295857005e+00
5.293783445777164864e-01 5.483291506709607965e+00
5.303399764478714529e-01 5.440954885930839424e+00
5.313016083180265303e-01 5.493982765258283330e+00
5.322632401881816078e-01 5.525817076550316287e+00
5.332248720583365742e-01 5.523252021016112678e+00
5.341865039284916516e-01 5.482380661595601445e+00
5.351481357986466181e-01 5.424764963008164464e+00
5.361097676688016955e-01 5.398538971020911070e+00
5.370713995389566620e-01 5.455516028642283466e+00
5.380330314091116284e-01 5.443567391513151499e+00
5.389946632792667058e-01 5.488249314078278651e+00
5.399562951494217833e-01 5.457582354125122492e+00
5.409179270195768607e-01 5.523227825984631245e+00
5.418795588897318272e-01 5.480615824482532261e+00
5.428411907598867936e-01 5.466557671769345816e+00
5.438028226300418710e-01 5.461328403005868637e+00
5.447644545001968375e-01 5.431260509825719396e+00
5.457260863703519149e-01 5.392823395290032629e+00
5.466877182405068814e-01 5.423879930330446797e+00
5.476493501106619588e-01 5.498781140579220406e+00
5.486109819808170363e-01 5.499036652924522706e+00
5.495726138509720027e-01 5.432713421103597007e+00
5.505342457211270801e-01 5.434336123493877402e+00
5.514958775912820466e-01 5.488172885391219502e+00
5.524575094614371240e-01 5.501900558887447445e+00
5.534191413315920904e-01 5.473004077619392227e+00
5.543807732017470569e-01 5.407423360840821758e+00
5.553424050719021343e-01 5.346109437285092802e+00
5.563040369420572118e-01 5.382184863325133684e+00
5.572656688122122892e-01 5.404382120773404630e+00
5.582273006823672556e-01 5.403977682444063291e+00
5.591889325525222221e-01 5.459400736409091515e+00
5.601505644226772995e-01 5.446621300896127948e+00
5.611121962928322660e-01 5.400778817023913270e+00
5.620738281629873434e-01 5.412202582344126434e+00
5.630354600331423098e-01 5.402459335968610610e+00
5.639970919032973873e-01 5.454508202578971954e+00
5.649587237734524647e-01 5.424542149282700620e+00
5.659203556436074312e-01 5.424818689794571824e+00
5.668819875137625086e-01 5.481781445934896801e+00
5.678436193839174750e-01 5.428557424132136155e+00
5.688052512540725525e-01 5.399978703260076784e+00
5.697668831242275189e-01 5.393479095254575029e+00
5.707285149943824853e-01 5.351550817892681167e+00
5.716901468645375628e-01 5.403459462488732434e+00
5.726517787346926402e-01 5.428582974729455835e+00
5.736134106048477177e-01 5.452538133649362351e+00
5.745750424750026841e-01 5.472566410138242077e+00
5.755366743451576506e-01 5.441003175089765165e+00
5.764983062153127280e-01 5.427931220846670790e+00
5.774599380854676944e-01 5.451110794265630055e+00
5.784215699556227719e-01 5.450833606544816412e+00
5.793832018257777383e-01 5.460615389551751520e+00
5.803448336959328158e-01 5.481530490967953639e+00
5.813064655660878932e-01 5.480196983687386059e+00
5.822680974362428596e-01 5.490545989100672486e+00
5.832297293063979371e-01 5.487551475045055582e+00
5.841913611765529035e-01 5.439865085168468894e+00
5.851529930467079810e-01 5.497511415559245052e+00
5.861146249168629474e-01 5.499489518487271411e+00
5.870762567870179138e-01 5.445584207256217724e+00
5.880378886571729913e-01 5.487361754215070775e+00
5.889995205273280687e-01 5.479582922405844769e+00
5.899611523974831462e-01 5.505704682949490447e+00
5.909227842676381126e-01 5.510402769431761882e+00
5.918844161377930790e-01 5.518751050976725914e+00
5.928460480079481565e-01 5.486179806625483657e+00
5.938076798781031229e-01 5.497230283308579324e+00
5.947693117482582004e-01 5.551440656835601395e+00
5.957309436184131668e-01 5.583247254806818383e+00
5.966925754885682442e-01 5.608116460984375884e+00
5.976542073587233217e-01 5.618964666722700230e+00
5.986158392288782881e-01 5.590085221824634409e+00
5.995774710990333656e-01 5.591721821100755108e+00
