# q (1/Angstrom), Intensity (arb)
2.067508526570814575e-02 3.808953883676801411e+01
2.163671713586316769e-02 3.495553523133986573e+01
2.259834900601819310e-02 3.504873867193603587e+01
2.355998087617321851e-02 3.457785652097224727e+01
2.452161274632824739e-02 3.515015896087228953e+01
2.548324461648326933e-02 3.369660865737616007e+01
2.644487648663829821e-02 3.128353208007530384e+01
2.740650835679332709e-02 2.986164583720137244e+01
2.836814022694834903e-02 2.891313183648008334e+01
2.932977209710337443e-02 2.901296895540037468e+01
3.029140396725839637e-02 2.984660867071933410e+01
3.125303583741342178e-02 2.904168595698033783e+01
3.221466770756845066e-02 2.874875454778898387e+01
3.317629957772347260e-02 2.834510103867639685e+01
3.413793144787850148e-02 2.679590411187940191e+01
3.509956331803352342e-02 2.718235260018620636e+01
3.606119518818855230e-02 2.632627734960059129e+01
3.702282705834358117e-02 2.718428272544137059e+01
3.798445892849860311e-02 2.736258953685768347e+01
3.894609079865363199e-02 2.651712580296690547e+01
3.990772266880865393e-02 2.599658825046612165e+01
4.086935453896367587e-02 2.578683405777158200e+01
4.183098640911870475e-02 2.525062021051539674e+01
4.279261827927372669e-02 2.543024221192532508e+01
4.375425014942875557e-02 2.639136582853368651e+01
4.471588201958377751e-02 2.552097314808997552e+01
4.567751388973880639e-02 2.411951766525041307e+01
4.663914575989382832e-02 2.389019847675709940e+01
4.760077763004885720e-02 2.415782554975387342e+01
4.856240950020387914e-02 2.367610755565532088e+01
4.952404137035890108e-02 2.354635317545934114e+01
5.048567324051392302e-02 2.389749265586507576e+01
5.144730511066895190e-02 2.226952724072452128e+01
5.240893698082397384e-02 2.139754854528867156e+01
5.337056885097899578e-02 2.126643736742568436e+01
5.433220072113403160e-02 2.105624161746458967e+01
5.529383259128905354e-02 2.125101360793367533e+01
5.625546446144407547e-02 2.199336966928832737e+01
5.721709633159910435e-02 2.153575263570413156e+01
5.817872820175412629e-02 2.030861712689076626e+01
5.914036007190914823e-02 1.997734373015689613e+01
6.010199194206417017e-02 1.956948914816967289e+01
6.106362381221920599e-02 1.916148349235628601e+01
6.202525568237422793e-02 1.922886911998477544e+01
6.298688755252924987e-02 1.899392948245926860e+01
6.394851942268428568e-02 1.820080437788887195e+01
6.491015129283930762e-02 1.717253833565788312e+01
6.587178316299432956e-02 1.754462503742328749e+01
6.683341503314935150e-02 1.838947288929866630e+01
6.779504690330438732e-02 1.827743994532071881e+01
6.875667877345940926e-02 1.800972686179258986e+01
6.971831064361443120e-02 1.728200395799645506e+01
7.067994251376945314e-02 1.723528526914718739e+01
7.164157438392447508e-02 1.719179750870530299e+01
7.260320625407949702e-02 1.655866498944562082e+01
7.356483812423453283e-02 1.551382642749710072e+01
7.452646999438955477e-02 1.552303067751605781e+01
7.548810186454457671e-02 1.571122281899008399e+01
7.644973373469959865e-02 1.528009195603454629e+01
7.741136560485463447e-02 1.579113654539156286e+01
7.837299747500965641e-02 1.604515138487561288e+01
7.933462934516467835e-02 1.490365684867711593e+01
8.029626121531971417e-02 1.420517822038920386e+01
8.125789308547473611e-02 1.457574164284842411e+01
8.221952495562975805e-02 1.439978408143801403e+01
8.318115682578479386e-02 1.503561008725187520e+01
8.414278869593981580e-02 1.575997435888341869e+01
8.510442056609483774e-02 1.609074824543333193e+01
8.606605243624985968e-02 1.680084236189527402e+01
8.702768430640489550e-02 1.840132988983151563e+01
8.798931617655991744e-02 2.315355130264466510e+01
8.895094804671493938e-02 3.801365269493446419e+01
8.991257991686996132e-02 6.372869988678840514e+01
9.087421178702498326e-02 8.605832824507605494e+01
9.183584365718000520e-02 9.084809228400911252e+01
9.279747552733502713e-02 8.883259680721116069e+01
9.375910739749006295e-02 1.132058220029616820e+02
9.472073926764508489e-02 1.743125909897308929e+02
9.568237113780010683e-02 2.266011213784435370e+02
9.664400300795514265e-02 2.179054302541640027e+02
9.760563487811016459e-02 1.617053332154220300e+02
9.856726674826518653e-02 1.172813853347689417e+02
9.952889861842022234e-02 1.039374044226827891e+02
1.004905304885752443e-01 1.068482374812294182e+02
1.014521623587302801e-01 1.143685170616899001e+02
1.024137942288853020e-01 1.139363738289647898e+02
1.033754260990403240e-01 1.026649627365139423e+02
1.043370579691953459e-01 8.441763898075333827e+01
1.052986898393503817e-01 6.620969054489862060e+01
1.062603217095053898e-01 5.187275821032174150e+01
1.072219535796604256e-01 4.273747011243915495e+01
1.081835854498154614e-01 3.871147317461176840e+01
1.091452173199704695e-01 3.803847607298916955e+01
1.101068491901255053e-01 3.761852303068181413e+01
1.110684810602805411e-01 3.337813470776288227e+01
1.120301129304355492e-01 2.507269725214600342e+01
1.129917448005905850e-01 1.846894506385509871e+01
1.139533766707456208e-01 1.442512844375464098e+01
1.149150085409006289e-01 1.168896858408744066e+01
1.158766404110556647e-01 9.930466216690657433e+00
1.168382722812106728e-01 8.400671580751293277e+00
1.177999041513657086e-01 7.400284547322122819e+00
1.187615360215207305e-01 6.792798769601770204e+00
1.197231678916757525e-01 6.390363296409518057e+00
1.206847997618307744e-01 5.777436898824973355e+00
1.216464316319858102e-01 5.048064503889413857e+00
1.226080635021408183e-01 4.459708902040283363e+00
1.235696953722958541e-01 4.393752969793673913e+00
1.245313272424508899e-01 4.116619534173317163e+00
1.254929591126059119e-01 3.823215353430533980e+00
1.264545909827609338e-01 3.490550238074938250e+00
1.274162228529159557e-01 3.150784763790245080e+00
1.283778547230709777e-01 3.005906037799608299e+00
1.293394865932259996e-01 2.841169918975531061e+00
1.303011184633810493e-01 2.628741058631732130e+00
1.312627503335360435e-01 2.522797182093285073e+00
1.322243822036910932e-01 2.351917182201884060e+00
1.331860140738460874e-01 2.165944719443970712e+00
1.341476459440011371e-01 1.970399543863123881e+00
1.351092778141561590e-01 1.598076796793620247e+00
1.360709096843111809e-01 1.792567352590754837e+00
1.370325415544662029e-01 1.457474667609652386e+00
1.379941734246212526e-01 1.181386096029136468e+00
1.389558052947762468e-01 1.104437696886304110e+00
1.399174371649312965e-01 1.191807065357789241e+00
1.408790690350863184e-01 1.151188199543703661e+00
1.418407009052413403e-01 1.140254491381273994e+00
1.428023327753963623e-01 1.013489694396096041e+00
1.437639646455513842e-01 8.708478313288203765e-01
1.447255965157064062e-01 9.378709853472422253e-01
1.456872283858614281e-01 9.295631768771777104e-01
1.466488602560164778e-01 6.990513556410213880e-01
1.476104921261714720e-01 1.096974665865584342e+00
1.485721239963265217e-01 1.479534035068908793e+00
1.495337558664815436e-01 9.287425962186972583e-01
1.504953877366365655e-01 6.371521163300855051e-01
1.514570196067915875e-01 4.663175520667586227e-01
1.524186514769466094e-01 7.000521689949579240e-01
1.533802833471016314e-01 1.126090491327044418e+00
1.543419152172566811e-01 1.591765553225297225e+00
1.553035470874116752e-01 2.173381127354907960e+00
1.562651789575667249e-01 3.271736552644870955e+00
1.572268108277217469e-01 3.372689437438161519e+00
1.581884426978767688e-01 2.359903019815231318e+00
1.591500745680317908e-01 1.682389143819381871e+00
1.601117064381868405e-01 1.579179514654867944e+00
1.610733383083418346e-01 1.283080063456562669e+00
1.620349701784968843e-01 9.246966373806522199e-01
1.629966020486519063e-01 1.094757282268155052e+00
1.639582339188069282e-01 1.325953525439643954e+00
1.649198657889619501e-01 1.546642627240466084e+00
1.658814976591169721e-01 1.609494199306112705e+00
1.668431295292719940e-01 1.764659208477901586e+00
1.678047613994270160e-01 1.846181168163077757e+00
1.687663932695820379e-01 2.016718971840361974e+00
1.697280251397370598e-01 2.202723984252617839e+00
1.706896570098921095e-01 1.866683478122876494e+00
1.716512888800471037e-01 1.742658552765274038e+00
1.726129207502021534e-01 1.614821610541984143e+00
1.735745526203571754e-01 1.948461269167474086e+00
1.745361844905121973e-01 1.797615323861400327e+00
1.754978163606672192e-01 1.779926214158848552e+00
1.764594482308222689e-01 1.697605587362694735e+00
1.774210801009772631e-01 1.718183365741705160e+00
1.783827119711323128e-01 1.874297359711800226e+00
1.793443438412873348e-01 2.473238483256992026e+00
1.803059757114423567e-01 3.778923140211642107e+00
1.812676075815973786e-01 5.738920042686661560e+00
1.822292394517524006e-01 8.886403330372335319e+00
1.831908713219074225e-01 1.188289150533010385e+01
1.841525031920624444e-01 1.226442005409636593e+01
1.851141350622174664e-01 1.007208896967699374e+01
1.860757669323724883e-01 7.358816386289486644e+00
1.870373988025275380e-01 5.998851399515626071e+00
1.879990306726825322e-01 5.225138108816217652e+00
1.889606625428375819e-01 4.380977053803587040e+00
1.899222944129926038e-01 4.112212672413335213e+00
1.908839262831476258e-01 3.989174644017158045e+00
1.918455581533026477e-01 3.715457705470146976e+00
1.928071900234576974e-01 3.399828373997735298e+00
1.937688218936126916e-01 2.621374048648888788e+00
1.947304537637677413e-01 2.242392529162795967e+00
1.956920856339227632e-01 1.884974042705955810e+00
1.966537175040777852e-01 1.691131564921089847e+00
1.976153493742328071e-01 1.492711131488995591e+00
1.985769812443878291e-01 1.434709873322528750e+00
1.995386131145428510e-01 1.211597153326195553e+00
2.005002449846978729e-01 1.166031551054839355e+00
2.014618768548528949e-01 1.176524218206733252e+00
2.024235087250079168e-01 1.342009983480927815e+00
2.033851405951629665e-01 1.038360165561034165e+00
2.043467724653179884e-01 9.759139560755976106e-01
2.053084043354730381e-01 1.068652381253983208e+00
2.062700362056280046e-01 9.911405998740683287e-01
2.072316680757830543e-01 7.728664426289135747e-01
2.081932999459380762e-01 7.234983051120877917e-01
2.091549318160931259e-01 7.853063631199432848e-01
2.101165636862481478e-01 1.233013714395085003e+00
2.110781955564031698e-01 1.069316513067409602e+00
2.120398274265581640e-01 9.288524608144683725e-01
2.130014592967132137e-01 7.958505268604554317e-01
2.139630911668682356e-01 7.945997688959742788e-01
2.149247230370232575e-01 6.194079558668406094e-01
2.158863549071783072e-01 5.769110486473287835e-01
2.168479867773333014e-01 5.350348034648817475e-01
2.178096186474883234e-01 6.515312529606696046e-01
2.187712505176433453e-01 5.817806468132715736e-01
2.197328823877983950e-01 6.669266028463667340e-01
2.206945142579534169e-01 5.873972677314327484e-01
2.216561461281084666e-01 8.451619487164059308e-01
2.226177779982634330e-01 6.747926006423803358e-01
2.235794098684184827e-01 6.939715265480472794e-01
2.245410417385735047e-01 5.077227474028660481e-01
2.255026736087285544e-01 5.604207491493475857e-01
2.264643054788835763e-01 7.561308540491289421e-01
2.274259373490385983e-01 4.983933428406359667e-01
2.283875692191935924e-01 4.793036251526103797e-01
2.293492010893486421e-01 5.566531809172232670e-01
2.303108329595036641e-01 6.086323437837499739e-01
2.312724648296586860e-01 5.032438278777924268e-01
2.322340966998137357e-01 4.496910984088628993e-01
2.331957285699687299e-01 2.459868716752851014e-01
2.341573604401237518e-01 3.007725948206463329e-01
2.351189923102787738e-01 2.049378846193938841e-01
2.360806241804338235e-01 4.356711290409229775e-01
2.370422560505888454e-01 4.316468193869091863e-01
2.380038879207438951e-01 3.092863611526510681e-01
2.389655197908988615e-01 3.327654193358462464e-01
2.399271516610539112e-01 5.624216982702456846e-01
2.408887835312089332e-01 5.254325988908945533e-01
2.418504154013639829e-01 5.502883689306230508e-01
2.428120472715190048e-01 6.593375717202043518e-01
2.437736791416740267e-01 4.570499894057036272e-01
2.447353110118290209e-01 2.761191527365305376e-01
2.456969428819840706e-01 1.808908211463062798e-01
2.466585747521390926e-01 2.906087394691816428e-01
2.476202066222941145e-01 4.753205991656521689e-01
2.485818384924491642e-01 4.981943380884388262e-01
2.495434703626041584e-01 3.216729612094013646e-01
2.505051022327591803e-01 2.694422576527699675e-02
2.514667341029142023e-01 2.361457203516579284e-01
2.524283659730692242e-01 6.130766734939072649e-01
2.533899978432243016e-01 5.152462993809550085e-01
2.543516297133793236e-01 4.577232395015968791e-01
2.553132615835342900e-01 5.029257526683821311e-01
2.562748934536893120e-01 2.975137609234366209e-01
2.572365253238443894e-01 4.592048108782869065e-01
2.581981571939994113e-01 4.280631998078838762e-01
2.591597890641544333e-01 4.011308352038334135e-01
2.601214209343094552e-01 4.799055081634051589e-01
2.610830528044644772e-01 2.353219596228868227e-01
2.620446846746194991e-01 3.507130263491262667e-01
2.630063165447745210e-01 3.396314782750060601e-01
2.639679484149295430e-01 2.212293475419713218e-01
2.649295802850845649e-01 7.585954267327466027e-02
2.658912121552395869e-01 1.069479136465361080e-01
2.668528440253946088e-01 2.953376926748525477e-01
2.678144758955496307e-01 5.069546626014513890e-01
2.687761077657046527e-01 6.765211310305474512e-01
2.697377396358597301e-01 7.451048521829406468e-01
2.706993715060147521e-01 6.536948368789516906e-01
2.716610033761697185e-01 6.910296078406794607e-01
2.726226352463247404e-01 6.691810021144384280e-01
2.735842671164798179e-01 3.934801258491482656e-01
2.745458989866348398e-01 3.107723146659573388e-01
2.755075308567898618e-01 2.699202003175606990e-01
2.764691627269448837e-01 4.367461395182807848e-01
2.774307945970999056e-01 4.601821736479543290e-01
2.783924264672549276e-01 5.720028572244153509e-01
2.793540583374099495e-01 6.801769118561473704e-01
2.803156902075649715e-01 6.368736025110735000e-01
2.812773220777199934e-01 5.540489370546630710e-01
2.822389539478750153e-01 6.931029820136842545e-01
2.832005858180300373e-01 6.229674265941298472e-01
2.841622176881850592e-01 5.606012522976371315e-01
2.851238495583400812e-01 8.258974317093397133e-01
2.860854814284951586e-01 7.089052946610472361e-01
2.870471132986501805e-01 9.149198590246641061e-01
2.880087451688051470e-01 9.743804691115371952e-01
2.889703770389601689e-01 8.402420460053150464e-01
2.899320089091152464e-01 7.142902523460534780e-01
2.908936407792702683e-01 4.889139583659414257e-01
2.918552726494252902e-01 1.867474734069318743e-01
2.928169045195803122e-01 2.457817074275858715e-01
2.937785363897353341e-01 4.412953587591417204e-01
2.947401682598903561e-01 5.303319456108326335e-01
2.957018001300453780e-01 4.744227554475379804e-01
2.966634320002003999e-01 3.960071742805588713e-01
2.976250638703554219e-01 3.597441615199521436e-01
2.985866957405104993e-01 4.026841601849220353e-01
2.995483276106654658e-01 5.881938123262955287e-01
3.005099594808204877e-01 5.917332453902766076e-01
3.014715913509755651e-01 5.768491263663122481e-01
3.024332232211305871e-01 4.953990065776316953e-01
3.033948550912856090e-01 5.066276887919194394e-01
3.043564869614405755e-01 5.422964786768176282e-01
3.053181188315956529e-01 3.707359163083836506e-01
3.062797507017506748e-01 3.522622434720190654e-01
3.072413825719056968e-01 3.915718854687924022e-01
3.082030144420607187e-01 4.739273817675382361e-01
3.091646463122157407e-01 4.010737253801615054e-01
3.101262781823707626e-01 6.358238937756865994e-01
3.110879100525257845e-01 5.761871541050993528e-01
3.120495419226808065e-01 4.936316963985305506e-01
3.130111737928358284e-01 3.069845126387882317e-01
3.139728056629909059e-01 5.282839097409173235e-01
3.149344375331459278e-01 5.428098891176489360e-01
3.158960694033008942e-01 3.894299340078930527e-01
3.168577012734559162e-01 4.427578083270908849e-01
3.178193331436109936e-01 4.578598229529831087e-01
3.187809650137660156e-01 3.593482772001763692e-01
3.197425968839210375e-01 2.150752461645986102e-01
3.207042287540760039e-01 3.402879709321915414e-01
3.216658606242310814e-01 2.987285598536253417e-01
3.226274924943861033e-01 3.085796906774902482e-01
3.235891243645411253e-01 4.229974609189497414e-01
3.245507562346961472e-01 4.164341665866047038e-01
3.255123881048511691e-01 4.883357100125955697e-01
3.264740199750061911e-01 4.471883338372535377e-01
3.274356518451612130e-01 4.583489611935185337e-01
3.283972837153162350e-01 5.513933682245557577e-01
3.293589155854712569e-01 3.889223875986580481e-01
3.303205474556263344e-01 3.744924551306745286e-01
3.312821793257813563e-01 4.891393789320197527e-01
3.322438111959363227e-01 3.524576676798112373e-01
3.332054430660913447e-01 2.338058063013299659e-01
3.341670749362464221e-01 1.336982461198843453e-01
3.351287068064014441e-01 0.000000000000000000e+00
3.360903386765564660e-01 1.679347057420130795e-01
3.370519705467114324e-01 3.304702256476232947e-01
3.380136024168665099e-01 1.068749487547506760e-01
3.389752342870215318e-01 2.280775107601726859e-01
3.399368661571765537e-01 5.048695909118592340e-01
3.408984980273315757e-01 4.604429492336201690e-01
3.418601298974865976e-01 2.755335833017333869e-01
3.428217617676416196e-01 2.032550884636350474e-01
3.437833936377966415e-01 2.363300517188378080e-01
3.447450255079516634e-01 2.518207570997681444e-01
3.457066573781066854e-01 4.623714834642811411e-02
3.466682892482617628e-01 2.061594940357771577e-01
3.476299211184167848e-01 3.101044416837517304e-01
3.485915529885717512e-01 3.823159465988297256e-01
3.495531848587267731e-01 2.444664141230070697e-01
3.505148167288818506e-01 2.015919808447890205e-01
3.514764485990368725e-01 8.569324267374867077e-02
3.524380804691918945e-01 1.308031228469594964e-01
3.533997123393468609e-01 3.007582568560920322e-01
3.543613442095019384e-01 3.713105934427822774e-01
3.553229760796569603e-01 4.119911547623296144e-01
3.562846079498119822e-01 5.084332978020711380e-01
3.572462398199670042e-01 3.736597660757965400e-01
3.582078716901220261e-01 3.414290179756456212e-01
3.591695035602770480e-01 3.735996712379368034e-01
3.601311354304320700e-01 2.769073364400398418e-01
3.610927673005870919e-01 3.073497817867192339e-01
3.620543991707421139e-01 2.979001162901937505e-01
3.630160310408971913e-01 2.285118375445165384e-01
3.639776629110522133e-01 3.590632450525141905e-01
3.649392947812071797e-01 2.660090745592427197e-01
3.659009266513622016e-01 2.849474089478967187e-01
3.668625585215172791e-01 4.474855524170067156e-01
3.678241903916723010e-01 6.502988780896856724e-01
3.687858222618273230e-01 4.893042479656521948e-01
3.697474541319822894e-01 3.351833243980841814e-01
3.707090860021373668e-01 1.944267739772591597e-01
3.716707178722923888e-01 1.106497134578390273e-01
3.726323497424474107e-01 2.566281263570928672e-01
3.735939816126024327e-01 3.477195240559929346e-01
3.745556134827574546e-01 4.286220633848749628e-01
3.755172453529124765e-01 3.841747694743098407e-01
3.764788772230674985e-01 3.966259695791727324e-01
3.774405090932225204e-01 3.285950114852695947e-01
3.784021409633775423e-01 4.133576907226910180e-01
3.793637728335326198e-01 5.379521823968680394e-01
3.803254047036876417e-01 3.356129340488998025e-01
3.812870365738426082e-01 3.336134037953968345e-01
3.822486684439976301e-01 3.802640621064341531e-01
3.832103003141527076e-01 3.172377347120622915e-01
3.841719321843077295e-01 3.436273829439606686e-01
3.851335640544627514e-01 3.113490498645461457e-01
3.860951959246177734e-01 1.705335385982742480e-01
3.870568277947727953e-01 1.628661842097045565e-02
3.880184596649278173e-01 3.269242310038578125e-01
3.889800915350828392e-01 7.809852947150695002e-01
3.899417234052378611e-01 4.607347812490196759e-01
3.909033552753928831e-01 2.408277996351699812e-01
3.918649871455479050e-01 1.069355846250275022e-01
3.928266190157029270e-01 2.671842411403204665e-01
3.937882508858579489e-01 2.683362728325704438e-01
3.947498827560129708e-01 4.307319145397876525e-01
3.957115146261680483e-01 4.518825376293733598e-01
3.966731464963230702e-01 4.442891399534723007e-01
3.976347783664780366e-01 3.582652409923205994e-01
3.985964102366330586e-01 3.332075390763939993e-01
3.995580421067881360e-01 3.786622908265151466e-01
4.005196739769430470e-01 3.804997748056742068e-01
4.014813058470981244e-01 2.978975087340529626e-01
4.024429377172531463e-01 3.180818662093862770e-01
4.034045695874082238e-01 4.264106269468399546e-01
4.043662014575631902e-01 4.687022705569532377e-01
4.053278333277181567e-01 3.536538273433009749e-01
4.062894651978732341e-01 2.674007888269862576e-01
4.072510970680282560e-01 6.518582947423219309e-01
4.082127289381833335e-01 5.129063870924852608e-01
4.091743608083382999e-01 3.569557425275391438e-01
4.101359926784933774e-01 3.906385376211076732e-01
4.110976245486483993e-01 4.956596825654102645e-01
4.120592564188033657e-01 4.727657772118512014e-01
4.130208882889584432e-01 2.877030885968743235e-01
4.139825201591134096e-01 4.036754505158519635e-01
4.149441520292684871e-01 2.551826566866139956e-01
4.159057838994235090e-01 1.444139057713087482e-01
4.168674157695784754e-01 1.878304207305632190e-01
4.178290476397335529e-01 1.642467399254279314e-01
4.187906795098885748e-01 2.538856398083133570e-01
4.197523113800436523e-01 2.120667148125505719e-01
4.207139432501986187e-01 2.362576537334000193e-01
4.216755751203536962e-01 3.804002740359138102e-01
4.226372069905086626e-01 4.062304171253892093e-01
4.235988388606636845e-01 3.830053462900870898e-01
4.245604707308187620e-01 4.743577710670656700e-01
4.255221026009737284e-01 4.651787071410460328e-01
4.264837344711288059e-01 3.027885519885558097e-01
4.274453663412838278e-01 2.839496005286399338e-01
4.284069982114387942e-01 2.601308807169253612e-01
4.293686300815938717e-01 3.430049737713254387e-01
4.303302619517488381e-01 3.311136867809345574e-01
4.312918938219039156e-01 3.394469850795438504e-01
4.322535256920589375e-01 1.969322747986943511e-01
4.332151575622139039e-01 1.875704431523068649e-01
4.341767894323689814e-01 7.398189299940227670e-02
4.351384213025240033e-01 8.628010012287035124e-02
4.361000531726790808e-01 3.082103925403814060e-01
4.370616850428340472e-01 4.455420851059592735e-01
4.380233169129891246e-01 3.502623255217862663e-01
4.389849487831440911e-01 4.031296636503824971e-01
4.399465806532991130e-01 2.476212230685987947e-01
4.409082125234541905e-01 8.953363355694321513e-02
4.418698443936091569e-01 2.283883338376213601e-01
4.428314762637642343e-01 1.389823594504306925e-01
4.437931081339192563e-01 1.438586077097951943e-01
4.447547400040742227e-01 1.654385359235135411e-01
4.457163718742293002e-01 2.091589528636639272e-01
4.466780037443842666e-01 2.370597384772068494e-01
4.476396356145393440e-01 1.172455161776646548e-01
4.486012674846943660e-01 1.680786948784138701e-01
4.495628993548493324e-01 2.068212347220139691e-01
4.505245312250044099e-01 4.146299763359344581e-01
4.514861630951594318e-01 3.053066440844176554e-01
4.524477949653145092e-01 1.536498133391823728e-01
4.534094268354694757e-01 1.406391233270092300e-01
4.543710587056245531e-01 2.287191499613783208e-01
4.553326905757795195e-01 2.352303829968640514e-01
4.562943224459345415e-01 1.899703564962536007e-01
4.572559543160896189e-01 1.977557306271258142e-01
4.582175861862445854e-01 3.177546422630541656e-01
4.591792180563996628e-01 3.890926764840116903e-01
4.601408499265546848e-01 1.836696263255888084e-01
4.611024817967096512e-01 5.941654508674076851e-02
4.620641136668647286e-01 1.478651686422729483e-01
4.630257455370196951e-01 2.538076080701898718e-01
4.639873774071747725e-01 2.881450974114301289e-01
4.649490092773297945e-01 3.187208322459156307e-01
4.659106411474847609e-01 4.135615496272357916e-01
4.668722730176398383e-01 3.380673757593299911e-01
4.678339048877948603e-01 2.320339142064717919e-01
4.687955367579499377e-01 2.692201990011007240e-01
4.697571686281049042e-01 2.965807189514642062e-01
4.707188004982599816e-01 4.145741050679134787e-01
4.716804323684149480e-01 5.169510138912976061e-01
4.726420642385699700e-01 2.754769015894957818e-01
4.736036961087250474e-01 2.629988766261277533e-01
4.745653279788800138e-01 2.742897260536310000e-01
4.755269598490350913e-01 2.031244591707057623e-01
4.764885917191901132e-01 2.227255450457334973e-01
4.774502235893450797e-01 3.409937219410537068e-01
4.784118554595001571e-01 4.350193304009302153e-01
4.793734873296551235e-01 3.471462390552488841e-01
4.803351191998102010e-01 3.741218913040462724e-01
4.812967510699652229e-01 3.082897977861982497e-01
4.822583829401201894e-01 3.108069177271168826e-01
4.832200148102752668e-01 3.178698191616327051e-01
4.841816466804302888e-01 4.635249937309033896e-01
4.851432785505853662e-01 3.761991455593687306e-01
4.861049104207403326e-01 2.840126462365688553e-01
4.870665422908954101e-01 2.785231014166313912e-01
4.880281741610503765e-01 3.294513095583262441e-01
4.889898060312053985e-01 4.855036372658503296e-01
4.899514379013604759e-01 4.132248959867226290e-01
4.909130697715154423e-01 2.825146021368105664e-01
4.918747016416705198e-01 3.575093953808270442e-01
4.928363335118255417e-01 4.306378922780602636e-01
4.937979653819805081e-01 2.939838348873422547e-01
4.947595972521355856e-01 2.722593784870817046e-01
4.957212291222905520e-01 2.625935337006772841e-01
4.966828609924456295e-01 2.949409137965162131e-01
4.976444928626006514e-01 4.252138722143357086e-01
4.986061247327556178e-01 4.316071342204210737e-01
4.995677566029106953e-01 3.998850487572838119e-01
5.005293884730657172e-01 2.756252759799799890e-01
5.014910203432207947e-01 2.228924647754269017e-01
5.024526522133757611e-01 2.522138877894555264e-01
5.034142840835308386e-01 3.149422095338110239e-01
5.043759159536858050e-01 2.475300803949416206e-01
5.053375478238407714e-01 2.168726821572057872e-01
5.062991796939958489e-01 1.765478791194148300e-01
5.072608115641509263e-01 2.477256905802889264e-01
5.082224434343060038e-01 2.588828109552316903e-01
5.091840753044609702e-01 2.221940690435566523e-01
5.101457071746159366e-01 2.245770595015805782e-01
5.111073390447710141e-01 2.534270526740520779e-01
5.120689709149259805e-01 3.086392635950474528e-01
5.130306027850810580e-01 3.048620014411937973e-01
5.139922346552360244e-01 1.669772233710595799e-01
5.149538665253911018e-01 1.719158852190005859e-01
5.159154983955461793e-01 3.095674509204044966e-01
5.168771302657011457e-01 3.265273087500766280e-01
5.178387621358562232e-01 3.776160367712328991e-01
5.188003940060111896e-01 3.596517847133497980e-01
5.197620258761662670e-01 2.922518533443216882e-01
5.207236577463212335e-01 3.036844716985882542e-01
5.216852896164761999e-01 2.169889605972130653e-01
5.226469214866312774e-01 2.925040113497345828e-01
5.236085533567863548e-01 2.930269921509669473e-01
5.245701852269414323e-01 3.221232721526128273e-01
5.255318170970963987e-01 3.561046315181322086e-01
5.264934489672513651e-01 3.443652581535197044e-01
5.274550808374064426e-01 4.479452990485484065e-01
5.284167127075614090e-01 4.866491457216532979e-01
5.293783445777164864e-01 4.305065368741516352e-01
5.303399764478714529e-01 3.083055329230859343e-01
5.313016083180265303e-01 3.929918662173683686e-01
5.322632401881816078e-01 3.814588104457676820e-01
5.332248720583365742e-01 3.097875705575461325e-01
5.341865039284916516e-01 2.819099223389294195e-01
5.351481357986466181e-01 2.700061587961393172e-01
5.361097676688016955e-01 3.064324043059514224e-01
5.370713995389566620e-01 3.021877907726207013e-01
5.380330314091116284e-01 2.434621218017838373e-01
5.389946632792667058e-01 2.681344785473740444e-01
5.399562951494217833e-01 3.452073448033594616e-01
5.409179270195768607e-01 1.905619109583405191e-01
5.418795588897318272e-01 2.690221791532181328e-01
5.428411907598867936e-01 4.454650612490382855e-01
5.438028226300418710e-01 2.877657712953869407e-01
5.447644545001968375e-01 3.276761493127366975e-01
5.457260863703519149e-01 3.541630674221600827e-01
5.466877182405068814e-01 2.212903257162146531e-01
5.476493501106619588e-01 1.819879821162189160e-01
5.486109819808170363e-01 2.965267733235812386e-01
5.495726138509720027e-01 2.326352963292279696e-01
5.505342457211270801e-01 1.185207488557615818e-01
5.514958775912820466e-01 1.346737551427885649e-01
5.524575094614371240e-01 2.697993381841712335e-01
5.534191413315920904e-01 3.544118046085493745e-01
5.543807732017470569e-01 3.864178907279978148e-01
5.553424050719021343e-01 4.040385664244148245e-01
5.563040369420572118e-01 2.834835755867253226e-01
5.572656688122122892e-01 2.330423243038914904e-01
5.582273006823672556e-01 2.977803518023911522e-01
5.591889325525222221e-01 3.181581058946214569e-01
5.601505644226772995e-01 3.665938149048457717e-01
5.611121962928322660e-01 3.666154704673907361e-01
5.620738281629873434e-01 3.096240374808800766e-01
5.630354600331423098e-01 2.657675947669737582e-01
5.639970919032973873e-01 3.257693677629198703e-01
5.649587237734524647e-01 3.911362794560027112e-01
5.659203556436074312e-01 3.191439573116028328e-01
5.668819875137625086e-01 2.670266879194009846e-01
5.678436193839174750e-01 3.287982932808972691e-01
5.688052512540725525e-01 3.542799745280582613e-01
5.697668831242275189e-01 4.246647225936079906e-01
5.707285149943824853e-01 5.158207975994777428e-01
5.716901468645375628e-01 3.605925788358703699e-01
5.726517787346926402e-01 3.016612358665753391e-01
5.736134106048477177e-01 2.615128819788274939e-01
5.745750424750026841e-01 2.056807887320815098e-01
5.755366743451576506e-01 2.576682663188236688e-01
5.764983062153127280e-01 2.168082637795016865e-01
5.774599380854676944e-01 1.696742669501141165e-01
5.784215699556227719e-01 2.409496774399109142e-01
5.793832018257777383e-01 2.879671216649093424e-01
5.803448336959328158e-01 3.428734707769862666e-01
5.813064655660878932e-01 2.983225330156535904e-01
5.822680974362428596e-01 3.481966825642714980e-01
5.832297293063979371e-01 3.217366302956534696e-01
5.841913611765529035e-01 4.179213808006601028e-01
5.851529930467079810e-01 3.514758369518204972e-01
5.861146249168629474e-01 2.987383157818008783e-01
5.870762567870179138e-01 3.953917726605169491e-01
5.880378886571729913e-01 4.027321156776544342e-01
5.889995205273280687e-01 4.641236095398610928e-01
5.899611523974831462e-01 4.764011579007920716e-01
5.909227842676381126e-01 3.429165232634936444e-01
5.918844161377930790e-01 2.920815067561406408e-01
5.928460480079481565e-01 3.256265967674032424e-01
5.938076798781031229e-01 3.527832223964715297e-01
5.947693117482582004e-01 3.508368868178024513e-01
5.957309436184131668e-01 2.726102386994995186e-01
5.966925754885682442e-01 2.426230709396861585e-01
5.976542073587233217e-01 2.574560145469320105e-01
5.986158392288782881e-01 2.633329770907408829e-01
5.995774710990333656e-01 2.387328731164437556e-01
