# q (1/Angstrom), Intensity (arb)
2.067508526570814575e-02 0.000000000000000000e+00
2.163671713586316769e-02 6.877963559886168809e-01
2.259834900601819310e-02 1.150382444478417199e+00
2.355998087617321851e-02 1.310922747198102201e+00
2.452161274632824739e-02 1.629958359195299522e+00
2.548324461648326933e-02 2.295486125671242661e+00
2.644487648663829821e-02 2.746175957152718894e+00
2.740650835679332709e-02 2.983512642215607968e+00
2.836814022694834903e-02 3.056366493959222552e+00
2.932977209710337443e-02 3.486340418168271782e+00
3.029140396725839637e-02 3.571836317738625866e+00
3.125303583741342178e-02 4.054206149286549987e+00
3.221466770756845066e-02 4.235194444876725584e+00
3.317629957772347260e-02 4.311135409902588478e+00
3.413793144787850148e-02 4.566830827443975949e+00
3.509956331803352342e-02 4.534996376273955576e+00
3.606119518818855230e-02 4.791609785673909272e+00
3.702282705834358117e-02 5.245579131015409402e+00
3.798445892849860311e-02 5.229767588875049000e+00
3.894609079865363199e-02 5.107341917583610780e+00
3.990772266880865393e-02 5.161370440575353769e+00
4.086935453896367587e-02 5.171823516479415517e+00
4.183098640911870475e-02 5.249900006087012017e+00
4.279261827927372669e-02 5.203245471620396856e+00
4.375425014942875557e-02 5.202888684648597106e+00
4.471588201958377751e-02 5.255354919644429579e+00
4.567751388973880639e-02 5.614683681525272085e+00
4.663914575989382832e-02 5.584116113599100650e+00
4.760077763004885720e-02 5.534614794956752348e+00
4.856240950020387914e-02 5.550946535461849685e+00
4.952404137035890108e-02 5.574070403164222753e+00
5.048567324051392302e-02 5.492856539802892790e+00
5.144730511066895190e-02 5.460393744658390780e+00
5.240893698082397384e-02 5.320624303955797885e+00
5.337056885097899578e-02 5.294910579190067246e+00
5.433220072113403160e-02 5.412787667901965527e+00
5.529383259128905354e-02 5.562967409797273888e+00
5.625546446144407547e-02 5.357545710871473688e+00
5.721709633159910435e-02 5.429465169595653506e+00
5.817872820175412629e-02 5.333340318255406665e+00
5.914036007190914823e-02 5.315436738207480083e+00
6.010199194206417017e-02 5.323854710209078966e+00
6.106362381221920599e-02 5.395089119989864734e+00
6.202525568237422793e-02 5.338750725472541703e+00
6.298688755252924987e-02 5.195339930509422111e+00
6.394851942268428568e-02 5.363553377313414749e+00
6.491015129283930762e-02 5.441256944335114198e+00
6.587178316299432956e-02 5.511271219835544244e+00
6.683341503314935150e-02 5.451324356126471926e+00
6.779504690330438732e-02 5.480486132927889997e+00
6.875667877345940926e-02 5.142278047971806210e+00
6.971831064361443120e-02 5.223952281195026970e+00
7.067994251376945314e-02 5.307414097005216824e+00
7.164157438392447508e-02 5.369593671512533639e+00
7.260320625407949702e-02 5.326078109066349597e+00
7.356483812423453283e-02 5.454874555009942227e+00
7.452646999438955477e-02 5.389231984197992098e+00
7.548810186454457671e-02 5.332864767127486694e+00
7.644973373469959865e-02 5.443534402425242114e+00
7.741136560485463447e-02 5.437805235332163534e+00
7.837299747500965641e-02 5.298398176773543966e+00
7.933462934516467835e-02 5.503869668023758877e+00
8.029626121531971417e-02 5.675843032904364094e+00
8.125789308547473611e-02 5.564540695835100692e+00
8.221952495562975805e-02 5.605278540955578315e+00
8.318115682578479386e-02 5.645083050013826487e+00
8.414278869593981580e-02 5.648516168375383728e+00
8.510442056609483774e-02 5.416224160071232419e+00
8.606605243624985968e-02 5.347177251349496174e+00
8.702768430640489550e-02 5.419718698670852319e+00
8.798931617655991744e-02 5.451793708317956622e+00
8.895094804671493938e-02 5.424090444491237228e+00
8.991257991686996132e-02 5.459509427732013975e+00
9.087421178702498326e-02 5.458361249071676191e+00
9.183584365718000520e-02 5.539195743914191894e+00
9.279747552733502713e-02 5.577931670985365464e+00
9.375910739749006295e-02 5.415915463918202555e+00
9.472073926764508489e-02 5.443689600237660464e+00
9.568237113780010683e-02 5.374996879726110954e+00
9.664400300795514265e-02 5.429360357195614384e+00
9.760563487811016459e-02 5.590740418779557075e+00
9.856726674826518653e-02 5.528211296417248732e+00
9.952889861842022234e-02 5.350927225950396604e+00
1.004905304885752443e-01 5.395980678101387262e+00
1.014521623587302801e-01 5.458924639028018611e+00
1.024137942288853020e-01 5.493740903103738304e+00
1.033754260990403240e-01 5.607508685927136582e+00
1.043370579691953459e-01 5.486434826177012170e+00
1.052986898393503817e-01 5.500903635834281324e+00
1.062603217095053898e-01 5.444881968410811623e+00
1.072219535796604256e-01 5.559648538896216685e+00
1.081835854498154614e-01 5.478624437530192459e+00
1.091452173199704695e-01 5.493230158502618643e+00
1.101068491901255053e-01 5.558693502232087802e+00
1.110684810602805411e-01 5.589284273307230322e+00
1.120301129304355492e-01 5.513070974734059604e+00
1.129917448005905850e-01 5.433958520656309688e+00
1.139533766707456208e-01 5.539714545713548155e+00
1.149150085409006289e-01 5.475537286354058786e+00
1.158766404110556647e-01 5.439796678283522979e+00
1.168382722812106728e-01 5.359958366043945155e+00
1.177999041513657086e-01 5.340662259307108251e+00
1.187615360215207305e-01 5.398708000869603119e+00
1.197231678916757525e-01 5.467387191830998638e+00
1.206847997618307744e-01 5.541002327709300346e+00
1.216464316319858102e-01 5.512333302393217060e+00
1.226080635021408183e-01 5.570555150084911311e+00
1.235696953722958541e-01 5.542993234684325365e+00
1.245313272424508899e-01 5.616352581490411389e+00
1.254929591126059119e-01 5.519496130281926760e+00
1.264545909827609338e-01 5.328187104204411995e+00
1.274162228529159557e-01 5.388117326798839812e+00
1.283778547230709777e-01 5.430310316733228504e+00
1.293394865932259996e-01 5.431640315661474538e+00
1.303011184633810493e-01 5.483347452970832592e+00
1.312627503335360435e-01 5.459781038528564778e+00
1.322243822036910932e-01 5.487364941414355712e+00
1.331860140738460874e-01 5.572330794224097161e+00
1.341476459440011371e-01 5.576569196366963688e+00
1.351092778141561590e-01 5.652127674764479970e+00
1.360709096843111809e-01 5.619383774492837880e+00
1.370325415544662029e-01 5.546590389095113593e+00
1.379941734246212526e-01 5.404248116960038040e+00
1.389558052947762468e-01 5.466626997291385237e+00
1.399174371649312965e-01 5.499356529486299827e+00
1.408790690350863184e-01 5.497386239800803764e+00
1.418407009052413403e-01 5.462585850465055515e+00
1.428023327753963623e-01 5.438025155434565328e+00
1.437639646455513842e-01 5.441545110529985685e+00
1.447255965157064062e-01 5.473911991308890279e+00
1.456872283858614281e-01 5.448124175146866754e+00
1.466488602560164778e-01 5.447524722044683188e+00
1.476104921261714720e-01 5.339942715286418284e+00
1.485721239963265217e-01 5.560589886549920813e+00
1.495337558664815436e-01 5.567442065084033054e+00
1.504953877366365655e-01 5.574528193159909328e+00
1.514570196067915875e-01 5.451160282387109035e+00
1.524186514769466094e-01 5.526232079058557289e+00
1.533802833471016314e-01 5.544878106175169741e+00
1.543419152172566811e-01 5.531132068281196190e+00
1.553035470874116752e-01 5.462456026337471293e+00
1.562651789575667249e-01 5.448196128331399102e+00
1.572268108277217469e-01 5.462556350397910876e+00
1.581884426978767688e-01 5.418602906598884772e+00
1.591500745680317908e-01 5.549831315757344008e+00
1.601117064381868405e-01 5.602128900131498668e+00
1.610733383083418346e-01 5.572256534260499272e+00
1.620349701784968843e-01 5.409569755517952494e+00
1.629966020486519063e-01 5.558335543532251677e+00
1.639582339188069282e-01 5.450915125238103620e+00
1.649198657889619501e-01 5.406249119926964219e+00
1.658814976591169721e-01 5.521720314066868696e+00
1.668431295292719940e-01 5.563732206310080031e+00
1.678047613994270160e-01 5.622632276030771870e+00
1.687663932695820379e-01 5.582038847534461112e+00
1.697280251397370598e-01 5.614629387324177934e+00
1.706896570098921095e-01 5.570610420459158441e+00
1.716512888800471037e-01 5.532154727526444660e+00
1.726129207502021534e-01 5.624017086844593116e+00
1.735745526203571754e-01 5.537281503877506061e+00
1.745361844905121973e-01 5.529802789137574948e+00
1.754978163606672192e-01 5.625180849653255599e+00
1.764594482308222689e-01 5.606868261289153388e+00
1.774210801009772631e-01 5.604976144523895698e+00
1.783827119711323128e-01 5.546438928235816412e+00
1.793443438412873348e-01 5.555336400336953417e+00
1.803059757114423567e-01 5.500354817330270762e+00
1.812676075815973786e-01 5.460584082478770362e+00
1.822292394517524006e-01 5.459565222985340860e+00
1.831908713219074225e-01 5.454891577115287937e+00
1.841525031920624444e-01 5.568904264918732139e+00
1.851141350622174664e-01 5.634328524792927340e+00
1.860757669323724883e-01 5.513958177267269889e+00
1.870373988025275380e-01 5.535611382736752795e+00
1.879990306726825322e-01 5.482270967016580343e+00
1.889606625428375819e-01 5.453473957658298232e+00
1.899222944129926038e-01 5.523824730267189231e+00
1.908839262831476258e-01 5.599647716660452801e+00
1.918455581533026477e-01 5.617728932865555080e+00
1.928071900234576974e-01 5.556019901445707454e+00
1.937688218936126916e-01 5.552744085509309535e+00
1.947304537637677413e-01 5.513872862611012060e+00
1.956920856339227632e-01 5.484358277166407447e+00
1.966537175040777852e-01 5.598089202893779870e+00
1.976153493742328071e-01 5.572967696686796479e+00
1.985769812443878291e-01 5.460073501040082711e+00
1.995386131145428510e-01 5.664902892414388269e+00
2.005002449846978729e-01 5.703434837614673292e+00
2.014618768548528949e-01 5.656217477053098186e+00
2.024235087250079168e-01 5.540286702339694891e+00
2.033851405951629665e-01 5.489092390400245769e+00
2.043467724653179884e-01 5.511849168365699825e+00
2.053084043354730381e-01 5.507572519778809905e+00
2.062700362056280046e-01 5.573753596398494103e+00
2.072316680757830543e-01 5.672582016865624688e+00
2.081932999459380762e-01 5.684020263372454806e+00
2.091549318160931259e-01 5.603898063796578732e+00
2.101165636862481478e-01 5.576657744402877093e+00
2.110781955564031698e-01 5.556395389781149774e+00
2.120398274265581640e-01 5.569253506728225389e+00
2.130014592967132137e-01 5.558084918119945428e+00
2.139630911668682356e-01 5.583184962987911781e+00
2.149247230370232575e-01 5.527609816258665099e+00
2.158863549071783072e-01 5.504666902940730466e+00
2.168479867773333014e-01 5.581783489010754273e+00
2.178096186474883234e-01 5.721765268357358103e+00
2.187712505176433453e-01 5.543613409660209435e+00
2.197328823877983950e-01 5.479074285507064879e+00
2.206945142579534169e-01 5.622188369143965581e+00
2.216561461281084666e-01 5.606523656441580350e+00
2.226177779982634330e-01 5.634488747183294066e+00
2.235794098684184827e-01 5.516604946819093414e+00
2.245410417385735047e-01 5.606259577443846176e+00
2.255026736087285544e-01 5.554095100432122400e+00
2.264643054788835763e-01 5.534037798087579674e+00
2.274259373490385983e-01 5.618837920167835343e+00
2.283875692191935924e-01 5.627166730623629931e+00
2.293492010893486421e-01 5.665132574661468468e+00
2.303108329595036641e-01 5.629722484475776945e+00
2.312724648296586860e-01 5.574004476925277451e+00
2.322340966998137357e-01 5.658086706657322829e+00
2.331957285699687299e-01 5.707123975801127180e+00
2.341573604401237518e-01 5.612719314886442490e+00
2.351189923102787738e-01 5.678348569216637109e+00
2.360806241804338235e-01 5.677782010899242060e+00
2.370422560505888454e-01 5.721404045354320012e+00
2.380038879207438951e-01 5.638457569553654736e+00
2.389655197908988615e-01 5.595971932231438295e+00
2.399271516610539112e-01 5.489356834159091925e+00
2.408887835312089332e-01 5.551745760438369537e+00
2.418504154013639829e-01 5.544860609115588979e+00
2.428120472715190048e-01 5.534768701492743581e+00
2.437736791416740267e-01 5.539873157149324712e+00
2.447353110118290209e-01 5.587180553902518554e+00
2.456969428819840706e-01 5.519184482877338205e+00
2.466585747521390926e-01 5.552748042076737889e+00
2.476202066222941145e-01 5.632166165590199114e+00
2.485818384924491642e-01 5.564047689652126039e+00
2.495434703626041584e-01 5.565806751303858491e+00
2.505051022327591803e-01 5.513843218778088584e+00
2.514667341029142023e-01 5.540623688434640037e+00
2.524283659730692242e-01 5.590815341218255519e+00
2.533899978432243016e-01 5.635400421988295605e+00
2.543516297133793236e-01 5.657911308569299358e+00
2.553132615835342900e-01 5.591876174907409514e+00
2.562748934536893120e-01 5.647367631695783707e+00
2.572365253238443894e-01 5.626382107265695431e+00
2.581981571939994113e-01 5.527247754029589899e+00
2.591597890641544333e-01 5.540207888442439277e+00
2.601214209343094552e-01 5.617775675805106061e+00
2.610830528044644772e-01 5.587740244683860880e+00
2.620446846746194991e-01 5.591975661990143287e+00
2.630063165447745210e-01 5.639775958912507825e+00
2.639679484149295430e-01 5.625174507006155622e+00
2.649295802850845649e-01 5.617622839376942956e+00
2.658912121552395869e-01 5.567658168061712765e+00
2.668528440253946088e-01 5.499393031461928594e+00
2.678144758955496307e-01 5.528870334120818519e+00
2.687761077657046527e-01 5.550340655000686851e+00
2.697377396358597301e-01 5.574032864151527100e+00
2.706993715060147521e-01 5.468437257308281119e+00
2.716610033761697185e-01 5.479811206203755169e+00
2.726226352463247404e-01 5.523528999637151493e+00
2.735842671164798179e-01 5.592579475815123935e+00
2.745458989866348398e-01 5.555565160680171033e+00
2.755075308567898618e-01 5.658830753439154648e+00
2.764691627269448837e-01 5.646474038376557480e+00
2.774307945970999056e-01 5.661593433950512733e+00
2.783924264672549276e-01 5.656025644004797570e+00
2.793540583374099495e-01 5.579136522998767056e+00
2.803156902075649715e-01 5.553008316853762949e+00
2.812773220777199934e-01 5.624816239474897728e+00
2.822389539478750153e-01 5.561472321803221597e+00
2.832005858180300373e-01 5.595219289504085758e+00
2.841622176881850592e-01 5.683959044855237508e+00
2.851238495583400812e-01 5.548832383580512229e+00
2.860854814284951586e-01 5.528648416730745474e+00
2.870471132986501805e-01 5.526346819769593743e+00
2.880087451688051470e-01 5.525852073779256912e+00
2.889703770389601689e-01 5.586035392282762579e+00
2.899320089091152464e-01 5.548827574752837499e+00
2.908936407792702683e-01 5.521097725159572533e+00
2.918552726494252902e-01 5.544510606915440398e+00
2.928169045195803122e-01 5.514621834148552892e+00
2.937785363897353341e-01 5.564308650904327358e+00
2.947401682598903561e-01 5.581215718203817566e+00
2.957018001300453780e-01 5.606427891469156322e+00
2.966634320002003999e-01 5.620177234550217449e+00
2.976250638703554219e-01 5.611130827795785869e+00
2.985866957405104993e-01 5.584972091265093752e+00
2.995483276106654658e-01 5.560904121184671034e+00
3.005099594808204877e-01 5.551545415247568727e+00
3.014715913509755651e-01 5.599794635459299563e+00
3.024332232211305871e-01 5.644153928866532333e+00
3.033948550912856090e-01 5.656466972407077520e+00
3.043564869614405755e-01 5.591532801045418388e+00
3.053181188315956529e-01 5.577772678637979986e+00
3.062797507017506748e-01 5.567788848947834879e+00
3.072413825719056968e-01 5.550935651272143723e+00
3.082030144420607187e-01 5.582060439159571175e+00
3.091646463122157407e-01 5.557100827728125303e+00
3.101262781823707626e-01 5.535600815889539561e+00
3.110879100525257845e-01 5.561853126957484683e+00
3.120495419226808065e-01 5.577867654944553166e+00
3.130111737928358284e-01 5.600073014789665571e+00
3.139728056629909059e-01 5.623344790737910159e+00
3.149344375331459278e-01 5.542269210875574892e+00
3.158960694033008942e-01 5.620112411326576130e+00
3.168577012734559162e-01 5.556454174468298923e+00
3.178193331436109936e-01 5.605455263937276555e+00
3.187809650137660156e-01 5.514933405436415192e+00
3.197425968839210375e-01 5.533259735749223474e+00
3.207042287540760039e-01 5.549952861310433860e+00
3.216658606242310814e-01 5.595899544888349730e+00
3.226274924943861033e-01 5.621064183490261712e+00
3.235891243645411253e-01 5.659192294974001669e+00
3.245507562346961472e-01 5.578715210236206090e+00
3.255123881048511691e-01 5.573382515430795436e+00
3.264740199750061911e-01 5.516946377880996621e+00
3.274356518451612130e-01 5.522698912016405615e+00
3.283972837153162350e-01 5.589885834384941354e+00
3.293589155854712569e-01 5.519403023980602008e+00
3.303205474556263344e-01 5.486474487983527659e+00
3.312821793257813563e-01 5.480338104485373840e+00
3.322438111959363227e-01 5.442368744991968654e+00
3.332054430660913447e-01 5.502860590594601753e+00
3.341670749362464221e-01 5.603254990863479001e+00
3.351287068064014441e-01 5.530601840599982388e+00
3.360903386765564660e-01 5.497793746168582629e+00
3.370519705467114324e-01 5.556139291012268444e+00
3.380136024168665099e-01 5.571793661328849012e+00
3.389752342870215318e-01 5.573050444736075804e+00
3.399368661571765537e-01 5.552254602009806916e+00
3.408984980273315757e-01 5.633148928326833449e+00
3.418601298974865976e-01 5.570672357570598088e+00
3.428217617676416196e-01 5.600582456948860255e+00
3.437833936377966415e-01 5.580426413632732618e+00
3.447450255079516634e-01 5.622849912687811091e+00
3.457066573781066854e-01 5.649882234497727751e+00
3.466682892482617628e-01 5.670824776948839130e+00
3.476299211184167848e-01 5.588459147248746817e+00
3.485915529885717512e-01 5.567869981083564568e+00
3.495531848587267731e-01 5.616290219975267561e+00
3.505148167288818506e-01 5.551014360060547048e+00
3.514764485990368725e-01 5.517728615297481376e+00
3.524380804691918945e-01 5.564502713265403244e+00
3.533997123393468609e-01 5.502954012183966626e+00
3.543613442095019384e-01 5.553718760591013215e+00
3.553229760796569603e-01 5.519790228278865563e+00
3.562846079498119822e-01 5.613262214129377092e+00
3.572462398199670042e-01 5.645523768200327197e+00
3.582078716901220261e-01 5.692208616624699680e+00
3.591695035602770480e-01 5.658891213900625772e+00
3.601311354304320700e-01 5.689668308398313279e+00
3.610927673005870919e-01 5.621231699930060444e+00
3.620543991707421139e-01 5.558085420101146035e+00
3.630160310408971913e-01 5.569851068410291539e+00
3.639776629110522133e-01 5.606412071831279320e+00
3.649392947812071797e-01 5.580578468924024094e+00
3.659009266513622016e-01 5.563608195134226442e+00
3.668625585215172791e-01 5.542077707856358337e+00
3.678241903916723010e-01 5.502888721616547407e+00
3.687858222618273230e-01 5.546210133965924882e+00
3.697474541319822894e-01 5.547169285173875863e+00
3.707090860021373668e-01 5.608093310220905181e+00
3.716707178722923888e-01 5.534588929736354856e+00
3.726323497424474107e-01 5.596512982275989145e+00
3.735939816126024327e-01 5.562927786408021547e+00
3.745556134827574546e-01 5.604431498859988814e+00
3.755172453529124765e-01 5.610365015950569578e+00
3.764788772230674985e-01 5.621560284287625997e+00
3.774405090932225204e-01 5.549446992443830773e+00
3.784021409633775423e-01 5.559203312314468626e+00
3.793637728335326198e-01 5.564385313295443503e+00
3.803254047036876417e-01 5.542570755974531416e+00
3.812870365738426082e-01 5.567289695790469395e+00
3.822486684439976301e-01 5.648095214489625704e+00
3.832103003141527076e-01 5.599643859077359842e+00
3.841719321843077295e-01 5.592486885838084731e+00
3.851335640544627514e-01 5.547908618014313120e+00
3.860951959246177734e-01 5.494385377090202915e+00
3.870568277947727953e-01 5.455452159249190913e+00
3.880184596649278173e-01 5.472355953451455868e+00
3.889800915350828392e-01 5.609333698783165900e+00
3.899417234052378611e-01 5.598416438032220555e+00
3.909033552753928831e-01 5.484379670424237574e+00
3.918649871455479050e-01 5.562853180455360480e+00
3.928266190157029270e-01 5.622549666249419431e+00
3.937882508858579489e-01 5.580675398515055896e+00
3.947498827560129708e-01 5.518206954317069091e+00
3.957115146261680483e-01 5.546794989200177994e+00
3.966731464963230702e-01 5.520417564622095874e+00
3.976347783664780366e-01 5.559538001902285309e+00
3.985964102366330586e-01 5.586955293156872671e+00
3.995580421067881360e-01 5.583062014358684877e+00
4.005196739769430470e-01 5.585409174009646094e+00
4.014813058470981244e-01 5.543504823271355519e+00
4.024429377172531463e-01 5.588090625246756815e+00
4.034045695874082238e-01 5.547637256202406775e+00
4.043662014575631902e-01 5.539199370653034471e+00
4.053278333277181567e-01 5.539773343584193377e+00
4.062894651978732341e-01 5.562408755491214052e+00
4.072510970680282560e-01 5.551647434667981607e+00
4.082127289381833335e-01 5.473223669057031060e+00
4.091743608083382999e-01 5.556273805377361263e+00
4.101359926784933774e-01 5.552761065986495659e+00
4.110976245486483993e-01 5.573309160447323052e+00
4.120592564188033657e-01 5.612970733817232549e+00
4.130208882889584432e-01 5.648517196470656643e+00
4.139825201591134096e-01 5.579513013458604398e+00
4.149441520292684871e-01 5.580687216634808934e+00
4.159057838994235090e-01 5.564622710462101551e+00
4.168674157695784754e-01 5.575078993928134885e+00
4.178290476397335529e-01 5.556286664055914315e+00
4.187906795098885748e-01 5.606426950090091843e+00
4.197523113800436523e-01 5.616785793562330653e+00
4.207139432501986187e-01 5.664305653927769413e+00
4.216755751203536962e-01 5.674472514846242710e+00
4.226372069905086626e-01 5.662404257433563792e+00
4.235988388606636845e-01 5.657888923421147354e+00
4.245604707308187620e-01 5.567560368951884442e+00
4.255221026009737284e-01 5.516473448341828067e+00
4.264837344711288059e-01 5.564620017513673744e+00
4.274453663412838278e-01 5.573506906100125669e+00
4.284069982114387942e-01 5.616797577253406004e+00
4.293686300815938717e-01 5.639094758905842220e+00
4.303302619517488381e-01 5.613408303499241470e+00
4.312918938219039156e-01 5.560289335108119069e+00
4.322535256920589375e-01 5.534854085624994369e+00
4.332151575622139039e-01 5.524897809893580813e+00
4.341767894323689814e-01 5.543254297931585306e+00
4.351384213025240033e-01 5.550597987822833090e+00
4.361000531726790808e-01 5.571492102768107912e+00
4.370616850428340472e-01 5.531683900800635989e+00
4.380233169129891246e-01 5.551970728720403869e+00
4.389849487831440911e-01 5.579896586239166290e+00
4.399465806532991130e-01 5.631766797638036337e+00
4.409082125234541905e-01 5.540922116432413169e+00
4.418698443936091569e-01 5.540817961403131875e+00
4.428314762637642343e-01 5.582389239466281516e+00
4.437931081339192563e-01 5.641251562533211583e+00
4.447547400040742227e-01 5.623184811257471161e+00
4.457163718742293002e-01 5.619896944046677945e+00
4.466780037443842666e-01 5.589087076487255779e+00
4.476396356145393440e-01 5.576961713816606547e+00
4.486012674846943660e-01 5.567676445851962086e+00
4.495628993548493324e-01 5.587367093226903947e+00
4.505245312250044099e-01 5.656169037531708632e+00
4.514861630951594318e-01 5.584167791640074263e+00
4.524477949653145092e-01 5.495732945970514649e+00
4.534094268354694757e-01 5.481048414553129078e+00
4.543710587056245531e-01 5.525973241162937200e+00
4.553326905757795195e-01 5.562116624435049062e+00
4.562943224459345415e-01 5.545870141702851974e+00
4.572559543160896189e-01 5.526985844137326964e+00
4.582175861862445854e-01 5.520471715436816140e+00
4.591792180563996628e-01 5.526741978778252573e+00
4.601408499265546848e-01 5.540057828083727820e+00
4.611024817967096512e-01 5.556557394118371462e+00
4.620641136668647286e-01 5.470488156474891284e+00
4.630257455370196951e-01 5.504077847783425348e+00
4.639873774071747725e-01 5.539978806560377222e+00
4.649490092773297945e-01 5.511055661361217162e+00
4.659106411474847609e-01 5.533557695526474696e+00
4.668722730176398383e-01 5.528961946033970065e+00
4.678339048877948603e-01 5.553222957494508449e+00
4.687955367579499377e-01 5.558182036821286864e+00
4.697571686281049042e-01 5.536579405337120008e+00
4.707188004982599816e-01 5.591831681748995919e+00
4.716804323684149480e-01 5.531047105700436006e+00
4.726420642385699700e-01 5.513247837408977503e+00
4.736036961087250474e-01 5.526263743970809550e+00
4.745653279788800138e-01 5.557726361169324392e+00
4.755269598490350913e-01 5.535070278746550443e+00
4.764885917191901132e-01 5.498520547987209461e+00
4.774502235893450797e-01 5.542234226143794906e+00
4.784118554595001571e-01 5.551993572172135849e+00
4.793734873296551235e-01 5.591466303895766821e+00
4.803351191998102010e-01 5.645180899923615492e+00
4.812967510699652229e-01 5.582187763726868646e+00
4.822583829401201894e-01 5.552869391568056479e+00
4.832200148102752668e-01 5.525757928090006210e+00
4.841816466804302888e-01 5.537145740158707419e+00
4.851432785505853662e-01 5.599746970123320899e+00
4.861049104207403326e-01 5.554460236186963051e+00
4.870665422908954101e-01 5.532875889826841309e+00
4.880281741610503765e-01 5.562195949225571034e+00
4.889898060312053985e-01 5.630033703835585435e+00
4.899514379013604759e-01 5.622594074044443779e+00
4.909130697715154423e-01 5.623905644433519591e+00
4.918747016416705198e-01 5.555168255918759179e+00
4.928363335118255417e-01 5.547549487513856015e+00
4.937979653819805081e-01 5.597242030750893882e+00
4.947595972521355856e-01 5.557115995892898397e+00
4.957212291222905520e-01 5.547312595039893601e+00
4.966828609924456295e-01 5.574824501963927759e+00
4.976444928626006514e-01 5.548570303594101638e+00
4.986061247327556178e-01 5.535497928298049430e+00
4.995677566029106953e-01 5.595779939922169710e+00
5.005293884730657172e-01 5.565378253844805556e+00
5.014910203432207947e-01 5.535728008535079958e+00
5.024526522133757611e-01 5.563608035051629486e+00
5.034142840835308386e-01 5.604915384018624991e+00
5.043759159536858050e-01 5.596077820997920504e+00
5.053375478238407714e-01 5.635593966851175196e+00
5.062991796939958489e-01 5.611056847720849561e+00
5.072608115641509263e-01 5.611004871528764149e+00
5.082224434343060038e-01 5.577432997216298816e+00
5.091840753044609702e-01 5.580273187626308307e+00
5.101457071746159366e-01 5.543080801846560490e+00
5.111073390447710141e-01 5.575096489982622749e+00
5.120689709149259805e-01 5.569632392396138165e+00
5.130306027850810580e-01 5.561004499060568484e+00
5.139922346552360244e-01 5.652527302077053228e+00
5.149538665253911018e-01 5.676058300976801085e+00
5.159154983955461793e-01 5.611815288838881699e+00
5.168771302657011457e-01 5.609854132730434095e+00
5.178387621358562232e-01 5.594403742418744940e+00
5.188003940060111896e-01 5.534228961862078577e+00
5.197620258761662670e-01 5.565388129158718833e+00
5.207236577463212335e-01 5.593650290833190653e+00
5.216852896164761999e-01 5.616939268478755132e+00
5.226469214866312774e-01 5.684190054308119855e+00
5.236085533567863548e-01 5.631312579919541150e+00
5.245701852269414323e-01 5.620217065738287943e+00
5.255318170970963987e-01 5.636398918522692369e+00
5.264934489672513651e-01 5.601570216920325862e+00
5.274550808374064426e-01 5.569567753559931056e+00
5.284167127075614090e-01 5.541312809511127035e+00
5.293783445777164864e-01 5.549004138927508656e+00
5.303399764478714529e-01 5.614156847664560246e+00
5.313016083180265303e-01 5.588927251168541943e+00
5.322632401881816078e-01 5.565576953802493954e+00
5.332248720583365742e-01 5.573758543484657046e+00
5.341865039284916516e-01 5.584941551135838012e+00
5.351481357986466181e-01 5.573381794136794909e+00
5.361097676688016955e-01 5.599396266193230609e+00
5.370713995389566620e-01 5.647845162917160877e+00
5.380330314091116284e-01 5.663044971161412811e+00
5.389946632792667058e-01 5.599804080906267245e+00
5.399562951494217833e-01 5.591298118054250921e+00
5.409179270195768607e-01 5.629324432062674077e+00
5.418795588897318272e-01 5.502493190089308150e+00
5.428411907598867936e-01 5.557852044361575317e+00
5.438028226300418710e-01 5.647494962812678487e+00
5.447644545001968375e-01 5.564632141401072651e+00
5.457260863703519149e-01 5.570465162238456003e+00
5.466877182405068814e-01 5.628343224407680978e+00
5.476493501106619588e-01 5.635873558099534719e+00
5.486109819808170363e-01 5.626993905997378143e+00
5.495726138509720027e-01 5.617503453165792138e+00
5.505342457211270801e-01 5.610104007550766880e+00
5.514958775912820466e-01 5.653255237447204706e+00
5.524575094614371240e-01 5.639506077157623309e+00
5.534191413315920904e-01 5.652436226666543106e+00
5.543807732017470569e-01 5.610766730282517933e+00
5.553424050719021343e-01 5.553536725032088839e+00
5.563040369420572118e-01 5.543712324424412863e+00
5.572656688122122892e-01 5.561487925454523307e+00
5.582273006823672556e-01 5.585055971725294555e+00
5.591889325525222221e-01 5.615063805870160074e+00
5.601505644226772995e-01 5.599301196198374519e+00
5.611121962928322660e-01 5.566493804314638361e+00
5.620738281629873434e-01 5.582449039270696467e+00
5.630354600331423098e-01 5.559845710943417174e+00
5.639970919032973873e-01 5.581877903227118409e+00
5.649587237734524647e-01 5.615696603623525185e+00
5.659203556436074312e-01 5.661582375713010151e+00
5.668819875137625086e-01 5.585720377366077294e+00
5.678436193839174750e-01 5.535987528056495854e+00
5.688052512540725525e-01 5.569911940341182977e+00
5.697668831242275189e-01 5.611011979474487710e+00
5.707285149943824853e-01 5.578861130150304604e+00
5.716901468645375628e-01 5.544638914056851497e+00
5.726517787346926402e-01 5.595643160530830329e+00
5.736134106048477177e-01 5.612593921332170943e+00
5.745750424750026841e-01 5.665242681809610659e+00
5.755366743451576506e-01 5.599961283846279336e+00
5.764983062153127280e-01 5.546980956943144747e+00
5.774599380854676944e-01 5.568127752832601196e+00
5.784215699556227719e-01 5.635266511643293619e+00
5.793832018257777383e-01 5.666649158731666525e+00
5.803448336959328158e-01 5.665547134787484396e+00
5.813064655660878932e-01 5.649018170425141427e+00
5.822680974362428596e-01 5.569067124796749368e+00
5.832297293063979371e-01 5.604947287486701235e+00
5.841913611765529035e-01 5.627313001466657028e+00
5.851529930467079810e-01 5.612693823893956768e+00
5.861146249168629474e-01 5.614502200437852864e+00
5.870762567870179138e-01 5.599505931780127455e+00
5.880378886571729913e-01 5.625254677838233519e+00
5.889995205273280687e-01 5.700973177594862662e+00
5.899611523974831462e-01 5.648254118373607469e+00
5.909227842676381126e-01 5.693362141649848773e+00
5.918844161377930790e-01 5.658628691314568471e+00
5.928460480079481565e-01 5.677529962567475330e+00
5.938076798781031229e-01 5.739289591229201015e+00
5.947693117482582004e-01 5.693841151188321348e+00
5.957309436184131668e-01 5.668476978746473272e+00
5.966925754885682442e-01 5.719239546341814417e+00
5.976542073587233217e-01 5.777829202211239412e+00
5.986158392288782881e-01 5.762840075425477160e+00
5.995774710990333656e-01 5.774352427864156034e+00
