# q (1/Angstrom), Intensity (arb)
2.067508526570814575e-02 1.692718509521590704e+02
2.163671713586316769e-02 1.715593323774672001e+02
2.259834900601819310e-02 1.731644366406793552e+02
2.355998087617321851e-02 1.759314813443311323e+02
2.452161274632824739e-02 1.757955304849549520e+02
2.548324461648326933e-02 1.748362889862573297e+02
2.644487648663829821e-02 1.733888620666285476e+02
2.740650835679332709e-02 1.706544802884630769e+02
2.836814022694834903e-02 1.690294757119900169e+02
2.932977209710337443e-02 1.691971291462072600e+02
3.029140396725839637e-02 1.705455075954366180e+02
3.125303583741342178e-02 1.706286763275237490e+02
3.221466770756845066e-02 1.686567981036596677e+02
3.317629957772347260e-02 1.656024249759729230e+02
3.413793144787850148e-02 1.647715116678973004e+02
3.509956331803352342e-02 1.648102081872639246e+02
3.606119518818855230e-02 1.656675271253437245e+02
3.702282705834358117e-02 1.636189287869731004e+02
3.798445892849860311e-02 1.617657520430365707e+02
3.894609079865363199e-02 1.607314201758069885e+02
3.990772266880865393e-02 1.593666582153702507e+02
4.086935453896367587e-02 1.576117702536284071e+02
4.183098640911870475e-02 1.557859096640966925e+02
4.279261827927372669e-02 1.540233119769370091e+02
4.375425014942875557e-02 1.521103939663059350e+02
4.471588201958377751e-02 1.490590736196229784e+02
4.567751388973880639e-02 1.457886598248674375e+02
4.663914575989382832e-02 1.434304743917737426e+02
4.760077763004885720e-02 1.416900064533925843e+02
4.856240950020387914e-02 1.398897928900850047e+02
4.952404137035890108e-02 1.377792348034885208e+02
5.048567324051392302e-02 1.358499930105021463e+02
5.144730511066895190e-02 1.334987963669517228e+02
5.240893698082397384e-02 1.324922628251945298e+02
5.337056885097899578e-02 1.295530076897487959e+02
5.433220072113403160e-02 1.261801430997955720e+02
5.529383259128905354e-02 1.249146349853889149e+02
5.625546446144407547e-02 1.225146616058634521e+02
5.721709633159910435e-02 1.195802378153675676e+02
5.817872820175412629e-02 1.165106673642284107e+02
5.914036007190914823e-02 1.136922579152762154e+02
6.010199194206417017e-02 1.111104301375316936e+02
6.106362381221920599e-02 1.081345992424142537e+02
6.202525568237422793e-02 1.061061221498768248e+02
6.298688755252924987e-02 1.036664683225519639e+02
6.394851942268428568e-02 1.009445149866835578e+02
6.491015129283930762e-02 9.790424582006946252e+01
6.587178316299432956e-02 9.515263789859855592e+01
6.683341503314935150e-02 9.288366728911996972e+01
6.779504690330438732e-02 8.999766614831978018e+01
6.875667877345940926e-02 8.786697207711982571e+01
6.971831064361443120e-02 8.538026938540846800e+01
7.067994251376945314e-02 8.358389250626559885e+01
7.164157438392447508e-02 8.184142170257096893e+01
7.260320625407949702e-02 8.015340081052420373e+01
7.356483812423453283e-02 7.724572889537944320e+01
7.452646999438955477e-02 7.564384478149946744e+01
7.548810186454457671e-02 7.319919785893289088e+01
7.644973373469959865e-02 7.018610250711570586e+01
7.741136560485463447e-02 6.805036917543088748e+01
7.837299747500965641e-02 6.653281852375914696e+01
7.933462934516467835e-02 6.517343633695045924e+01
8.029626121531971417e-02 6.262256915385053446e+01
8.125789308547473611e-02 6.077990006658890820e+01
8.221952495562975805e-02 5.933566368814255299e+01
8.318115682578479386e-02 5.762970171853623214e+01
8.414278869593981580e-02 5.561701955283605514e+01
8.510442056609483774e-02 5.467042467906789227e+01
8.606605243624985968e-02 5.408856917421047683e+01
8.702768430640489550e-02 5.488640174502893387e+01
8.798931617655991744e-02 6.098992742342751683e+01
8.895094804671493938e-02 7.849672771426291717e+01
8.991257991686996132e-02 1.035611392895481515e+02
9.087421178702498326e-02 1.175241619373986595e+02
9.183584365718000520e-02 1.133605938698371176e+02
9.279747552733502713e-02 1.136982453897910403e+02
9.375910739749006295e-02 1.536334218441871258e+02
9.472073926764508489e-02 2.235004242111799329e+02
9.568237113780010683e-02 2.559425227923008492e+02
9.664400300795514265e-02 2.129090208541812785e+02
9.760563487811016459e-02 1.461817382174017155e+02
9.856726674826518653e-02 1.125223293931095441e+02
9.952889861842022234e-02 1.086089992826795196e+02
1.004905304885752443e-01 1.141392586177296948e+02
1.014521623587302801e-01 1.186179521416789839e+02
1.024137942288853020e-01 1.128973797521444311e+02
1.033754260990403240e-01 9.654088935845993547e+01
1.043370579691953459e-01 7.613014672648337466e+01
1.052986898393503817e-01 5.908397248117957190e+01
1.062603217095053898e-01 4.875098852612843814e+01
1.072219535796604256e-01 4.290150054348092112e+01
1.081835854498154614e-01 4.187758041472606152e+01
1.091452173199704695e-01 4.345403206730328804e+01
1.101068491901255053e-01 4.246624069418845693e+01
1.110684810602805411e-01 3.500694631668490331e+01
1.120301129304355492e-01 2.605078850385013567e+01
1.129917448005905850e-01 1.995424107528924651e+01
1.139533766707456208e-01 1.682245072227554772e+01
1.149150085409006289e-01 1.517834164643254269e+01
1.158766404110556647e-01 1.379370091935016873e+01
1.168382722812106728e-01 1.285728026413225322e+01
1.177999041513657086e-01 1.137867966144273879e+01
1.187615360215207305e-01 1.043047599862217822e+01
1.197231678916757525e-01 9.620659538878523875e+00
1.206847997618307744e-01 8.948289843060649673e+00
1.216464316319858102e-01 8.198444373395012974e+00
1.226080635021408183e-01 7.452809674253497718e+00
1.235696953722958541e-01 7.074716142252210460e+00
1.245313272424508899e-01 6.620055947494403625e+00
1.254929591126059119e-01 6.173329349434041546e+00
1.264545909827609338e-01 5.438101579571902988e+00
1.274162228529159557e-01 4.582514532459654788e+00
1.283778547230709777e-01 4.241729137584201226e+00
1.293394865932259996e-01 4.007094030743694191e+00
1.303011184633810493e-01 3.792060450881105993e+00
1.312627503335360435e-01 3.761827525474945588e+00
1.322243822036910932e-01 3.469060196667371088e+00
1.331860140738460874e-01 3.186760823272479115e+00
1.341476459440011371e-01 3.054502261647236594e+00
1.351092778141561590e-01 2.543516787681038949e+00
1.360709096843111809e-01 2.332817704184481755e+00
1.370325415544662029e-01 2.177751103382320252e+00
1.379941734246212526e-01 1.903269988946838964e+00
1.389558052947762468e-01 1.837207946648980794e+00
1.399174371649312965e-01 1.934789478054121048e+00
1.408790690350863184e-01 1.628730799734810830e+00
1.418407009052413403e-01 1.203558374836575240e+00
1.428023327753963623e-01 9.536112933196285724e-01
1.437639646455513842e-01 1.056549915200871936e+00
1.447255965157064062e-01 1.288743740980681451e+00
1.456872283858614281e-01 1.329728709583285706e+00
1.466488602560164778e-01 1.263254859078386971e+00
1.476104921261714720e-01 1.142498338699081017e+00
1.485721239963265217e-01 1.338661136797895779e+00
1.495337558664815436e-01 1.041564878544054551e+00
1.504953877366365655e-01 1.009224079388896911e+00
1.514570196067915875e-01 6.683659015635114997e-01
1.524186514769466094e-01 9.708566804257010574e-01
1.533802833471016314e-01 1.505419166682813170e+00
1.543419152172566811e-01 2.467344698807277581e+00
1.553035470874116752e-01 3.890270090579139861e+00
1.562651789575667249e-01 4.826099105775583098e+00
1.572268108277217469e-01 3.815176668381912606e+00
1.581884426978767688e-01 2.271851525978910047e+00
1.591500745680317908e-01 1.868382503479967482e+00
1.601117064381868405e-01 1.821689784018200697e+00
1.610733383083418346e-01 1.941361426388368727e+00
1.620349701784968843e-01 1.774849225324505397e+00
1.629966020486519063e-01 1.735815824987703593e+00
1.639582339188069282e-01 1.934460082577345474e+00
1.649198657889619501e-01 2.027149551014197471e+00
1.658814976591169721e-01 2.380238389149781142e+00
1.668431295292719940e-01 2.462171296231105089e+00
1.678047613994270160e-01 2.451317920161077524e+00
1.687663932695820379e-01 2.972592644504246095e+00
1.697280251397370598e-01 3.358767721407023288e+00
1.706896570098921095e-01 3.390860684046419493e+00
1.716512888800471037e-01 3.020918767613999023e+00
1.726129207502021534e-01 2.648286603185184163e+00
1.735745526203571754e-01 2.748672640548257107e+00
1.745361844905121973e-01 2.726224080620792023e+00
1.754978163606672192e-01 2.426660425221047745e+00
1.764594482308222689e-01 2.445849681086087912e+00
1.774210801009772631e-01 2.679017661196837707e+00
1.783827119711323128e-01 3.043620221436437845e+00
1.793443438412873348e-01 3.997046891756909304e+00
1.803059757114423567e-01 5.521596592397322922e+00
1.812676075815973786e-01 8.963730765357187380e+00
1.822292394517524006e-01 1.287196572870585598e+01
1.831908713219074225e-01 1.447694579926590208e+01
1.841525031920624444e-01 1.236042647882933920e+01
1.851141350622174664e-01 8.890304519158068075e+00
1.860757669323724883e-01 6.567849266823674981e+00
1.870373988025275380e-01 5.743488735426989678e+00
1.879990306726825322e-01 5.392437466717289851e+00
1.889606625428375819e-01 4.878580803323956161e+00
1.899222944129926038e-01 4.930598817187814120e+00
1.908839262831476258e-01 4.874586951951080493e+00
1.918455581533026477e-01 4.097205726655605673e+00
1.928071900234576974e-01 3.427755222219538211e+00
1.937688218936126916e-01 2.752623757807533877e+00
1.947304537637677413e-01 2.372733488058955231e+00
1.956920856339227632e-01 2.156292394134716517e+00
1.966537175040777852e-01 1.893283775742876429e+00
1.976153493742328071e-01 1.692722538843380420e+00
1.985769812443878291e-01 1.877537674645676447e+00
1.995386131145428510e-01 2.257479046460783678e+00
2.005002449846978729e-01 2.219000159472539480e+00
2.014618768548528949e-01 1.978560543771493485e+00
2.024235087250079168e-01 1.826662627594373589e+00
2.033851405951629665e-01 1.849432168293372314e+00
2.043467724653179884e-01 1.932482626810525517e+00
2.053084043354730381e-01 1.839048150178314245e+00
2.062700362056280046e-01 1.705188243455925345e+00
2.072316680757830543e-01 1.430319562592945459e+00
2.081932999459380762e-01 1.711231808156789214e+00
2.091549318160931259e-01 1.567767571990760445e+00
2.101165636862481478e-01 1.369911133628544775e+00
2.110781955564031698e-01 1.517219456229359054e+00
2.120398274265581640e-01 1.508276726948651003e+00
2.130014592967132137e-01 1.460490143212076930e+00
2.139630911668682356e-01 1.649347048684912664e+00
2.149247230370232575e-01 1.607876328815528666e+00
2.158863549071783072e-01 1.236473839784324014e+00
2.168479867773333014e-01 1.200695854360898096e+00
2.178096186474883234e-01 1.194096188411513992e+00
2.187712505176433453e-01 1.032848828102970629e+00
2.197328823877983950e-01 1.017824224332969152e+00
2.206945142579534169e-01 8.518448146532584531e-01
2.216561461281084666e-01 1.046590034475478603e+00
2.226177779982634330e-01 1.232785143170030295e+00
2.235794098684184827e-01 9.094755471151074744e-01
2.245410417385735047e-01 8.257713303773677183e-01
2.255026736087285544e-01 8.226580802858123320e-01
2.264643054788835763e-01 8.518443341587058626e-01
2.274259373490385983e-01 1.070387485866866939e+00
2.283875692191935924e-01 8.366774714845384153e-01
2.293492010893486421e-01 7.044596208151183703e-01
2.303108329595036641e-01 6.893586627351631080e-01
2.312724648296586860e-01 5.451870540080570038e-01
2.322340966998137357e-01 6.075992540554402410e-01
2.331957285699687299e-01 7.336018291634438526e-01
2.341573604401237518e-01 7.201799817213689892e-01
2.351189923102787738e-01 6.505276435156019943e-01
2.360806241804338235e-01 6.754265496709450645e-01
2.370422560505888454e-01 4.647793684355114863e-01
2.380038879207438951e-01 2.216449688094641601e-01
2.389655197908988615e-01 2.833859897804700267e-01
2.399271516610539112e-01 3.957540010995508339e-01
2.408887835312089332e-01 5.737578327077734741e-01
2.418504154013639829e-01 5.346090930820679432e-01
2.428120472715190048e-01 4.630618332408253934e-01
2.437736791416740267e-01 2.508131750700677287e-01
2.447353110118290209e-01 4.110916150563816984e-01
2.456969428819840706e-01 3.805620268093470315e-01
2.466585747521390926e-01 4.207986050767296149e-01
2.476202066222941145e-01 4.494051573238131425e-01
2.485818384924491642e-01 2.830000509124310781e-01
2.495434703626041584e-01 2.867971324984139869e-01
2.505051022327591803e-01 4.336757773558872486e-01
2.514667341029142023e-01 4.584532877394984496e-01
2.524283659730692242e-01 6.303258849771466998e-01
2.533899978432243016e-01 6.203612235217654813e-01
2.543516297133793236e-01 4.227665384668313209e-01
2.553132615835342900e-01 4.461402804806766653e-01
2.562748934536893120e-01 2.779829445186763337e-01
2.572365253238443894e-01 4.117476939390627422e-01
2.581981571939994113e-01 2.197384077732316143e-01
2.591597890641544333e-01 1.575204274035613139e-01
2.601214209343094552e-01 3.265318838262913914e-01
2.610830528044644772e-01 5.503033859710875220e-01
2.620446846746194991e-01 3.446734453607689375e-01
2.630063165447745210e-01 3.949626409796103133e-01
2.639679484149295430e-01 5.077055293902112965e-01
2.649295802850845649e-01 5.228050593136543966e-01
2.658912121552395869e-01 4.056707272580268864e-01
2.668528440253946088e-01 5.444422729386317883e-01
2.678144758955496307e-01 6.163257570949625119e-01
2.687761077657046527e-01 7.107140276380121691e-01
2.697377396358597301e-01 8.748913253635812737e-01
2.706993715060147521e-01 9.919949919194834820e-01
2.716610033761697185e-01 7.435209628912211599e-01
2.726226352463247404e-01 4.853754115139352621e-01
2.735842671164798179e-01 7.183317066864773892e-01
2.745458989866348398e-01 8.814001664940818159e-01
2.755075308567898618e-01 6.362710237314885831e-01
2.764691627269448837e-01 5.806665454533650461e-01
2.774307945970999056e-01 6.629396824018591872e-01
2.783924264672549276e-01 8.502525361668489268e-01
2.793540583374099495e-01 9.115821580312122308e-01
2.803156902075649715e-01 8.177778567474476290e-01
2.812773220777199934e-01 8.978864603805014610e-01
2.822389539478750153e-01 8.219162272763718136e-01
2.832005858180300373e-01 6.878824846093074541e-01
2.841622176881850592e-01 7.224439939511881903e-01
2.851238495583400812e-01 9.266327246477850110e-01
2.860854814284951586e-01 9.742385220356553077e-01
2.870471132986501805e-01 1.070908902320425682e+00
2.880087451688051470e-01 1.014351901755038199e+00
2.889703770389601689e-01 7.386990626381582103e-01
2.899320089091152464e-01 8.841932723489094315e-01
2.908936407792702683e-01 7.820993715286093106e-01
2.918552726494252902e-01 8.008880852862070299e-01
2.928169045195803122e-01 7.386298472688395123e-01
2.937785363897353341e-01 7.850046719587950861e-01
2.947401682598903561e-01 6.242607392935362043e-01
2.957018001300453780e-01 6.140491106385077558e-01
2.966634320002003999e-01 7.996028268381643045e-01
2.976250638703554219e-01 7.595929647134695983e-01
2.985866957405104993e-01 7.550717790470713453e-01
2.995483276106654658e-01 7.353814093417518905e-01
3.005099594808204877e-01 4.869576042688130713e-01
3.014715913509755651e-01 2.679215861909760577e-01
3.024332232211305871e-01 3.537852516770421119e-01
3.033948550912856090e-01 4.539970878293821954e-01
3.043564869614405755e-01 3.486144326646183345e-01
3.053181188315956529e-01 3.246212619757535833e-01
3.062797507017506748e-01 2.726952852804629401e-01
3.072413825719056968e-01 2.506530379403457687e-01
3.082030144420607187e-01 5.675261619970264348e-01
3.091646463122157407e-01 6.777490112235682318e-01
3.101262781823707626e-01 5.287625052474567156e-01
3.110879100525257845e-01 4.565010034623746549e-01
3.120495419226808065e-01 5.303488931214985769e-01
3.130111737928358284e-01 6.004519147737923390e-01
3.139728056629909059e-01 6.523657219946272789e-01
3.149344375331459278e-01 4.659005593473857232e-01
3.158960694033008942e-01 5.452136121998805152e-01
3.168577012734559162e-01 5.529589733615978275e-01
3.178193331436109936e-01 5.207946395778186854e-01
3.187809650137660156e-01 5.156000268416107701e-01
3.197425968839210375e-01 5.133638765087660261e-01
3.207042287540760039e-01 3.102154856172454345e-01
3.216658606242310814e-01 2.899456825062785015e-01
3.226274924943861033e-01 4.820798630470051194e-01
3.235891243645411253e-01 5.471254812070860396e-01
3.245507562346961472e-01 5.243919300225101665e-01
3.255123881048511691e-01 4.033917626532073086e-01
3.264740199750061911e-01 5.745645162547496909e-01
3.274356518451612130e-01 7.561191333620023158e-01
3.283972837153162350e-01 5.641471029774436374e-01
3.293589155854712569e-01 6.423255578567292901e-01
3.303205474556263344e-01 6.957231722025163378e-01
3.312821793257813563e-01 4.510807044912326091e-01
3.322438111959363227e-01 3.731434939233793102e-01
3.332054430660913447e-01 3.625982813653791936e-01
3.341670749362464221e-01 2.949117943444221623e-01
3.351287068064014441e-01 3.146707904036887271e-01
3.360903386765564660e-01 3.208654363781526797e-01
3.370519705467114324e-01 2.064918835151310361e-01
3.380136024168665099e-01 2.433368079944031592e-01
3.389752342870215318e-01 1.680345260900253379e-01
3.399368661571765537e-01 3.740251684763897799e-01
3.408984980273315757e-01 5.695435102630916901e-01
3.418601298974865976e-01 4.247152700516387824e-01
3.428217617676416196e-01 2.948384196096114351e-01
3.437833936377966415e-01 2.948530563785531911e-01
3.447450255079516634e-01 5.084160807221103084e-01
3.457066573781066854e-01 4.258298568608935852e-01
3.466682892482617628e-01 2.436425382662861239e-01
3.476299211184167848e-01 3.713183071821042347e-01
3.485915529885717512e-01 2.818872291853544709e-01
3.495531848587267731e-01 2.364771144617705545e-01
3.505148167288818506e-01 3.618518650762574396e-01
3.514764485990368725e-01 4.106119018869698323e-01
3.524380804691918945e-01 3.328352633656130877e-01
3.533997123393468609e-01 3.482840809351195333e-01
3.543613442095019384e-01 2.485153171526164328e-01
3.553229760796569603e-01 2.189205178062678669e-01
3.562846079498119822e-01 3.143709032495038969e-01
3.572462398199670042e-01 2.198895992890399498e-01
3.582078716901220261e-01 6.950423884022072230e-02
3.591695035602770480e-01 1.910730638165816231e-01
3.601311354304320700e-01 2.938602419276676869e-01
3.610927673005870919e-01 1.848132256885648417e-01
3.620543991707421139e-01 3.308641882343401619e-01
3.630160310408971913e-01 3.900636205688634561e-01
3.639776629110522133e-01 2.595056776206980942e-01
3.649392947812071797e-01 4.122030448510187739e-01
3.659009266513622016e-01 5.281385250175887336e-01
3.668625585215172791e-01 3.987091145030454697e-01
3.678241903916723010e-01 3.312651077619150897e-01
3.687858222618273230e-01 4.560521803887240821e-01
3.697474541319822894e-01 3.053706058633380849e-01
3.707090860021373668e-01 3.164652954633311310e-01
3.716707178722923888e-01 3.509153762186976167e-01
3.726323497424474107e-01 4.299545135233913129e-01
3.735939816126024327e-01 3.667232246996583456e-01
3.745556134827574546e-01 4.345553404620972060e-01
3.755172453529124765e-01 2.163525026647263871e-01
3.764788772230674985e-01 2.593178311387909218e-01
3.774405090932225204e-01 4.743161393740145115e-01
3.784021409633775423e-01 2.427062444537888553e-01
3.793637728335326198e-01 3.896919323001100111e-01
3.803254047036876417e-01 2.509233483766131201e-01
3.812870365738426082e-01 1.829961633792223097e-01
3.822486684439976301e-01 2.157509196779798799e-01
3.832103003141527076e-01 4.073231793183182958e-01
3.841719321843077295e-01 3.873165669219424956e-01
3.851335640544627514e-01 2.866843086322461431e-01
3.860951959246177734e-01 3.165537077942452981e-01
3.870568277947727953e-01 5.103505718786536249e-01
3.880184596649278173e-01 5.149791872827407246e-01
3.889800915350828392e-01 4.710558404357279016e-01
3.899417234052378611e-01 4.878689526370862950e-01
3.909033552753928831e-01 4.987356465930119498e-01
3.918649871455479050e-01 6.226020135441316938e-01
3.928266190157029270e-01 5.885452967738231678e-01
3.937882508858579489e-01 4.689876257713230245e-01
3.947498827560129708e-01 2.928486038530877522e-01
3.957115146261680483e-01 2.280166531945653219e-01
3.966731464963230702e-01 4.750283456884751843e-01
3.976347783664780366e-01 4.471871281259929276e-01
3.985964102366330586e-01 3.910883696660718556e-01
3.995580421067881360e-01 3.559571175089324413e-01
4.005196739769430470e-01 5.051598963874006643e-01
4.014813058470981244e-01 4.304969722555433975e-01
4.024429377172531463e-01 4.903114414889522266e-01
4.034045695874082238e-01 3.095509047413820269e-01
4.043662014575631902e-01 3.688452922010441171e-01
4.053278333277181567e-01 4.472113370257382314e-01
4.062894651978732341e-01 5.762521749295785867e-01
4.072510970680282560e-01 4.363537327083193418e-01
4.082127289381833335e-01 2.902047277646424561e-01
4.091743608083382999e-01 1.329733955083085561e-01
4.101359926784933774e-01 3.250992595627586468e-01
4.110976245486483993e-01 5.368930047856750321e-01
4.120592564188033657e-01 4.732241200619284882e-01
4.130208882889584432e-01 4.750927952263950260e-01
4.139825201591134096e-01 4.716388370119517504e-01
4.149441520292684871e-01 3.695294567094329352e-01
4.159057838994235090e-01 4.374051670917928902e-01
4.168674157695784754e-01 4.929601044035329949e-01
4.178290476397335529e-01 4.604872063364240375e-01
4.187906795098885748e-01 5.534275910353194661e-01
4.197523113800436523e-01 2.618650084321316740e-01
4.207139432501986187e-01 2.391618170535245724e-01
4.216755751203536962e-01 3.518538108620994365e-01
4.226372069905086626e-01 4.322610872695662465e-01
4.235988388606636845e-01 3.657431388473426637e-01
4.245604707308187620e-01 4.112411416155836719e-01
4.255221026009737284e-01 3.551672109737999961e-01
4.264837344711288059e-01 3.615756400810994364e-01
4.274453663412838278e-01 3.953654964328805477e-01
4.284069982114387942e-01 4.163259016405262969e-01
4.293686300815938717e-01 3.714170710641901962e-01
4.303302619517488381e-01 0.000000000000000000e+00
4.312918938219039156e-01 1.126390068743354789e-01
4.322535256920589375e-01 3.266163900103933315e-01
4.332151575622139039e-01 4.962255780075395251e-01
4.341767894323689814e-01 4.460336407636198430e-01
4.351384213025240033e-01 3.896551879277794228e-01
4.361000531726790808e-01 3.651924103283086254e-01
4.370616850428340472e-01 3.705717664283909585e-01
4.380233169129891246e-01 2.647651526482057704e-01
4.389849487831440911e-01 3.677821978542610282e-01
4.399465806532991130e-01 2.841447312581912854e-01
4.409082125234541905e-01 1.612189540655002418e-01
4.418698443936091569e-01 4.480180501449737562e-02
4.428314762637642343e-01 2.539840914301869645e-01
4.437931081339192563e-01 3.624229800199287865e-01
4.447547400040742227e-01 3.107528437106203967e-01
4.457163718742293002e-01 2.776221967694283421e-01
4.466780037443842666e-01 1.871599696945374092e-01
4.476396356145393440e-01 2.081205543761548427e-01
4.486012674846943660e-01 2.546636662059960088e-01
4.495628993548493324e-01 2.605659872926295861e-01
4.505245312250044099e-01 2.086350499656077773e-01
4.514861630951594318e-01 9.370156030612264431e-02
4.524477949653145092e-01 2.372261443778924672e-01
4.534094268354694757e-01 2.974551043360627034e-01
4.543710587056245531e-01 3.892251288011472354e-01
4.553326905757795195e-01 3.244144748482469254e-01
4.562943224459345415e-01 4.134145385402234751e-01
4.572559543160896189e-01 3.844282674366645836e-01
4.582175861862445854e-01 2.928893022491116938e-01
4.591792180563996628e-01 1.710433619226456869e-01
4.601408499265546848e-01 3.465405055490933250e-01
4.611024817967096512e-01 3.856190353103485791e-01
4.620641136668647286e-01 2.420193495008255979e-01
4.630257455370196951e-01 1.443356359040564030e-01
4.639873774071747725e-01 1.124458754521597825e-01
4.649490092773297945e-01 1.185588804917614425e-01
4.659106411474847609e-01 2.447205808940786653e-01
4.668722730176398383e-01 4.573238762127047607e-01
4.678339048877948603e-01 3.419088017520977019e-01
4.687955367579499377e-01 1.767938804499458172e-01
4.697571686281049042e-01 3.170812805298659498e-01
4.707188004982599816e-01 2.249619433520386735e-01
4.716804323684149480e-01 2.868218668413220485e-01
4.726420642385699700e-01 3.045540628625609259e-01
4.736036961087250474e-01 3.768194439608336666e-01
4.745653279788800138e-01 3.903256738427245409e-01
4.755269598490350913e-01 3.203303325639872412e-01
4.764885917191901132e-01 3.172241584068125064e-01
4.774502235893450797e-01 4.150482279588665335e-01
4.784118554595001571e-01 4.237939554080831783e-01
4.793734873296551235e-01 4.524935856360450259e-01
4.803351191998102010e-01 3.085028514731646965e-01
4.812967510699652229e-01 3.133494495495838805e-01
4.822583829401201894e-01 3.595076387774156501e-01
4.832200148102752668e-01 4.007028981616578278e-01
4.841816466804302888e-01 3.569188426492715394e-01
4.851432785505853662e-01 3.639738661785933971e-01
4.861049104207403326e-01 3.333508573434080802e-01
4.870665422908954101e-01 3.559013401168087398e-01
4.880281741610503765e-01 2.583511761135248719e-01
4.889898060312053985e-01 3.039043086137880323e-01
4.899514379013604759e-01 4.181830065286895604e-01
4.909130697715154423e-01 3.954658869718343794e-01
4.918747016416705198e-01 4.566245080231219333e-01
4.928363335118255417e-01 3.059260729347244023e-01
4.937979653819805081e-01 3.932641997073780260e-01
4.947595972521355856e-01 3.184212311339003065e-01
4.957212291222905520e-01 3.072125657708966173e-01
4.966828609924456295e-01 3.605878329466385424e-01
4.976444928626006514e-01 3.790644638784783638e-01
4.986061247327556178e-01 2.504797743455000614e-01
4.995677566029106953e-01 1.964232075519269927e-01
5.005293884730657172e-01 2.390157872981895082e-01
5.014910203432207947e-01 2.248120732080103323e-01
5.024526522133757611e-01 2.921939540603801788e-01
5.034142840835308386e-01 2.017363573477766181e-01
5.043759159536858050e-01 3.939826325587958422e-01
5.053375478238407714e-01 3.819181117896341959e-01
5.062991796939958489e-01 3.157626144229865872e-01
5.072608115641509263e-01 4.073058036316439257e-01
5.082224434343060038e-01 4.352784177732296200e-01
5.091840753044609702e-01 4.176452436317674710e-01
5.101457071746159366e-01 4.902225963492590211e-01
5.111073390447710141e-01 4.377485728147441080e-01
5.120689709149259805e-01 3.867580097950629181e-01
5.130306027850810580e-01 4.357513905227143880e-01
5.139922346552360244e-01 4.681653879860512291e-01
5.149538665253911018e-01 3.249870738530518111e-01
5.159154983955461793e-01 4.630835351013260492e-01
5.168771302657011457e-01 4.499573149195867927e-01
5.178387621358562232e-01 4.680616515812978662e-01
5.188003940060111896e-01 3.537647137072248427e-01
5.197620258761662670e-01 3.862951089707458152e-01
5.207236577463212335e-01 2.559119281993531558e-01
5.216852896164761999e-01 1.759980715173448118e-01
5.226469214866312774e-01 1.894713268328942490e-01
5.236085533567863548e-01 1.825300470616717519e-01
5.245701852269414323e-01 2.028930752577906560e-01
5.255318170970963987e-01 3.412562936164427185e-01
5.264934489672513651e-01 4.413612336416470328e-01
5.274550808374064426e-01 4.814371539902140285e-01
5.284167127075614090e-01 3.687071689789789275e-01
5.293783445777164864e-01 3.141721583228296311e-01
5.303399764478714529e-01 2.983443536167342813e-01
5.313016083180265303e-01 3.696379963309759376e-01
5.322632401881816078e-01 3.094687120118955193e-01
5.332248720583365742e-01 3.182486927364962526e-01
5.341865039284916516e-01 3.215005163020734358e-01
5.351481357986466181e-01 3.061831823879330727e-01
5.361097676688016955e-01 3.744486406672251633e-01
5.370713995389566620e-01 3.636613263344017355e-01
5.380330314091116284e-01 3.250871252186868787e-01
5.389946632792667058e-01 3.474451361768089441e-01
5.399562951494217833e-01 1.290935252801617139e-01
5.409179270195768607e-01 2.963536958304970881e-01
5.418795588897318272e-01 2.002623048102556425e-01
5.428411907598867936e-01 1.855131143056176768e-01
5.438028226300418710e-01 2.761156101654513861e-01
5.447644545001968375e-01 3.851091096494521082e-01
5.457260863703519149e-01 4.386922071008712010e-01
5.466877182405068814e-01 4.090435940610674947e-01
5.476493501106619588e-01 3.296066826023782426e-01
5.486109819808170363e-01 2.671996335314474891e-01
5.495726138509720027e-01 3.042911717470495603e-01
5.505342457211270801e-01 2.531704495881434980e-01
5.514958775912820466e-01 4.355785773944518269e-01
5.524575094614371240e-01 3.812874815912472570e-01
5.534191413315920904e-01 3.525768321980535802e-01
5.543807732017470569e-01 1.506269813336551522e-01
5.553424050719021343e-01 1.576214498646493212e-01
5.563040369420572118e-01 2.685924011140912171e-01
5.572656688122122892e-01 1.093922075215196799e-01
5.582273006823672556e-01 1.617354693890717954e-01
5.591889325525222221e-01 1.665174704719696308e-01
5.601505644226772995e-01 2.035502273665912298e-01
5.611121962928322660e-01 4.094801496397479923e-01
5.620738281629873434e-01 3.685960687641269828e-01
5.630354600331423098e-01 3.406896430837420553e-01
5.639970919032973873e-01 3.300184776792569608e-01
5.649587237734524647e-01 3.735900831818774748e-01
5.659203556436074312e-01 2.820418333232268537e-01
5.668819875137625086e-01 2.551789532508159652e-01
5.678436193839174750e-01 3.209281374553398791e-01
5.688052512540725525e-01 3.336662327998922706e-01
5.697668831242275189e-01 4.223087329642467580e-01
5.707285149943824853e-01 3.229707716575447307e-01
5.716901468645375628e-01 3.553414850751615006e-01
5.726517787346926402e-01 4.064316181280176465e-01
5.736134106048477177e-01 3.375956563969353397e-01
5.745750424750026841e-01 3.899365950269313430e-01
5.755366743451576506e-01 4.514628647302636466e-01
5.764983062153127280e-01 4.042738100046285865e-01
5.774599380854676944e-01 2.538288354706068617e-01
5.784215699556227719e-01 3.207768638348547086e-01
5.793832018257777383e-01 3.568549750574305790e-01
5.803448336959328158e-01 4.855985339127073530e-01
5.813064655660878932e-01 4.357034551758331986e-01
5.822680974362428596e-01 3.083858262976022502e-01
5.832297293063979371e-01 3.503671763907405534e-01
5.841913611765529035e-01 3.660901399326945693e-01
5.851529930467079810e-01 4.084729402459892356e-01
5.861146249168629474e-01 3.010171771763907600e-01
5.870762567870179138e-01 1.618730310467988431e-01
5.880378886571729913e-01 3.097989835447947371e-01
5.889995205273280687e-01 4.015796619296345682e-01
5.899611523974831462e-01 3.576352057537626195e-01
5.909227842676381126e-01 4.606629701496487428e-01
5.918844161377930790e-01 4.522623782649226598e-01
5.928460480079481565e-01 4.593767193027176177e-01
5.938076798781031229e-01 4.435595571252406444e-01
5.947693117482582004e-01 4.626284735850845209e-01
5.957309436184131668e-01 4.315993409813962955e-01
5.966925754885682442e-01 5.437648160673944631e-01
5.976542073587233217e-01 5.322770557147897819e-01
5.986158392288782881e-01 3.884248028957664189e-01
5.995774710990333656e-01 3.628245536183278830e-01
