# q (1/Angstrom), Intensity (arb)
2.067508526570814575e-02 0.000000000000000000e+00
2.163671713586316769e-02 1.664492866965353812e+00
2.259834900601819310e-02 2.832081589896392693e+00
2.355998087617321851e-02 3.762152356433017708e+00
2.452161274632824739e-02 4.420771879567244156e+00
2.548324461648326933e-02 5.020288701208452053e+00
2.644487648663829821e-02 5.596704433383076882e+00
2.740650835679332709e-02 6.104761984743093173e+00
2.836814022694834903e-02 6.291601141367324068e+00
2.932977209710337443e-02 6.612719703034094287e+00
3.029140396725839637e-02 6.851453753857152940e+00
3.125303583741342178e-02 7.116252843804282691e+00
3.221466770756845066e-02 7.227514899838630491e+00
3.317629957772347260e-02 7.379244771580554918e+00
3.413793144787850148e-02 7.376060261588440525e+00
3.509956331803352342e-02 7.647399144756043654e+00
3.606119518818855230e-02 7.831995002575020237e+00
3.702282705834358117e-02 7.781882841004277296e+00
3.798445892849860311e-02 7.787850863802529666e+00
3.894609079865363199e-02 8.059853558441108845e+00
3.990772266880865393e-02 8.094303654117283031e+00
4.086935453896367587e-02 8.012733178710432114e+00
4.183098640911870475e-02 7.964811563818366302e+00
4.279261827927372669e-02 8.046806324167487645e+00
4.375425014942875557e-02 8.050251704621416593e+00
4.471588201958377751e-02 8.049124943569452739e+00
4.567751388973880639e-02 8.033595818892750984e+00
4.663914575989382832e-02 8.100884273778079958e+00
4.760077763004885720e-02 8.153003951143249495e+00
4.856240950020387914e-02 8.122877396620403090e+00
4.952404137035890108e-02 8.026534358006319536e+00
5.048567324051392302e-02 8.078267633041230411e+00
5.144730511066895190e-02 8.239817930921077505e+00
5.240893698082397384e-02 8.061754687142350662e+00
5.337056885097899578e-02 8.004291320027082435e+00
5.433220072113403160e-02 8.124291807964789669e+00
5.529383259128905354e-02 8.145647809838381548e+00
5.625546446144407547e-02 8.047238609303969170e+00
5.721709633159910435e-02 8.081696270167487484e+00
5.817872820175412629e-02 8.174855982149894729e+00
5.914036007190914823e-02 8.034247669546997983e+00
6.010199194206417017e-02 8.086791365620348060e+00
6.106362381221920599e-02 8.070908213798821507e+00
6.202525568237422793e-02 8.094349472371623833e+00
6.298688755252924987e-02 7.992182056681429003e+00
6.394851942268428568e-02 8.109564346458704165e+00
6.491015129283930762e-02 8.143775293320208775e+00
6.587178316299432956e-02 8.175188460238693722e+00
6.683341503314935150e-02 8.201465388568877302e+00
6.779504690330438732e-02 8.152793841948815512e+00
6.875667877345940926e-02 7.978442167818852404e+00
6.971831064361443120e-02 8.035527819050676257e+00
7.067994251376945314e-02 7.960911827882862113e+00
7.164157438392447508e-02 8.137348057786889299e+00
7.260320625407949702e-02 8.059377520364524372e+00
7.356483812423453283e-02 8.086740654106542081e+00
7.452646999438955477e-02 8.087890408417804267e+00
7.548810186454457671e-02 8.174636544435694319e+00
7.644973373469959865e-02 8.228491861555415454e+00
7.741136560485463447e-02 8.193824401240537014e+00
7.837299747500965641e-02 8.233125320737578079e+00
7.933462934516467835e-02 8.226028996312734876e+00
8.029626121531971417e-02 8.115550652480683524e+00
8.125789308547473611e-02 8.163900271150518861e+00
8.221952495562975805e-02 8.324071468841085064e+00
8.318115682578479386e-02 8.185226911746422473e+00
8.414278869593981580e-02 8.185814487342755186e+00
8.510442056609483774e-02 8.200991413097693084e+00
8.606605243624985968e-02 8.253874868456664515e+00
8.702768430640489550e-02 8.285475449615871568e+00
8.798931617655991744e-02 8.254625966323693831e+00
8.895094804671493938e-02 8.247861547467133292e+00
8.991257991686996132e-02 8.133988502765291173e+00
9.087421178702498326e-02 8.206007167627518584e+00
9.183584365718000520e-02 8.308990449747147622e+00
9.279747552733502713e-02 8.288891373548938901e+00
9.375910739749006295e-02 8.240379660213092095e+00
9.472073926764508489e-02 8.281251256405573358e+00
9.568237113780010683e-02 8.241269314204526353e+00
9.664400300795514265e-02 8.139261137338408503e+00
9.760563487811016459e-02 8.241027276310141758e+00
9.856726674826518653e-02 8.199091145627011912e+00
9.952889861842022234e-02 8.093780004124585759e+00
1.004905304885752443e-01 8.243593716990025300e+00
1.014521623587302801e-01 8.148092960505600502e+00
1.024137942288853020e-01 8.174125438939073618e+00
1.033754260990403240e-01 8.261430346316618767e+00
1.043370579691953459e-01 8.201019425957554176e+00
1.052986898393503817e-01 8.164356598399468368e+00
1.062603217095053898e-01 8.141623286429149786e+00
1.072219535796604256e-01 8.221158159951572841e+00
1.081835854498154614e-01 8.243969611711589707e+00
1.091452173199704695e-01 8.322700654494866512e+00
1.101068491901255053e-01 8.368192788766773305e+00
1.110684810602805411e-01 8.338396215452943849e+00
1.120301129304355492e-01 8.253835452961926222e+00
1.129917448005905850e-01 8.313442962852509055e+00
1.139533766707456208e-01 8.288717636167618252e+00
1.149150085409006289e-01 8.304747592499264641e+00
1.158766404110556647e-01 8.351695752888625535e+00
1.168382722812106728e-01 8.270406693118552255e+00
1.177999041513657086e-01 8.209909220487723758e+00
1.187615360215207305e-01 8.164491318114230012e+00
1.197231678916757525e-01 8.179701567045571053e+00
1.206847997618307744e-01 8.095448085352444423e+00
1.216464316319858102e-01 8.131918944584322517e+00
1.226080635021408183e-01 8.321257827829764864e+00
1.235696953722958541e-01 8.422435008935718059e+00
1.245313272424508899e-01 8.358251760704670019e+00
1.254929591126059119e-01 8.274260082517347570e+00
1.264545909827609338e-01 8.304079284424410901e+00
1.274162228529159557e-01 8.252658286951611188e+00
1.283778547230709777e-01 8.297521170079976471e+00
1.293394865932259996e-01 8.238354469498780475e+00
1.303011184633810493e-01 8.206027052289115886e+00
1.312627503335360435e-01 8.271113904053610355e+00
1.322243822036910932e-01 8.319771539348773004e+00
1.331860140738460874e-01 8.299470537543877313e+00
1.341476459440011371e-01 8.419401087375474546e+00
1.351092778141561590e-01 8.440290747793618209e+00
1.360709096843111809e-01 8.340483749147374226e+00
1.370325415544662029e-01 8.301106852428075555e+00
1.379941734246212526e-01 8.333920447521524721e+00
1.389558052947762468e-01 8.271930461886467967e+00
1.399174371649312965e-01 8.261214598432896850e+00
1.408790690350863184e-01 8.241962070119262407e+00
1.418407009052413403e-01 8.314026391702315166e+00
1.428023327753963623e-01 8.313251096146551333e+00
1.437639646455513842e-01 8.332173136295640603e+00
1.447255965157064062e-01 8.440174312348380781e+00
1.456872283858614281e-01 8.389439712495983414e+00
1.466488602560164778e-01 8.233036100098967580e+00
1.476104921261714720e-01 8.247377271617700956e+00
1.485721239963265217e-01 8.362045277988922720e+00
1.495337558664815436e-01 8.416718216082454518e+00
1.504953877366365655e-01 8.345109619219460484e+00
1.514570196067915875e-01 8.329030722684240828e+00
1.524186514769466094e-01 8.324320978605278754e+00
1.533802833471016314e-01 8.335573448344453240e+00
1.543419152172566811e-01 8.357849661634576321e+00
1.553035470874116752e-01 8.356380732825254398e+00
1.562651789575667249e-01 8.319321809269432322e+00
1.572268108277217469e-01 8.222602667385606523e+00
1.581884426978767688e-01 8.247107856215173172e+00
1.591500745680317908e-01 8.295088451387435668e+00
1.601117064381868405e-01 8.409642665416733109e+00
1.610733383083418346e-01 8.383963518092517830e+00
1.620349701784968843e-01 8.409802410723132837e+00
1.629966020486519063e-01 8.413044350971855323e+00
1.639582339188069282e-01 8.377047695217854084e+00
1.649198657889619501e-01 8.406283196587949647e+00
1.658814976591169721e-01 8.405690976837910000e+00
1.668431295292719940e-01 8.342005041222288142e+00
1.678047613994270160e-01 8.388271263346833706e+00
1.687663932695820379e-01 8.400953304845613090e+00
1.697280251397370598e-01 8.414381927621377599e+00
1.706896570098921095e-01 8.385318333478620545e+00
1.716512888800471037e-01 8.404473139388567660e+00
1.726129207502021534e-01 8.367995888307699914e+00
1.735745526203571754e-01 8.316705775242105858e+00
1.745361844905121973e-01 8.322089496600137082e+00
1.754978163606672192e-01 8.376634799869743020e+00
1.764594482308222689e-01 8.332935359118719632e+00
1.774210801009772631e-01 8.379420021153071829e+00
1.783827119711323128e-01 8.375968689788054533e+00
1.793443438412873348e-01 8.430390324602198504e+00
1.803059757114423567e-01 8.354619877408984152e+00
1.812676075815973786e-01 8.327257724071751355e+00
1.822292394517524006e-01 8.306753049207820538e+00
1.831908713219074225e-01 8.284527553443854941e+00
1.841525031920624444e-01 8.329791087988457576e+00
1.851141350622174664e-01 8.416280162719123936e+00
1.860757669323724883e-01 8.428408260028760424e+00
1.870373988025275380e-01 8.452161186982614538e+00
1.879990306726825322e-01 8.453993543491259643e+00
1.889606625428375819e-01 8.406337481412325729e+00
1.899222944129926038e-01 8.424684830775039046e+00
1.908839262831476258e-01 8.413754162362774736e+00
1.918455581533026477e-01 8.436098584323676874e+00
1.928071900234576974e-01 8.480213789353967968e+00
1.937688218936126916e-01 8.431682179829936175e+00
1.947304537637677413e-01 8.369486940297981903e+00
1.956920856339227632e-01 8.340084123811097427e+00
1.966537175040777852e-01 8.383495381579805894e+00
1.976153493742328071e-01 8.411840568643750515e+00
1.985769812443878291e-01 8.379298828117041964e+00
1.995386131145428510e-01 8.427431989635351783e+00
2.005002449846978729e-01 8.397973192878522397e+00
2.014618768548528949e-01 8.396650755258999510e+00
2.024235087250079168e-01 8.393551042372518367e+00
2.033851405951629665e-01 8.387133232073825440e+00
2.043467724653179884e-01 8.404560566683469958e+00
2.053084043354730381e-01 8.449518254426447328e+00
2.062700362056280046e-01 8.416657223315567649e+00
2.072316680757830543e-01 8.412816727434110575e+00
2.081932999459380762e-01 8.402069604446360529e+00
2.091549318160931259e-01 8.388827296381226262e+00
2.101165636862481478e-01 8.377822265583422023e+00
2.110781955564031698e-01 8.420116650272984060e+00
2.120398274265581640e-01 8.449166871333192219e+00
2.130014592967132137e-01 8.411058857697334190e+00
2.139630911668682356e-01 8.365334006992664939e+00
2.149247230370232575e-01 8.391319692320784895e+00
2.158863549071783072e-01 8.452070145166965531e+00
2.168479867773333014e-01 8.450410145125616168e+00
2.178096186474883234e-01 8.388830739208886556e+00
2.187712505176433453e-01 8.416436249231681543e+00
2.197328823877983950e-01 8.420459286699687240e+00
2.206945142579534169e-01 8.520758087262278124e+00
2.216561461281084666e-01 8.520799319723050047e+00
2.226177779982634330e-01 8.535429333215549974e+00
2.235794098684184827e-01 8.454597151521287657e+00
2.245410417385735047e-01 8.495580279656683942e+00
2.255026736087285544e-01 8.509908775301433081e+00
2.264643054788835763e-01 8.412537887103550105e+00
2.274259373490385983e-01 8.424136760553832204e+00
2.283875692191935924e-01 8.392643259274596090e+00
2.293492010893486421e-01 8.412660524751865765e+00
2.303108329595036641e-01 8.470460909370190805e+00
2.312724648296586860e-01 8.469160540729648190e+00
2.322340966998137357e-01 8.460063590180435966e+00
2.331957285699687299e-01 8.483329155806368149e+00
2.341573604401237518e-01 8.449279390432444359e+00
2.351189923102787738e-01 8.479999929242257650e+00
2.360806241804338235e-01 8.494771906142336348e+00
2.370422560505888454e-01 8.448765289689134761e+00
2.380038879207438951e-01 8.420520808426571691e+00
2.389655197908988615e-01 8.530898441001138366e+00
2.399271516610539112e-01 8.416826186388744802e+00
2.408887835312089332e-01 8.465762949812511096e+00
2.418504154013639829e-01 8.443851525241052869e+00
2.428120472715190048e-01 8.384234773287136733e+00
2.437736791416740267e-01 8.417295104993540278e+00
2.447353110118290209e-01 8.461639455081293448e+00
2.456969428819840706e-01 8.469191231903433703e+00
2.466585747521390926e-01 8.430814351253776096e+00
2.476202066222941145e-01 8.458426939184391813e+00
2.485818384924491642e-01 8.426426354056813395e+00
2.495434703626041584e-01 8.447577211546805742e+00
2.505051022327591803e-01 8.442565488987998634e+00
2.514667341029142023e-01 8.468087767197452820e+00
2.524283659730692242e-01 8.477126267169889928e+00
2.533899978432243016e-01 8.494067463234978632e+00
2.543516297133793236e-01 8.485299100789443827e+00
2.553132615835342900e-01 8.435721782769910249e+00
2.562748934536893120e-01 8.470507498772123611e+00
2.572365253238443894e-01 8.511338755144075563e+00
2.581981571939994113e-01 8.425701209519042223e+00
2.591597890641544333e-01 8.392282269830639407e+00
2.601214209343094552e-01 8.422643708128191520e+00
2.610830528044644772e-01 8.441954180323008927e+00
2.620446846746194991e-01 8.456741404390395900e+00
2.630063165447745210e-01 8.414505620934516372e+00
2.639679484149295430e-01 8.425242484963249012e+00
2.649295802850845649e-01 8.424600474916275061e+00
2.658912121552395869e-01 8.555415808724708526e+00
2.668528440253946088e-01 8.481523155221754706e+00
2.678144758955496307e-01 8.386366006648158233e+00
2.687761077657046527e-01 8.434901542660336204e+00
2.697377396358597301e-01 8.447633560098822159e+00
2.706993715060147521e-01 8.481420425608774849e+00
2.716610033761697185e-01 8.532883941524669780e+00
2.726226352463247404e-01 8.468325948962558414e+00
2.735842671164798179e-01 8.480550051044074777e+00
2.745458989866348398e-01 8.471130270597790002e+00
2.755075308567898618e-01 8.435376221782012962e+00
2.764691627269448837e-01 8.454093235968143105e+00
2.774307945970999056e-01 8.489509551652330899e+00
2.783924264672549276e-01 8.467049660128166622e+00
2.793540583374099495e-01 8.446387089850832197e+00
2.803156902075649715e-01 8.462553889395666218e+00
2.812773220777199934e-01 8.472680761608071265e+00
2.822389539478750153e-01 8.436716317082483485e+00
2.832005858180300373e-01 8.400904746071585549e+00
2.841622176881850592e-01 8.357365261928963562e+00
2.851238495583400812e-01 8.404741252820342012e+00
2.860854814284951586e-01 8.481217951550352296e+00
2.870471132986501805e-01 8.456595006576385742e+00
2.880087451688051470e-01 8.447682630301159179e+00
2.889703770389601689e-01 8.467619471873010895e+00
2.899320089091152464e-01 8.418884064514633891e+00
2.908936407792702683e-01 8.421729711250254269e+00
2.918552726494252902e-01 8.421941756367575138e+00
2.928169045195803122e-01 8.449481745015990697e+00
2.937785363897353341e-01 8.437006630568646415e+00
2.947401682598903561e-01 8.466432671435196511e+00
2.957018001300453780e-01 8.451689627484860523e+00
2.966634320002003999e-01 8.424665795783944588e+00
2.976250638703554219e-01 8.408454200548767687e+00
2.985866957405104993e-01 8.418765179111080244e+00
2.995483276106654658e-01 8.439913943722366696e+00
3.005099594808204877e-01 8.442846116265279477e+00
3.014715913509755651e-01 8.456124157026193799e+00
3.024332232211305871e-01 8.422426938258594120e+00
3.033948550912856090e-01 8.431082841438668041e+00
3.043564869614405755e-01 8.493502947983124329e+00
3.053181188315956529e-01 8.475108806247011017e+00
3.062797507017506748e-01 8.485572347207329003e+00
3.072413825719056968e-01 8.485817220622950074e+00
3.082030144420607187e-01 8.484781432746729024e+00
3.091646463122157407e-01 8.475328447119323982e+00
3.101262781823707626e-01 8.453518899642665119e+00
3.110879100525257845e-01 8.452264436926370195e+00
3.120495419226808065e-01 8.462867413832331209e+00
3.130111737928358284e-01 8.505596050340843206e+00
3.139728056629909059e-01 8.486043127598936309e+00
3.149344375331459278e-01 8.462285869908050984e+00
3.158960694033008942e-01 8.461018537894652525e+00
3.168577012734559162e-01 8.462785028447214586e+00
3.178193331436109936e-01 8.447629356016609137e+00
3.187809650137660156e-01 8.393919239735840421e+00
3.197425968839210375e-01 8.448985890294778756e+00
3.207042287540760039e-01 8.469005585674475256e+00
3.216658606242310814e-01 8.483406812273678099e+00
3.226274924943861033e-01 8.504572686892132083e+00
3.235891243645411253e-01 8.492448639783807707e+00
3.245507562346961472e-01 8.485049961264463647e+00
3.255123881048511691e-01 8.434532109878256634e+00
3.264740199750061911e-01 8.502228739514670508e+00
3.274356518451612130e-01 8.409900339814337045e+00
3.283972837153162350e-01 8.416757358938864897e+00
3.293589155854712569e-01 8.446348901527358066e+00
3.303205474556263344e-01 8.463845811275975350e+00
3.312821793257813563e-01 8.506359611849788394e+00
3.322438111959363227e-01 8.492804317371000167e+00
3.332054430660913447e-01 8.473952194331781484e+00
3.341670749362464221e-01 8.499302730597216637e+00
3.351287068064014441e-01 8.470842800804035733e+00
3.360903386765564660e-01 8.443356792422157753e+00
3.370519705467114324e-01 8.448939167312609300e+00
3.380136024168665099e-01 8.455638312380482802e+00
3.389752342870215318e-01 8.438422912785924268e+00
3.399368661571765537e-01 8.472658585300056444e+00
3.408984980273315757e-01 8.449544325994576610e+00
3.418601298974865976e-01 8.437560755180136596e+00
3.428217617676416196e-01 8.482389652052621187e+00
3.437833936377966415e-01 8.495902663814726807e+00
3.447450255079516634e-01 8.459883891421078772e+00
3.457066573781066854e-01 8.430181245256372691e+00
3.466682892482617628e-01 8.517676999282016936e+00
3.476299211184167848e-01 8.527377688245969978e+00
3.485915529885717512e-01 8.443963637468486993e+00
3.495531848587267731e-01 8.485562858782840223e+00
3.505148167288818506e-01 8.498295963638268447e+00
3.514764485990368725e-01 8.465540057441687694e+00
3.524380804691918945e-01 8.418222791835255236e+00
3.533997123393468609e-01 8.412314278802472955e+00
3.543613442095019384e-01 8.468324642645034928e+00
3.553229760796569603e-01 8.439592855188973175e+00
3.562846079498119822e-01 8.476790052443689660e+00
3.572462398199670042e-01 8.451515219842931970e+00
3.582078716901220261e-01 8.482826833799233412e+00
3.591695035602770480e-01 8.444434473219915915e+00
3.601311354304320700e-01 8.486783849334440077e+00
3.610927673005870919e-01 8.464762801963981786e+00
3.620543991707421139e-01 8.439853932034615980e+00
3.630160310408971913e-01 8.503758958846283633e+00
3.639776629110522133e-01 8.452651186160734298e+00
3.649392947812071797e-01 8.418043212591372892e+00
3.659009266513622016e-01 8.415958049201913482e+00
3.668625585215172791e-01 8.472995024691380550e+00
3.678241903916723010e-01 8.477263425172710143e+00
3.687858222618273230e-01 8.520273901182257248e+00
3.697474541319822894e-01 8.487413708667810752e+00
3.707090860021373668e-01 8.465446911969575439e+00
3.716707178722923888e-01 8.398848398181891994e+00
3.726323497424474107e-01 8.463716468307426410e+00
3.735939816126024327e-01 8.423688129178122708e+00
3.745556134827574546e-01 8.456221303856857219e+00
3.755172453529124765e-01 8.428375298674968263e+00
3.764788772230674985e-01 8.481186106702093497e+00
3.774405090932225204e-01 8.478130851256512557e+00
3.784021409633775423e-01 8.469526913910083721e+00
3.793637728335326198e-01 8.459741200743836842e+00
3.803254047036876417e-01 8.473998112807850092e+00
3.812870365738426082e-01 8.441522401301748246e+00
3.822486684439976301e-01 8.427100875578457106e+00
3.832103003141527076e-01 8.401197565126725664e+00
3.841719321843077295e-01 8.415849439084560402e+00
3.851335640544627514e-01 8.487847446831214171e+00
3.860951959246177734e-01 8.471228018863698139e+00
3.870568277947727953e-01 8.471738643951113090e+00
3.880184596649278173e-01 8.492308240591247781e+00
3.889800915350828392e-01 8.445859524635332960e+00
3.899417234052378611e-01 8.376745130787798033e+00
3.909033552753928831e-01 8.440759268472163512e+00
3.918649871455479050e-01 8.434424570092081908e+00
3.928266190157029270e-01 8.427616388837115835e+00
3.937882508858579489e-01 8.432960408410430375e+00
3.947498827560129708e-01 8.476896903365144453e+00
3.957115146261680483e-01 8.477308106599506843e+00
3.966731464963230702e-01 8.457901757645426954e+00
3.976347783664780366e-01 8.437341076376082327e+00
3.985964102366330586e-01 8.474022328120405234e+00
3.995580421067881360e-01 8.522623060782379412e+00
4.005196739769430470e-01 8.469777142929631353e+00
4.014813058470981244e-01 8.405765139552952903e+00
4.024429377172531463e-01 8.434538314578253093e+00
4.034045695874082238e-01 8.487068196283962251e+00
4.043662014575631902e-01 8.470769804535276393e+00
4.053278333277181567e-01 8.422975814554595431e+00
4.062894651978732341e-01 8.441997295714063654e+00
4.072510970680282560e-01 8.519002403369796639e+00
4.082127289381833335e-01 8.487471979749274809e+00
4.091743608083382999e-01 8.485289612590353414e+00
4.101359926784933774e-01 8.421693741073378092e+00
4.110976245486483993e-01 8.446921248924688541e+00
4.120592564188033657e-01 8.448393437043185017e+00
4.130208882889584432e-01 8.438074728851177042e+00
4.139825201591134096e-01 8.429253395856688869e+00
4.149441520292684871e-01 8.507226233277226157e+00
4.159057838994235090e-01 8.467394623897886774e+00
4.168674157695784754e-01 8.450848983874097442e+00
4.178290476397335529e-01 8.449115995529140832e+00
4.187906795098885748e-01 8.387522189498080039e+00
4.197523113800436523e-01 8.479867093643560949e+00
4.207139432501986187e-01 8.461659654401634256e+00
4.216755751203536962e-01 8.484940926095882574e+00
4.226372069905086626e-01 8.479428064072481064e+00
4.235988388606636845e-01 8.510082047143550099e+00
4.245604707308187620e-01 8.481429806246179481e+00
4.255221026009737284e-01 8.463994570463363232e+00
4.264837344711288059e-01 8.465159210278685009e+00
4.274453663412838278e-01 8.456444719899373297e+00
4.284069982114387942e-01 8.449608416439703618e+00
4.293686300815938717e-01 8.441210872974361124e+00
4.303302619517488381e-01 8.455406567544542895e+00
4.312918938219039156e-01 8.471705455505533777e+00
4.322535256920589375e-01 8.475891580540400483e+00
4.332151575622139039e-01 8.464941165506242982e+00
4.341767894323689814e-01 8.502503586895375776e+00
4.351384213025240033e-01 8.478570196695713435e+00
4.361000531726790808e-01 8.438329149102427706e+00
4.370616850428340472e-01 8.405101705512480592e+00
4.380233169129891246e-01 8.466253897176683196e+00
4.389849487831440911e-01 8.498602836409530070e+00
4.399465806532991130e-01 8.494002123786790648e+00
4.409082125234541905e-01 8.426587567375333876e+00
4.418698443936091569e-01 8.420396112108649689e+00
4.428314762637642343e-01 8.446980403606975329e+00
4.437931081339192563e-01 8.444085368297914229e+00
4.447547400040742227e-01 8.458546237541185064e+00
4.457163718742293002e-01 8.457946581625840565e+00
4.466780037443842666e-01 8.463251156826599342e+00
4.476396356145393440e-01 8.459398747111574579e+00
4.486012674846943660e-01 8.487767248660315289e+00
4.495628993548493324e-01 8.494853045945315984e+00
4.505245312250044099e-01 8.496884332884873103e+00
4.514861630951594318e-01 8.454254522609593536e+00
4.524477949653145092e-01 8.460619595281045235e+00
4.534094268354694757e-01 8.426166913880869913e+00
4.543710587056245531e-01 8.444837517831375706e+00
4.553326905757795195e-01 8.421839299353637287e+00
4.562943224459345415e-01 8.409477407559684536e+00
4.572559543160896189e-01 8.395388123744950803e+00
4.582175861862445854e-01 8.454472585921953609e+00
4.591792180563996628e-01 8.474904981863966569e+00
4.601408499265546848e-01 8.508606156375570606e+00
4.611024817967096512e-01 8.467080385715227919e+00
4.620641136668647286e-01 8.446774996500497679e+00
4.630257455370196951e-01 8.473239932921380557e+00
4.639873774071747725e-01 8.440788189032476296e+00
4.649490092773297945e-01 8.446455716422025972e+00
4.659106411474847609e-01 8.432227430235462506e+00
4.668722730176398383e-01 8.440473664438698620e+00
4.678339048877948603e-01 8.436320582112399435e+00
4.687955367579499377e-01 8.416653226865438597e+00
4.697571686281049042e-01 8.457292483996338817e+00
4.707188004982599816e-01 8.485716510277342195e+00
4.716804323684149480e-01 8.457983389077073255e+00
4.726420642385699700e-01 8.480759938393898523e+00
4.736036961087250474e-01 8.413019923041940018e+00
4.745653279788800138e-01 8.451577980524037415e+00
4.755269598490350913e-01 8.473901790238645759e+00
4.764885917191901132e-01 8.434081968792416006e+00
4.774502235893450797e-01 8.404274854771442094e+00
4.784118554595001571e-01 8.372824381259890814e+00
4.793734873296551235e-01 8.465795610365109525e+00
4.803351191998102010e-01 8.483581588789645522e+00
4.812967510699652229e-01 8.448570672570202333e+00
4.822583829401201894e-01 8.418242701013930684e+00
4.832200148102752668e-01 8.395216613002494555e+00
4.841816466804302888e-01 8.450236833071802067e+00
4.851432785505853662e-01 8.460200180954075222e+00
4.861049104207403326e-01 8.421413729447555951e+00
4.870665422908954101e-01 8.410245085332386239e+00
4.880281741610503765e-01 8.452629343153796881e+00
4.889898060312053985e-01 8.394808068360044118e+00
4.899514379013604759e-01 8.437956955038137252e+00
4.909130697715154423e-01 8.462989525545342673e+00
4.918747016416705198e-01 8.459454799426001870e+00
4.928363335118255417e-01 8.427804869489444073e+00
4.937979653819805081e-01 8.457923063957489163e+00
4.947595972521355856e-01 8.414038293647838174e+00
4.957212291222905520e-01 8.447505609435244978e+00
4.966828609924456295e-01 8.461661531674010917e+00
4.976444928626006514e-01 8.465332991437485077e+00
4.986061247327556178e-01 8.469310332118357820e+00
4.995677566029106953e-01 8.422259240493254140e+00
5.005293884730657172e-01 8.411887191515578621e+00
5.014910203432207947e-01 8.408390889276482483e+00
5.024526522133757611e-01 8.435400312027825365e+00
5.034142840835308386e-01 8.435273205359843374e+00
5.043759159536858050e-01 8.421566269423642837e+00
5.053375478238407714e-01 8.463664371933930397e+00
5.062991796939958489e-01 8.424164164055085280e+00
5.072608115641509263e-01 8.432552660631870367e+00
5.082224434343060038e-01 8.430349944018599828e+00
5.091840753044609702e-01 8.449282189276793531e+00
5.101457071746159366e-01 8.453172415254822880e+00
5.111073390447710141e-01 8.475011266218469785e+00
5.120689709149259805e-01 8.473069273519229228e+00
5.130306027850810580e-01 8.388868821286687094e+00
5.139922346552360244e-01 8.403426924310826607e+00
5.149538665253911018e-01 8.433511986159068385e+00
5.159154983955461793e-01 8.502196972373020856e+00
5.168771302657011457e-01 8.473069486795250072e+00
5.178387621358562232e-01 8.448234205571068856e+00
5.188003940060111896e-01 8.410120009792242612e+00
5.197620258761662670e-01 8.385615064634862392e+00
5.207236577463212335e-01 8.461201272208748847e+00
5.216852896164761999e-01 8.481314539130298868e+00
5.226469214866312774e-01 8.502473170132258673e+00
5.236085533567863548e-01 8.452300006614571259e+00
5.245701852269414323e-01 8.445828066759329289e+00
5.255318170970963987e-01 8.475395935241678558e+00
5.264934489672513651e-01 8.448841780102826604e+00
5.274550808374064426e-01 8.414159906902462183e+00
5.284167127075614090e-01 8.429673639315316436e+00
5.293783445777164864e-01 8.501996411927608577e+00
5.303399764478714529e-01 8.468476416623570202e+00
5.313016083180265303e-01 8.447892156983836998e+00
5.322632401881816078e-01 8.402586073230372321e+00
5.332248720583365742e-01 8.430569809616013544e+00
5.341865039284916516e-01 8.408791883183484472e+00
5.351481357986466181e-01 8.410394719012106890e+00
5.361097676688016955e-01 8.482133776967572203e+00
5.370713995389566620e-01 8.452505782867147488e+00
5.380330314091116284e-01 8.490366291548880895e+00
5.389946632792667058e-01 8.445514373633580263e+00
5.399562951494217833e-01 8.481391123738333704e+00
5.409179270195768607e-01 8.495170417468809632e+00
5.418795588897318272e-01 8.495070903389372319e+00
5.428411907598867936e-01 8.470364247226433108e+00
5.438028226300418710e-01 8.500839787764121525e+00
5.447644545001968375e-01 8.495162799260393527e+00
5.457260863703519149e-01 8.421021390428483855e+00
5.466877182405068814e-01 8.457771894143766289e+00
5.476493501106619588e-01 8.454311075037704626e+00
5.486109819808170363e-01 8.467812555188247714e+00
5.495726138509720027e-01 8.475325223975076483e+00
5.505342457211270801e-01 8.441167217297865122e+00
5.514958775912820466e-01 8.426914887937222431e+00
5.524575094614371240e-01 8.461850937869948908e+00
5.534191413315920904e-01 8.484075372586930897e+00
5.543807732017470569e-01 8.409239092245847758e+00
5.553424050719021343e-01 8.451524861424276835e+00
5.563040369420572118e-01 8.455959000221021427e+00
5.572656688122122892e-01 8.442404885463727027e+00
5.582273006823672556e-01 8.438079724642891577e+00
5.591889325525222221e-01 8.448535669923350255e+00
5.601505644226772995e-01 8.462883996194326741e+00
5.611121962928322660e-01 8.456202189186322826e+00
5.620738281629873434e-01 8.453332253379576500e+00
5.630354600331423098e-01 8.426230255317859630e+00
5.639970919032973873e-01 8.446724981723239267e+00
5.649587237734524647e-01 8.452935502003359858e+00
5.659203556436074312e-01 8.509223902834943232e+00
5.668819875137625086e-01 8.465677274659046958e+00
5.678436193839174750e-01 8.472567094972712098e+00
5.688052512540725525e-01 8.466424317826541923e+00
5.697668831242275189e-01 8.471017515405556253e+00
5.707285149943824853e-01 8.428081871162813599e+00
5.716901468645375628e-01 8.400464543746871016e+00
5.726517787346926402e-01 8.461336833943242652e+00
5.736134106048477177e-01 8.502991924119575273e+00
5.745750424750026841e-01 8.424304809173161601e+00
5.755366743451576506e-01 8.477966520841302867e+00
5.764983062153127280e-01 8.459002863468887412e+00
5.774599380854676944e-01 8.486158982495499714e+00
5.784215699556227719e-01 8.466292610034033217e+00
5.793832018257777383e-01 8.459073860312892990e+00
5.803448336959328158e-01 8.427481374870911424e+00
5.813064655660878932e-01 8.466500927344318583e+00
5.822680974362428596e-01 8.525844504564325632e+00
5.832297293063979371e-01 8.475667569400961554e+00
5.841913611765529035e-01 8.473277631615648176e+00
5.851529930467079810e-01 8.471081913270166908e+00
5.861146249168629474e-01 8.468279159791929800e+00
5.870762567870179138e-01 8.425179101874910259e+00
5.880378886571729913e-01 8.483118693756642514e+00
5.889995205273280687e-01 8.478881921889552586e+00
5.899611523974831462e-01 8.494144096612483708e+00
5.909227842676381126e-01 8.525454636026603694e+00
5.918844161377930790e-01 8.572144581454267609e+00
5.928460480079481565e-01 8.530751334378029682e+00
5.938076798781031229e-01 8.525367937322254619e+00
5.947693117482582004e-01 8.548848097996025075e+00
5.957309436184131668e-01 8.484579452443101744e+00
5.966925754885682442e-01 8.484251581751113491e+00
5.976542073587233217e-01 8.533578490632315550e+00
5.986158392288782881e-01 8.580714541295829889e+00
5.995774710990333656e-01 8.538377879234834822e+00
