# q (1/Angstrom), Intensity (arb)
2.078726924066784734e-02 0.000000000000000000e+00
2.212838338006469993e-02 6.722765892160850854e+00
2.346949751946154905e-02 8.424746133104548562e+00
2.481061165885840164e-02 1.253634265939922443e+01
2.615172579825525423e-02 1.228747996126202224e+01
2.749283993765210335e-02 1.272278463093027767e+01
2.883395407704895941e-02 1.418446257389456377e+01
3.017506821644580506e-02 1.539053854250403219e+01
3.151618235584265765e-02 1.284769515129795536e+01
3.285729649523951718e-02 1.264735408439133835e+01
3.419841063463636283e-02 1.325442298187492440e+01
3.553952477403321542e-02 1.225839144949250681e+01
3.688063891343006800e-02 9.708021478451769326e+00
3.822175305282692059e-02 8.618931970160033984e+00
3.956286719222376624e-02 8.577457860980231885e+00
4.090398133162062577e-02 9.144482544504711541e+00
4.224509547101747142e-02 9.387564413205751634e+00
4.358620961041432401e-02 9.460843489980206300e+00
4.492732374981117660e-02 8.821239126031208855e+00
4.626843788920802919e-02 7.394282300240114125e+00
4.760955202860488178e-02 6.976398693091418579e+00
4.895066616800172743e-02 6.683273647086117819e+00
5.029178030739858696e-02 6.602917074859298907e+00
5.163289444679544649e-02 6.640852549398950089e+00
5.297400858619229214e-02 7.262727834747252587e+00
5.431512272558913779e-02 6.702712322546538815e+00
5.565623686498599731e-02 6.864653479189662733e+00
5.699735100438284990e-02 5.855455136312166076e+00
5.833846514377969555e-02 5.585211974829050519e+00
5.967957928317654814e-02 6.545032542515016871e+00
6.102069342257340767e-02 5.999087669491487418e+00
6.236180756197025332e-02 5.182595715060358543e+00
6.370292170136709897e-02 6.260088098665249845e+00
6.504403584076395850e-02 5.971155859682127698e+00
6.638514998016080415e-02 4.995529195020708357e+00
6.772626411955766368e-02 4.140418778130474209e+00
6.906737825895450933e-02 3.976054564353646015e+00
7.040849239835136886e-02 5.347136046675807108e+00
7.174960653774821451e-02 6.386077827054947420e+00
7.309072067714506016e-02 5.870105960208697127e+00
7.443183481654190581e-02 5.433842702343639530e+00
7.577294895593877921e-02 5.693083221552235784e+00
7.711406309533562486e-02 4.804829675563098590e+00
7.845517723473247051e-02 5.253841039431513593e+00
7.979629137412933004e-02 5.215817907270917431e+00
8.113740551352617569e-02 4.735816462840382712e+00
8.247851965292302134e-02 5.382985291048335341e+00
8.381963379231988087e-02 4.693236539162285226e+00
8.516074793171674040e-02 4.919502936348116862e+00
8.650186207111358605e-02 3.906527395814826775e+00
8.784297621051043170e-02 3.803185131988925605e+00
8.918409034990729123e-02 4.254846280864775565e+00
9.052520448930413688e-02 4.435011001824278765e+00
9.186631862870098253e-02 4.149080414454196841e+00
9.320743276809784206e-02 4.046723568224578571e+00
9.454854690749470159e-02 4.381269025305712717e+00
9.588966104689154724e-02 4.201711583324964749e+00
9.723077518628839289e-02 4.195135689591538153e+00
9.857188932568525241e-02 4.191747156354132642e+00
9.991300346508209806e-02 4.563120316267223586e+00
1.012541176044789437e-01 4.618579423384339577e+00
1.025952317438758032e-01 4.138895846160366432e+00
1.039363458832726350e-01 4.077886035301304446e+00
1.052774600226694945e-01 4.163436242214515914e+00
1.066185741620663541e-01 4.575185369693528514e+00
1.079596883014631858e-01 4.674912451508149047e+00
1.093008024408600454e-01 4.304368233399031851e+00
1.106419165802569049e-01 4.675407651786578356e+00
1.119830307196537506e-01 4.965991311507927719e+00
1.133241448590506101e-01 4.897074438711726430e+00
1.146652589984474419e-01 5.140245458323960293e+00
1.160063731378443014e-01 5.045796956177227344e+00
1.173474872772411609e-01 4.667565649305657871e+00
1.186886014166380066e-01 3.642412282646183996e+00
1.200297155560348661e-01 4.363857271555090733e+00
1.213708296954317256e-01 5.266450553700501303e+00
1.227119438348285574e-01 4.967990064319124599e+00
1.240530579742254169e-01 5.004078538489295624e+00
1.253941721136222764e-01 5.429989963962192689e+00
1.267352862530191082e-01 4.797901269852268058e+00
1.280764003924159677e-01 4.638273286612054847e+00
1.294175145318128273e-01 5.448169099223726164e+00
1.307586286712096590e-01 5.166202479341272635e+00
1.320997428106065186e-01 4.363361841302676680e+00
1.334408569500033781e-01 4.680729625340447342e+00
1.347819710894002376e-01 4.204851781593141880e+00
1.361230852287970972e-01 4.011963489176011421e+00
1.374641993681939289e-01 4.220050749283750235e+00
1.388053135075907885e-01 4.184525630034599430e+00
1.401464276469876480e-01 4.607407814725220874e+00
1.414875417863844798e-01 4.315882627592984022e+00
1.428286559257813393e-01 4.263498526277565759e+00
1.441697700651781988e-01 4.329816701937708956e+00
1.455108842045750306e-01 4.215524767704927456e+00
1.468519983439718901e-01 4.277664162810317805e+00
1.481931124833687219e-01 4.649640948347517622e+00
1.495342266227655814e-01 4.476893572215921324e+00
1.508753407621624687e-01 3.948029005217890131e+00
1.522164549015593005e-01 4.354612540304579227e+00
1.535575690409561600e-01 4.885910437999868350e+00
1.548986831803530195e-01 4.622665641739096998e+00
1.562397973197498513e-01 4.587950916821071701e+00
1.575809114591467108e-01 5.114869970045340608e+00
1.589220255985435704e-01 4.847802460982727268e+00
1.602631397379404021e-01 4.576094716154706532e+00
1.616042538773372617e-01 4.976229754667137684e+00
1.629453680167341212e-01 4.493281737169006362e+00
1.642864821561309530e-01 4.431361469111557483e+00
1.656275962955278125e-01 4.125062875420098862e+00
1.669687104349246720e-01 4.050126795510870181e+00
1.683098245743215315e-01 4.001124232737076625e+00
1.696509387137183911e-01 4.468473084618281632e+00
1.709920528531152228e-01 4.832122382298592811e+00
1.723331669925120824e-01 4.341955721602985818e+00
1.736742811319089419e-01 3.934795109867671670e+00
1.750153952713057737e-01 4.234647637918058649e+00
1.763565094107026332e-01 4.264805335002080255e+00
1.776976235500994927e-01 4.515804295800734280e+00
1.790387376894963245e-01 4.173144433307726331e+00
1.803798518288931840e-01 4.090729342879960484e+00
1.817209659682900158e-01 4.132707861755449130e+00
1.830620801076868753e-01 4.027255923433884277e+00
1.844031942470837349e-01 4.571876353021906425e+00
1.857443083864805944e-01 4.588240993591846006e+00
1.870854225258774539e-01 4.302511489238668219e+00
1.884265366652743134e-01 4.270692411266843180e+00
1.897676508046711452e-01 3.821407719155388349e+00
1.911087649440680047e-01 4.582416662695756315e+00
1.924498790834648643e-01 4.484500418191096571e+00
1.937909932228616960e-01 4.731832003230351802e+00
1.951321073622585556e-01 4.644146954724149623e+00
1.964732215016554151e-01 4.589058381764331784e+00
1.978143356410522469e-01 4.368399114477860223e+00
1.991554497804491064e-01 4.275009522817654783e+00
2.004965639198459382e-01 3.996328028031442159e+00
2.018376780592427977e-01 4.151074775972503517e+00
2.031787921986396572e-01 4.529535478491304445e+00
2.045199063380365168e-01 4.251511121258737091e+00
2.058610204774333763e-01 4.253641901830043537e+00
2.072021346168302081e-01 4.468595283199661594e+00
2.085432487562270676e-01 4.597367995515384109e+00
2.098843628956239271e-01 4.076685549526359864e+00
2.112254770350207866e-01 4.412039456280787419e+00
2.125665911744176462e-01 4.892147148161022585e+00
2.139077053138144502e-01 4.462504808605743278e+00
2.152488194532113097e-01 3.794382726723100063e+00
2.165899335926081692e-01 3.615198410474555146e+00
2.179310477320050288e-01 4.016167613587334984e+00
2.192721618714018883e-01 4.088749784525418818e+00
2.206132760107987478e-01 4.440973741603777114e+00
2.219543901501955796e-01 4.730046392733285643e+00
2.232955042895924391e-01 4.497033937143690707e+00
2.246366184289892987e-01 4.157819612654400032e+00
2.259777325683861582e-01 4.155645267122650921e+00
2.273188467077830177e-01 4.238439358044530536e+00
2.286599608471798217e-01 4.301255238044127793e+00
2.300010749865766813e-01 3.884664051947751773e+00
2.313421891259735408e-01 3.977938078606570116e+00
2.326833032653704003e-01 3.862776289792670070e+00
2.340244174047672598e-01 3.756385024319826016e+00
2.353655315441641194e-01 4.109446093722354476e+00
2.367066456835609234e-01 4.074618761881424689e+00
2.380477598229577829e-01 4.037374705729440905e+00
2.393888739623546424e-01 4.106608747106392343e+00
2.407299881017515020e-01 4.219894104410641944e+00
2.420711022411483615e-01 4.246269920528675357e+00
2.434122163805451933e-01 4.238408308663899504e+00
2.447533305199420528e-01 4.224471674507803698e+00
2.460944446593389123e-01 4.054045171898984279e+00
2.474355587987357719e-01 4.387834584267501725e+00
2.487766729381326314e-01 4.504763445697449242e+00
2.501177870775294632e-01 4.316568780434529629e+00
2.514589012169263227e-01 4.272441517788934107e+00
2.528000153563231822e-01 4.226336494178603687e+00
2.541411294957200417e-01 3.822105915753681415e+00
2.554822436351169013e-01 3.616255266654519573e+00
2.568233577745137608e-01 3.988264213984820117e+00
2.581644719139106203e-01 4.224074225864583809e+00
2.595055860533074243e-01 4.207377039239048599e+00
2.608467001927042839e-01 3.790192592339678868e+00
2.621878143321011434e-01 3.820499477150413270e+00
2.635289284714980029e-01 4.313110900102294920e+00
2.648700426108948625e-01 4.495601230667261916e+00
2.662111567502916665e-01 4.453661167352841233e+00
2.675522708896885260e-01 4.335978134574475007e+00
2.688933850290853855e-01 4.476623113087079275e+00
2.702344991684822451e-01 4.079771947317283320e+00
2.715756133078791046e-01 3.772993594302235465e+00
2.729167274472759641e-01 3.867792161076906154e+00
2.742578415866727681e-01 3.642392262458500340e+00
2.755989557260696277e-01 3.438368808876155924e+00
2.769400698654664872e-01 3.568871297164761813e+00
2.782811840048633467e-01 3.912930321754629404e+00
2.796222981442602062e-01 4.325254704135190309e+00
2.809634122836570103e-01 3.880716370032175178e+00
2.823045264230538698e-01 4.122759175289516520e+00
2.836456405624507293e-01 4.180474024292863078e+00
2.849867547018475888e-01 4.065310945034127599e+00
2.863278688412444484e-01 3.688478441808499042e+00
2.876689829806413079e-01 3.906666437148196280e+00
2.890100971200381674e-01 3.996605607005591310e+00
2.903512112594350270e-01 3.744323695704046884e+00
2.916923253988318865e-01 3.548813766704306261e+00
2.930334395382287460e-01 3.707141918085504528e+00
2.943745536776256055e-01 3.751624376736906186e+00
2.957156678170224096e-01 3.827318459720892463e+00
2.970567819564192691e-01 3.780197149891520780e+00
2.983978960958161286e-01 3.825033693476122210e+00
2.997390102352129881e-01 4.212419461693038159e+00
3.010801243746098477e-01 3.933402595092161391e+00
3.024212385140067072e-01 3.560934495290986490e+00
3.037623526534035112e-01 3.873701989457579486e+00
3.051034667928003707e-01 3.742526930027089804e+00
3.064445809321972303e-01 3.838105400199211203e+00
3.077856950715940898e-01 4.184338245085001518e+00
3.091268092109909493e-01 3.921257438281081420e+00
3.104679233503877533e-01 3.435558589497830440e+00
3.118090374897846129e-01 3.700356620350831349e+00
3.131501516291814724e-01 3.833654227991921459e+00
3.144912657685783319e-01 3.971893166288275268e+00
3.158323799079751915e-01 4.020570673976799014e+00
3.171734940473720510e-01 3.824483039026169706e+00
3.185146081867689105e-01 3.922501127912873642e+00
3.198557223261657700e-01 3.993606899452274206e+00
3.211968364655626296e-01 3.966567149994858710e+00
3.225379506049594891e-01 3.731648853834244051e+00
3.238790647443563486e-01 4.021151485175202822e+00
3.252201788837532082e-01 3.841495246314423184e+00
3.265612930231500122e-01 3.829511622406641891e+00
3.279024071625468717e-01 3.751072740561816943e+00
3.292435213019437312e-01 3.617902644785793598e+00
3.305846354413405908e-01 3.490636735233834997e+00
3.319257495807374503e-01 3.704680391002980855e+00
3.332668637201342543e-01 3.716548100427466750e+00
3.346079778595311138e-01 3.493810936321352756e+00
3.359490919989279734e-01 3.711174256401257310e+00
3.372902061383248329e-01 3.939292354350349967e+00
3.386313202777216924e-01 3.793097805232392261e+00
3.399724344171185519e-01 3.712104720965811566e+00
3.413135485565153560e-01 3.789034753869714223e+00
3.426546626959122155e-01 3.199002674735339724e+00
3.439957768353090750e-01 3.424401272070134894e+00
3.453368909747059345e-01 4.046711492707778746e+00
3.466780051141027941e-01 3.644772095968129122e+00
3.480191192534995981e-01 3.669419196808298977e+00
3.493602333928964576e-01 3.497939157904653484e+00
3.507013475322933171e-01 3.280905411622164536e+00
3.520424616716901767e-01 3.558369026848176020e+00
3.533835758110870362e-01 3.481670715642216862e+00
3.547246899504838957e-01 3.414462233616383458e+00
3.560658040898807553e-01 3.081284748771686566e+00
3.574069182292776148e-01 3.034954813552715791e+00
3.587480323686744743e-01 3.047091952487200217e+00
3.600891465080713338e-01 2.970316775101814244e+00
3.614302606474681934e-01 3.269786147362438555e+00
3.627713747868649974e-01 3.157506310957650442e+00
3.641124889262618569e-01 3.268381526276577631e+00
3.654536030656587164e-01 3.551379072727200992e+00
3.667947172050555760e-01 3.238359319041265394e+00
3.681358313444524355e-01 2.992914874348848286e+00
3.694769454838492950e-01 3.404667789057221228e+00
3.708180596232460990e-01 3.617469340855443249e+00
3.721591737626429586e-01 3.403725441601842761e+00
3.735002879020398181e-01 3.094139934093718125e+00
3.748414020414366776e-01 3.196634085175354301e+00
3.761825161808335372e-01 3.033286996069357144e+00
3.775236303202303967e-01 3.302086867644852930e+00
3.788647444596272007e-01 3.692154462806328752e+00
3.802058585990240602e-01 3.958366204387182563e+00
3.815469727384209198e-01 3.719571580252221565e+00
3.828880868778177793e-01 3.317465729396303686e+00
3.842292010172146388e-01 3.197759909368002695e+00
3.855703151566114428e-01 3.005637531418649644e+00
3.869114292960083024e-01 2.764519987399260970e+00
3.882525434354051619e-01 3.095020830304186177e+00
3.895936575748020214e-01 3.166561730761607407e+00
3.909347717141988809e-01 3.009509179254060030e+00
3.922758858535957405e-01 2.883674544892336655e+00
3.936169999929926000e-01 3.007413134059547133e+00
3.949581141323894595e-01 3.026221588286276187e+00
3.962992282717863191e-01 2.970764044535741277e+00
3.976403424111831786e-01 3.026186677956772542e+00
3.989814565505800381e-01 3.122158734483384990e+00
4.003225706899768976e-01 3.063872643338768853e+00
4.016636848293737572e-01 3.192267503632045589e+00
4.030047989687706167e-01 3.222602522825290805e+00
4.043459131081674207e-01 2.998340084164738073e+00
4.056870272475643358e-01 2.978478026882910967e+00
4.070281413869611398e-01 2.929919392895392605e+00
4.083692555263580548e-01 2.779376317012356878e+00
4.097103696657548588e-01 2.892721009182857017e+00
4.110514838051517739e-01 2.731771440575812449e+00
4.123925979445485779e-01 2.787335225855734677e+00
4.137337120839453819e-01 2.544954318269510907e+00
4.150748262233422969e-01 2.845708113951978646e+00
4.164159403627391010e-01 2.898323375701288285e+00
4.177570545021360160e-01 2.953224713378375554e+00
4.190981686415328200e-01 2.919246065769122822e+00
4.204392827809296240e-01 2.750542437756656966e+00
4.217803969203265391e-01 3.038647181155788246e+00
4.231215110597233431e-01 3.053145296229750727e+00
4.244626251991202581e-01 2.852983157841336492e+00
4.258037393385170621e-01 2.907313551811547825e+00
4.271448534779138662e-01 2.666615671620952810e+00
4.284859676173107812e-01 2.883727945650100821e+00
4.298270817567075852e-01 2.762481727907662332e+00
4.311681958961045003e-01 2.690097756890594383e+00
4.325093100355013043e-01 2.728570971541742551e+00
4.338504241748981638e-01 2.825034381909517833e+00
4.351915383142950233e-01 2.861233145281929069e+00
4.365326524536918829e-01 2.877287474473867235e+00
4.378737665930887424e-01 2.947066740596241630e+00
4.392148807324856019e-01 2.736157764769707512e+00
4.405559948718824614e-01 2.618688504963714081e+00
4.418971090112793210e-01 2.416886020699799076e+00
4.432382231506761250e-01 2.591724411065200684e+00
4.445793372900730400e-01 2.392859456655571648e+00
4.459204514294698440e-01 2.267914734572919144e+00
4.472615655688667591e-01 2.459829741172271156e+00
4.486026797082635631e-01 2.637222240855649602e+00
4.499437938476603671e-01 2.895033978133142227e+00
4.512849079870572822e-01 2.997405116153757376e+00
4.526260221264540862e-01 2.927316448429778006e+00
4.539671362658510012e-01 2.829847503629217442e+00
4.553082504052478052e-01 2.850487800608931366e+00
4.566493645446446092e-01 3.027804852912069578e+00
4.579904786840415243e-01 2.552878022652059542e+00
4.593315928234383283e-01 2.264479072051443609e+00
4.606727069628352433e-01 2.256732277838992218e+00
4.620138211022320474e-01 2.380838792044414731e+00
4.633549352416289624e-01 2.478353133606191250e+00
4.646960493810257664e-01 2.344972612280166402e+00
4.660371635204225704e-01 2.583380648159263160e+00
4.673782776598194855e-01 2.285869112877890075e+00
4.687193917992162895e-01 2.184040361703367239e+00
4.700605059386132045e-01 2.259105490685236362e+00
4.714016200780100085e-01 2.724437851994480297e+00
4.727427342174068681e-01 2.518484713667909602e+00
4.740838483568037276e-01 2.688298236110547634e+00
4.754249624962005871e-01 2.355183431098950564e+00
4.767660766355974467e-01 2.579040429214195740e+00
4.781071907749943062e-01 2.469803220340260452e+00
4.794483049143911102e-01 2.198552113746011116e+00
4.807894190537880252e-01 2.237981931914937661e+00
4.821305331931848293e-01 2.114949898507077819e+00
4.834716473325817443e-01 2.232583921008021832e+00
4.848127614719785483e-01 2.284533281356260659e+00
4.861538756113753523e-01 2.232493105268062550e+00
4.874949897507722674e-01 2.222375657350802669e+00
4.888361038901690714e-01 2.286157671310284911e+00
4.901772180295659864e-01 2.356463946088190653e+00
4.915183321689627904e-01 1.853400616722332472e+00
4.928594463083597055e-01 1.911129899851417235e+00
4.942005604477565095e-01 2.049894303206123425e+00
4.955416745871533135e-01 2.185886607280423277e+00
4.968827887265502286e-01 2.285645068742965691e+00
4.982239028659470326e-01 2.278621747597455283e+00
4.995650170053439476e-01 2.140447780942295708e+00
5.009061311447408071e-01 2.168697756423568990e+00
5.022472452841375556e-01 2.063729724845678959e+00
5.035883594235345262e-01 1.964914515972530751e+00
5.049294735629312747e-01 1.912979417815044769e+00
5.062705877023282452e-01 1.854411765027784043e+00
5.076117018417249938e-01 1.890651288287315879e+00
5.089528159811218533e-01 2.057920410101900188e+00
5.102939301205187128e-01 1.937999060374622218e+00
5.116350442599155723e-01 1.714731361411523380e+00
5.129761583993124319e-01 1.542226782603428603e+00
5.143172725387092914e-01 1.799052957355677052e+00
5.156583866781061509e-01 2.027987380819560315e+00
5.169995008175030105e-01 2.019289641088661824e+00
5.183406149568997590e-01 2.038504068402474445e+00
5.196817290962967295e-01 2.033735703564204300e+00
5.210228432356934780e-01 2.035435413051779108e+00
5.223639573750904486e-01 2.063597192058786334e+00
5.237050715144871971e-01 2.154848242603932817e+00
5.250461856538840566e-01 2.051946005375214099e+00
5.263872997932809161e-01 1.799410734004723622e+00
5.277284139326777757e-01 1.748923365973837463e+00
5.290695280720746352e-01 1.950112011658461597e+00
5.304106422114714947e-01 2.053394169234955768e+00
5.317517563508683542e-01 1.804746151007641686e+00
5.330928704902652138e-01 1.706823886434420956e+00
5.344339846296620733e-01 1.737138601566911689e+00
5.357750987690589328e-01 1.615749931120298299e+00
5.371162129084557924e-01 1.715398048999588809e+00
5.384573270478525409e-01 1.901999071035838540e+00
5.397984411872495114e-01 1.394169761905835969e+00
5.411395553266462599e-01 1.449153741916234139e+00
5.424806694660432305e-01 1.804556369685869299e+00
5.438217836054399790e-01 1.631970829603694995e+00
5.451628977448369495e-01 1.847050211689506227e+00
5.465040118842336980e-01 1.954709926202184533e+00
5.478451260236305576e-01 1.845534422996024659e+00
5.491862401630274171e-01 1.996044591577003757e+00
5.505273543024242766e-01 1.790045946210248928e+00
5.518684684418211361e-01 1.667672046561790467e+00
5.532095825812179957e-01 1.509444759823743709e+00
5.545506967206147442e-01 1.579024765684238218e+00
5.558918108600117147e-01 1.513455909791439069e+00
5.572329249994084632e-01 1.477455685983692035e+00
5.585740391388054338e-01 1.578533387208409522e+00
5.599151532782021823e-01 1.485320130428064545e+00
5.612562674175990418e-01 1.274521158825933753e+00
5.625973815569959013e-01 1.524894873158821440e+00
5.639384956963927609e-01 1.664707157257119263e+00
5.652796098357896204e-01 1.698756326737985489e+00
5.666207239751864799e-01 1.638895227293012624e+00
5.679618381145833395e-01 1.720147294384730685e+00
5.693029522539801990e-01 1.479887014969804682e+00
5.706440663933770585e-01 1.388871846383835873e+00
5.719851805327739180e-01 1.332749927854862904e+00
5.733262946721707776e-01 1.048451900758365696e+00
5.746674088115676371e-01 1.111534549331125277e+00
5.760085229509644966e-01 1.211889839392490842e+00
5.773496370903612451e-01 1.330917106356089619e+00
5.786907512297582157e-01 1.415335282092215152e+00
5.800318653691549642e-01 1.257350082450251705e+00
5.813729795085519347e-01 1.060510767285400391e+00
5.827140936479486832e-01 1.031173946984345946e+00
5.840552077873455428e-01 1.070731475820643652e+00
5.853963219267424023e-01 9.206021003115196777e-01
5.867374360661392618e-01 1.195947997468124413e+00
5.880785502055361214e-01 1.006298600177188973e+00
5.894196643449329809e-01 9.315661583386969369e-01
5.907607784843297294e-01 1.142731605162985886e+00
5.921018926237266999e-01 1.262777681666875651e+00
5.934430067631234484e-01 9.390072630353714089e-01
5.947841209025204190e-01 9.260367734476488977e-01
5.961252350419171675e-01 1.041444820265745363e+00
5.974663491813141381e-01 7.979715904869948417e-01
5.988074633207108866e-01 9.924351760819973833e-01
