# q (1/Angstrom), Intensity (arb)
2.078726924066784734e-02 3.465248507182039361e+01
2.212838338006469993e-02 5.365392369659349470e+01
2.346949751946154905e-02 7.353172514630767864e+01
2.481061165885840164e-02 9.964758751515503832e+01
2.615172579825525423e-02 1.079272653456993680e+02
2.749283993765210335e-02 1.065053468456088126e+02
2.883395407704895941e-02 1.038664158178113155e+02
3.017506821644580506e-02 1.016842287254942789e+02
3.151618235584265765e-02 9.831857172456460603e+01
3.285729649523951718e-02 9.647678007131514732e+01
3.419841063463636283e-02 9.303011832694394911e+01
3.553952477403321542e-02 9.107804269281747622e+01
3.688063891343006800e-02 8.952911219625541150e+01
3.822175305282692059e-02 8.588553805115226680e+01
3.956286719222376624e-02 8.473945980191055583e+01
4.090398133162062577e-02 8.210344655733852903e+01
4.224509547101747142e-02 8.072041243695331048e+01
4.358620961041432401e-02 7.988347684052887132e+01
4.492732374981117660e-02 7.557017306237548837e+01
4.626843788920802919e-02 7.453985458471274228e+01
4.760955202860488178e-02 7.480705080497519077e+01
4.895066616800172743e-02 7.432529458401977251e+01
5.029178030739858696e-02 7.211595078315147589e+01
5.163289444679544649e-02 6.966580190926757155e+01
5.297400858619229214e-02 6.905067551112850310e+01
5.431512272558913779e-02 6.820103983952364501e+01
5.565623686498599731e-02 6.646134796658019184e+01
5.699735100438284990e-02 6.396599870962154455e+01
5.833846514377969555e-02 6.465736485977974723e+01
5.967957928317654814e-02 6.514044538640216331e+01
6.102069342257340767e-02 6.299528335678768087e+01
6.236180756197025332e-02 6.059910579501607231e+01
6.370292170136709897e-02 6.019683756044815937e+01
6.504403584076395850e-02 6.062109375217973195e+01
6.638514998016080415e-02 6.019112857831801477e+01
6.772626411955766368e-02 5.932361026805990889e+01
6.906737825895450933e-02 5.914799926916857942e+01
7.040849239835136886e-02 5.876606772621748576e+01
7.174960653774821451e-02 6.041703979944799130e+01
7.309072067714506016e-02 5.860375531450435460e+01
7.443183481654190581e-02 5.954860392825399629e+01
7.577294895593877921e-02 6.155937251595761950e+01
7.711406309533562486e-02 6.369992520152193549e+01
7.845517723473247051e-02 6.891746734566430632e+01
7.979629137412933004e-02 8.294728343701348194e+01
8.113740551352617569e-02 1.247948304131102759e+02
8.247851965292302134e-02 2.367276222151166962e+02
8.381963379231988087e-02 4.214366332232749528e+02
8.516074793171674040e-02 7.388117095903467089e+02
8.650186207111358605e-02 1.465880593275362571e+03
8.784297621051043170e-02 2.574479795225449379e+03
8.918409034990729123e-02 3.214507851630749883e+03
9.052520448930413688e-02 3.002635646896849721e+03
9.186631862870098253e-02 1.965437468559184936e+03
9.320743276809784206e-02 1.054500828854213978e+03
9.454854690749470159e-02 6.493925555789319333e+02
9.588966104689154724e-02 4.842856737347945568e+02
9.723077518628839289e-02 3.972069755716818804e+02
9.857188932568525241e-02 3.513253836061646211e+02
9.991300346508209806e-02 3.731988578891936186e+02
1.012541176044789437e-01 4.590502308450767259e+02
1.025952317438758032e-01 5.104250857947522491e+02
1.039363458832726350e-01 4.553862889858936569e+02
1.052774600226694945e-01 3.091667868077378216e+02
1.066185741620663541e-01 1.625912663567036986e+02
1.079596883014631858e-01 8.185925954699318652e+01
1.093008024408600454e-01 4.879822317260173747e+01
1.106419165802569049e-01 3.389242821956312923e+01
1.119830307196537506e-01 2.702154195501705658e+01
1.133241448590506101e-01 2.193066478574317557e+01
1.146652589984474419e-01 1.864529334829501295e+01
1.160063731378443014e-01 1.602290057640635723e+01
1.173474872772411609e-01 1.369498336139562866e+01
1.186886014166380066e-01 1.165391744798850482e+01
1.200297155560348661e-01 9.960405572812817354e+00
1.213708296954317256e-01 9.343040715781171457e+00
1.227119438348285574e-01 8.711089899375750178e+00
1.240530579742254169e-01 8.249590978412058462e+00
1.253941721136222764e-01 7.294090892238159540e+00
1.267352862530191082e-01 7.209023377404278676e+00
1.280764003924159677e-01 6.651369012030258432e+00
1.294175145318128273e-01 6.525016970029682284e+00
1.307586286712096590e-01 6.120023823392060081e+00
1.320997428106065186e-01 6.257282718391806497e+00
1.334408569500033781e-01 5.465294070692607420e+00
1.347819710894002376e-01 5.685619461113375905e+00
1.361230852287970972e-01 5.683637789375168836e+00
1.374641993681939289e-01 6.508647761448756341e+00
1.388053135075907885e-01 7.399633218842637916e+00
1.401464276469876480e-01 9.112863706629212857e+00
1.414875417863844798e-01 1.683791382759326893e+01
1.428286559257813393e-01 3.443291468548207490e+01
1.441697700651781988e-01 6.186374811709966082e+01
1.455108842045750306e-01 8.140189217070695804e+01
1.468519983439718901e-01 7.878022458320940302e+01
1.481931124833687219e-01 5.882339283994907930e+01
1.495342266227655814e-01 3.635213290624176352e+01
1.508753407621624687e-01 2.313289923514103918e+01
1.522164549015593005e-01 1.783210498003168709e+01
1.535575690409561600e-01 1.660041180549578144e+01
1.548986831803530195e-01 1.575664538146999405e+01
1.562397973197498513e-01 1.508769135107202430e+01
1.575809114591467108e-01 1.517422840500715608e+01
1.589220255985435704e-01 1.548664423418466640e+01
1.602631397379404021e-01 1.563782369680637885e+01
1.616042538773372617e-01 1.531834354039986579e+01
1.629453680167341212e-01 1.650311293913921418e+01
1.642864821561309530e-01 1.867456460092833481e+01
1.656275962955278125e-01 2.678193600645805361e+01
1.669687104349246720e-01 4.932551391316074785e+01
1.683098245743215315e-01 9.254360145770039026e+01
1.696509387137183911e-01 1.411209557342318703e+02
1.709920528531152228e-01 1.658155755839700305e+02
1.723331669925120824e-01 1.514460462076085037e+02
1.736742811319089419e-01 1.116956456039131353e+02
1.750153952713057737e-01 7.702036014890073545e+01
1.763565094107026332e-01 6.070073915937500431e+01
1.776976235500994927e-01 5.489733272027196165e+01
1.790387376894963245e-01 4.939712544882614509e+01
1.803798518288931840e-01 3.832931410044403719e+01
1.817209659682900158e-01 2.582934885958275117e+01
1.830620801076868753e-01 1.658720743803853281e+01
1.844031942470837349e-01 1.097239066484750936e+01
1.857443083864805944e-01 8.111951035556430156e+00
1.870854225258774539e-01 6.797722781293614958e+00
1.884265366652743134e-01 5.615177605654224635e+00
1.897676508046711452e-01 5.302424977734162326e+00
1.911087649440680047e-01 4.704222693211349338e+00
1.924498790834648643e-01 3.811002442978562499e+00
1.937909932228616960e-01 3.756593934731867535e+00
1.951321073622585556e-01 2.939796703478876339e+00
1.964732215016554151e-01 3.214078668791685800e+00
1.978143356410522469e-01 3.049949675513730085e+00
1.991554497804491064e-01 2.720481019253270460e+00
2.004965639198459382e-01 2.869642930197372266e+00
2.018376780592427977e-01 3.159438866841952631e+00
2.031787921986396572e-01 3.367493356281187289e+00
2.045199063380365168e-01 3.319924670501279707e+00
2.058610204774333763e-01 3.561238349726735919e+00
2.072021346168302081e-01 3.424876921570742638e+00
2.085432487562270676e-01 3.206534877575080600e+00
2.098843628956239271e-01 3.080201782199168292e+00
2.112254770350207866e-01 2.377054437973683321e+00
2.125665911744176462e-01 2.151973017392066367e+00
2.139077053138144502e-01 1.537794123618738240e+00
2.152488194532113097e-01 1.463672725648294204e+00
2.165899335926081692e-01 1.553021282912169454e+00
2.179310477320050288e-01 1.345853828543368991e+00
2.192721618714018883e-01 1.813495959444907157e+00
2.206132760107987478e-01 1.230401558786056171e+00
2.219543901501955796e-01 1.703087331410486627e+00
2.232955042895924391e-01 2.732946995150911107e+00
2.246366184289892987e-01 3.182680010683966998e+00
2.259777325683861582e-01 3.547127973625478603e+00
2.273188467077830177e-01 3.761975709295185766e+00
2.286599608471798217e-01 5.156912804833027053e+00
2.300010749865766813e-01 5.435045622856122804e+00
2.313421891259735408e-01 5.017799643658747755e+00
2.326833032653704003e-01 3.876944569576721733e+00
2.340244174047672598e-01 2.638937667424073652e+00
2.353655315441641194e-01 2.132168971787081091e+00
2.367066456835609234e-01 2.252315595209822163e+00
2.380477598229577829e-01 2.186530195958212630e+00
2.393888739623546424e-01 2.273635621367560589e+00
2.407299881017515020e-01 2.515372608248185315e+00
2.420711022411483615e-01 3.292003356463339969e+00
2.434122163805451933e-01 2.489371324956877629e+00
2.447533305199420528e-01 2.522884005425567011e+00
2.460944446593389123e-01 2.884601728907512097e+00
2.474355587987357719e-01 4.469872824006770884e+00
2.487766729381326314e-01 5.925882026853912521e+00
2.501177870775294632e-01 7.461402573037020147e+00
2.514589012169263227e-01 8.793796563632923835e+00
2.528000153563231822e-01 9.323772330154255883e+00
2.541411294957200417e-01 8.968520931581011268e+00
2.554822436351169013e-01 7.312497993165081311e+00
2.568233577745137608e-01 5.223277279532922535e+00
2.581644719139106203e-01 4.222351416518876022e+00
2.595055860533074243e-01 3.787049555199942574e+00
2.608467001927042839e-01 3.667530261271835457e+00
2.621878143321011434e-01 4.339050432970708471e+00
2.635289284714980029e-01 5.353092591299756009e+00
2.648700426108948625e-01 6.625294866442160924e+00
2.662111567502916665e-01 8.224923543080308264e+00
2.675522708896885260e-01 8.959356446313648803e+00
2.688933850290853855e-01 8.367365126326220093e+00
2.702344991684822451e-01 7.533681994423091055e+00
2.715756133078791046e-01 6.324399342848110450e+00
2.729167274472759641e-01 4.594402031699260647e+00
2.742578415866727681e-01 3.593022831931889982e+00
2.755989557260696277e-01 2.444787139947948162e+00
2.769400698654664872e-01 1.773706958434630110e+00
2.782811840048633467e-01 1.907021473583284887e+00
2.796222981442602062e-01 1.516429761769714446e+00
2.809634122836570103e-01 1.431876764105268762e+00
2.823045264230538698e-01 1.181118690631834056e+00
2.836456405624507293e-01 1.016265358969178578e+00
2.849867547018475888e-01 1.219463697495143606e+00
2.863278688412444484e-01 1.415640882139726386e+00
2.876689829806413079e-01 1.455095311642054412e+00
2.890100971200381674e-01 1.297998175856790226e+00
2.903512112594350270e-01 1.369106534968096867e+00
2.916923253988318865e-01 1.522626329791975763e+00
2.930334395382287460e-01 1.409651392300872885e+00
2.943745536776256055e-01 1.307266006174785389e+00
2.957156678170224096e-01 1.223690750754911960e+00
2.970567819564192691e-01 8.433891239780990645e-01
2.983978960958161286e-01 9.754140196735221480e-01
2.997390102352129881e-01 9.010461375763298975e-01
3.010801243746098477e-01 8.803422602094883587e-01
3.024212385140067072e-01 7.707463846037825306e-01
3.037623526534035112e-01 1.024275852914101392e+00
3.051034667928003707e-01 9.465158030990892257e-01
3.064445809321972303e-01 7.938096270126919762e-01
3.077856950715940898e-01 1.077080206709339905e+00
3.091268092109909493e-01 7.240620260785277651e-01
3.104679233503877533e-01 1.053071864628478238e+00
3.118090374897846129e-01 1.142820281196733845e+00
3.131501516291814724e-01 8.939877415286758833e-01
3.144912657685783319e-01 6.016538678094462966e-01
3.158323799079751915e-01 5.417895010260878053e-01
3.171734940473720510e-01 6.256011186686976089e-01
3.185146081867689105e-01 9.641381199036942462e-01
3.198557223261657700e-01 1.035212123761667158e+00
3.211968364655626296e-01 7.868491460805984161e-01
3.225379506049594891e-01 1.231415295242541674e+00
3.238790647443563486e-01 1.716677292969663426e+00
3.252201788837532082e-01 1.545255177126918511e+00
3.265612930231500122e-01 1.308378657021108893e+00
3.279024071625468717e-01 1.560249834708315575e+00
3.292435213019437312e-01 1.164464845093732492e+00
3.305846354413405908e-01 1.068148621751504379e+00
3.319257495807374503e-01 1.003442610773007004e+00
3.332668637201342543e-01 9.700129079279236066e-01
3.346079778595311138e-01 1.094833750319239130e+00
3.359490919989279734e-01 1.635162976421902670e+00
3.372902061383248329e-01 1.653205260725009396e+00
3.386313202777216924e-01 2.093056284765253849e+00
3.399724344171185519e-01 1.837540760348787217e+00
3.413135485565153560e-01 1.816211860638794917e+00
3.426546626959122155e-01 1.505619432986144091e+00
3.439957768353090750e-01 1.813374591695470883e+00
3.453368909747059345e-01 1.216084703140424494e+00
3.466780051141027941e-01 1.231838569302261988e+00
3.480191192534995981e-01 1.230746012384045684e+00
3.493602333928964576e-01 1.163774629209250122e+00
3.507013475322933171e-01 9.612730855707809496e-01
3.520424616716901767e-01 9.068035161918572840e-01
3.533835758110870362e-01 1.073085083117639726e+00
3.547246899504838957e-01 8.973231372687422436e-01
3.560658040898807553e-01 9.423722984477436171e-01
3.574069182292776148e-01 1.035534135963075641e+00
3.587480323686744743e-01 1.012343148882429489e+00
3.600891465080713338e-01 1.144951278087376068e+00
3.614302606474681934e-01 1.194732454808224986e+00
3.627713747868649974e-01 1.898551458015056426e+00
3.641124889262618569e-01 1.884721970309648498e+00
3.654536030656587164e-01 1.372080678062381764e+00
3.667947172050555760e-01 1.358909177968797621e+00
3.681358313444524355e-01 1.760344419175680741e+00
3.694769454838492950e-01 1.540977035648552373e+00
3.708180596232460990e-01 1.912534050944124431e+00
3.721591737626429586e-01 1.714568909219465809e+00
3.735002879020398181e-01 1.725149778307034865e+00
3.748414020414366776e-01 1.317515526391687786e+00
3.761825161808335372e-01 1.081936088234314752e+00
3.775236303202303967e-01 8.864202824393814240e-01
3.788647444596272007e-01 1.534121093594905005e+00
3.802058585990240602e-01 1.152587524917628059e+00
3.815469727384209198e-01 1.199287047566777176e+00
3.828880868778177793e-01 1.618612194089138256e+00
3.842292010172146388e-01 1.103473305160171947e+00
3.855703151566114428e-01 1.095285367237266883e+00
3.869114292960083024e-01 9.343227757781065179e-01
3.882525434354051619e-01 7.575784614270233419e-01
3.895936575748020214e-01 4.415314593927917031e-01
3.909347717141988809e-01 4.131294256247173280e-01
3.922758858535957405e-01 6.413657999811093191e-01
3.936169999929926000e-01 9.340464004166690870e-01
3.949581141323894595e-01 2.094420911815859654e-01
3.962992282717863191e-01 6.081284847229184720e-01
3.976403424111831786e-01 1.215539828947925116e+00
3.989814565505800381e-01 7.954415002243706567e-01
4.003225706899768976e-01 3.646985739692141237e-01
4.016636848293737572e-01 5.108432369534767759e-01
4.030047989687706167e-01 8.212818769722503021e-01
4.043459131081674207e-01 5.677497605787920065e-01
4.056870272475643358e-01 7.473700913960996672e-01
4.070281413869611398e-01 6.927535968147466861e-01
4.083692555263580548e-01 6.829369832483251912e-01
4.097103696657548588e-01 6.783624078591188322e-01
4.110514838051517739e-01 8.326906654492276516e-01
4.123925979445485779e-01 9.104307067194881142e-01
4.137337120839453819e-01 8.367143302048916098e-01
4.150748262233422969e-01 5.087043911046933431e-01
4.164159403627391010e-01 4.743469502452839492e-01
4.177570545021360160e-01 5.111012814967850204e-01
4.190981686415328200e-01 4.221425197237209659e-01
4.204392827809296240e-01 2.946575570497245167e-01
4.217803969203265391e-01 8.108123645556162273e-01
4.231215110597233431e-01 8.435983860539479906e-01
4.244626251991202581e-01 6.059465779609567448e-01
4.258037393385170621e-01 8.393764808422616852e-01
4.271448534779138662e-01 1.241199037978155673e+00
4.284859676173107812e-01 9.968996840503976387e-01
4.298270817567075852e-01 1.136365979689458072e+00
4.311681958961045003e-01 1.342720777428873191e+00
4.325093100355013043e-01 1.291880268677097376e+00
4.338504241748981638e-01 7.673848806092422592e-01
4.351915383142950233e-01 8.614032579054367034e-01
4.365326524536918829e-01 1.060152440994706069e+00
4.378737665930887424e-01 1.155996357373624051e+00
4.392148807324856019e-01 8.304980155247889684e-01
4.405559948718824614e-01 8.586024946792818469e-01
4.418971090112793210e-01 1.282110679322997271e+00
4.432382231506761250e-01 1.180416884821589463e+00
4.445793372900730400e-01 8.787607294541075476e-01
4.459204514294698440e-01 5.721940523242636800e-01
4.472615655688667591e-01 8.706326604173284522e-01
4.486026797082635631e-01 1.102813980608075894e+00
4.499437938476603671e-01 1.151411465279402080e+00
4.512849079870572822e-01 8.650896657913591525e-01
4.526260221264540862e-01 8.613859705689037582e-01
4.539671362658510012e-01 1.098138416636402326e+00
4.553082504052478052e-01 1.219834489153342361e+00
4.566493645446446092e-01 7.708398986689672938e-01
4.579904786840415243e-01 2.553368768292543223e-01
4.593315928234383283e-01 5.401287172589448460e-01
4.606727069628352433e-01 7.690456604387065909e-01
4.620138211022320474e-01 7.589583995347481959e-01
4.633549352416289624e-01 5.080959563619842356e-01
4.646960493810257664e-01 5.940907207086638664e-01
4.660371635204225704e-01 9.193800854632101505e-01
4.673782776598194855e-01 1.000130105610217868e+00
4.687193917992162895e-01 1.016455468098051540e+00
4.700605059386132045e-01 8.658821294996315032e-01
4.714016200780100085e-01 7.811119065706222386e-01
4.727427342174068681e-01 4.915703147194676603e-01
4.740838483568037276e-01 4.236191167440139793e-01
4.754249624962005871e-01 7.208591338853338470e-01
4.767660766355974467e-01 4.334960865826786858e-01
4.781071907749943062e-01 3.974313170914527404e-01
4.794483049143911102e-01 4.460384510015202864e-01
4.807894190537880252e-01 5.851117246120693949e-01
4.821305331931848293e-01 7.894501165293874578e-01
4.834716473325817443e-01 5.666805814871196390e-01
4.848127614719785483e-01 6.356448220578556629e-01
4.861538756113753523e-01 6.126249002613448624e-01
4.874949897507722674e-01 7.205522557673944561e-01
4.888361038901690714e-01 8.351567460916697883e-01
4.901772180295659864e-01 5.894783719398475341e-01
4.915183321689627904e-01 4.790079135706406532e-01
4.928594463083597055e-01 5.375716403993990866e-01
4.942005604477565095e-01 5.593747804987643235e-01
4.955416745871533135e-01 4.543998642003188593e-01
4.968827887265502286e-01 3.543282257064888086e-01
4.982239028659470326e-01 1.700457900621685781e-01
4.995650170053439476e-01 5.023196334376791583e-01
5.009061311447408071e-01 3.511294981043846519e-01
5.022472452841375556e-01 1.687704640170224479e-01
5.035883594235345262e-01 6.348168659828914429e-01
5.049294735629312747e-01 5.547336800812630031e-01
5.062705877023282452e-01 6.788848797084909847e-01
5.076117018417249938e-01 8.098131639857300001e-01
5.089528159811218533e-01 6.133665437417619160e-01
5.102939301205187128e-01 4.860994106822431604e-01
5.116350442599155723e-01 5.663744803726160626e-01
5.129761583993124319e-01 5.706244374694691146e-01
5.143172725387092914e-01 2.646013078639413152e-01
5.156583866781061509e-01 9.800016352859586277e-02
5.169995008175030105e-01 1.495551911130590383e-01
5.183406149568997590e-01 4.045038173276935822e-01
5.196817290962967295e-01 6.659293718257188743e-01
5.210228432356934780e-01 7.084220826727900544e-01
5.223639573750904486e-01 7.985369604059044946e-01
5.237050715144871971e-01 6.403569968754112551e-01
5.250461856538840566e-01 6.606904053825388701e-01
5.263872997932809161e-01 8.408656440215978023e-01
5.277284139326777757e-01 8.673523663580766652e-01
5.290695280720746352e-01 7.394066803988295078e-01
5.304106422114714947e-01 7.719856979528216812e-01
5.317517563508683542e-01 8.511675611099818184e-01
5.330928704902652138e-01 8.681387298382787776e-01
5.344339846296620733e-01 7.425903614885172033e-01
5.357750987690589328e-01 5.703594294161646872e-01
5.371162129084557924e-01 9.092659340996718242e-01
5.384573270478525409e-01 9.231766513404409125e-01
5.397984411872495114e-01 8.363635175478094652e-01
5.411395553266462599e-01 9.243546173724084269e-01
5.424806694660432305e-01 8.689321786527415270e-01
5.438217836054399790e-01 7.379496238551155329e-01
5.451628977448369495e-01 6.108847283995260113e-01
5.465040118842336980e-01 7.421073085662328594e-01
5.478451260236305576e-01 6.224734335466663993e-01
5.491862401630274171e-01 6.313987242541116984e-01
5.505273543024242766e-01 5.272544968695882517e-01
5.518684684418211361e-01 3.206449308974583801e-01
5.532095825812179957e-01 3.342067477973387213e-01
5.545506967206147442e-01 5.534423484640100810e-01
5.558918108600117147e-01 7.501514543236211807e-01
5.572329249994084632e-01 5.474128780585871823e-01
5.585740391388054338e-01 6.998245073085342938e-01
5.599151532782021823e-01 5.487955063667868671e-01
5.612562674175990418e-01 6.083405893087032723e-01
5.625973815569959013e-01 6.182867782939069912e-01
5.639384956963927609e-01 7.187148707829535965e-01
5.652796098357896204e-01 7.129161605874188012e-01
5.666207239751864799e-01 4.993513431766913868e-01
5.679618381145833395e-01 3.818454733616150065e-01
5.693029522539801990e-01 1.022702956838088539e-01
5.706440663933770585e-01 1.883985596232449211e-01
5.719851805327739180e-01 2.077079787172095848e-01
5.733262946721707776e-01 0.000000000000000000e+00
5.746674088115676371e-01 1.077069716532008670e-01
5.760085229509644966e-01 2.719902717720188434e-01
5.773496370903612451e-01 3.765294325557277944e-01
5.786907512297582157e-01 6.825043668255972307e-01
5.800318653691549642e-01 4.353130044462005799e-01
5.813729795085519347e-01 4.644292202186761642e-01
5.827140936479486832e-01 6.812093242134196203e-01
5.840552077873455428e-01 5.574439672226603193e-01
5.853963219267424023e-01 4.824498799073495547e-01
5.867374360661392618e-01 4.154866104029366625e-01
5.880785502055361214e-01 4.791792811549839826e-01
5.894196643449329809e-01 6.151643402401489880e-01
5.907607784843297294e-01 5.816845766230755999e-01
5.921018926237266999e-01 6.035265244241401206e-01
5.934430067631234484e-01 4.628661615543876451e-01
5.947841209025204190e-01 5.790743608555928290e-01
5.961252350419171675e-01 4.085663831419523717e-01
5.974663491813141381e-01 2.499029288240492974e-01
5.988074633207108866e-01 3.383712745353619766e-01
