# q (1/Angstrom), Intensity (arb)
2.029070354705860696e-02 0.000000000000000000e+00
2.133125244372399004e-02 1.544494965992100788e+00
2.237180134038937659e-02 1.130315999657284465e+00
2.341235023705475968e-02 3.315226213455559900e+00
2.445289913372014276e-02 3.571975416946145288e+00
2.549344803038552584e-02 2.257730975599244516e+00
2.653399692705091240e-02 3.347182834101531057e+00
2.757454582371629548e-02 3.233329022715352608e+00
2.861509472038167856e-02 1.650683197061908913e+00
2.965564361704706164e-02 1.341952670541544990e+00
3.069619251371244473e-02 1.934037001735418926e+00
3.173674141037782781e-02 2.503069724367776416e+00
3.277729030704321089e-02 2.902515686662930250e+00
3.381783920370859398e-02 3.018959124729207133e+00
3.485838810037397706e-02 2.583525183611982357e+00
3.589893699703936014e-02 2.732332919974183483e+00
3.693948589370474322e-02 3.780402630002214437e+00
3.798003479037012631e-02 3.681879198722562307e+00
3.902058368703550939e-02 3.853194431562215527e+00
4.006113258370089247e-02 3.727374455044582646e+00
4.110168148036627556e-02 3.280013799653289652e+00
4.214223037703165864e-02 3.023261472202094069e+00
4.318277927369704866e-02 3.724046365204863207e+00
4.422332817036243174e-02 4.134773567650618986e+00
4.526387706702781483e-02 4.432562321023134189e+00
4.630442596369319791e-02 4.056430372320797062e+00
4.734497486035858099e-02 4.468135298701774616e+00
4.838552375702396408e-02 4.029646508076488942e+00
4.942607265368934716e-02 3.797146602945545624e+00
5.046662155035473024e-02 4.141367579659767983e+00
5.150717044702011332e-02 4.501585833801964753e+00
5.254771934368549641e-02 4.850796194213145895e+00
5.358826824035087949e-02 4.883601371517489298e+00
5.462881713701626257e-02 4.979533527423210870e+00
5.566936603368164566e-02 5.075598422598311288e+00
5.670991493034702874e-02 5.237436944269724393e+00
5.775046382701241182e-02 5.203754333910801222e+00
5.879101272367779490e-02 4.891077563192624211e+00
5.983156162034317799e-02 4.241181807500968404e+00
6.087211051700856107e-02 4.368842703921441029e+00
6.191265941367394415e-02 4.423444866429520062e+00
6.295320831033933417e-02 4.822529137985672065e+00
6.399375720700471726e-02 4.841714508991632471e+00
6.503430610367010034e-02 4.860706390675790800e+00
6.607485500033548342e-02 4.648818489603545601e+00
6.711540389700086651e-02 4.844303419866584193e+00
6.815595279366624959e-02 4.627721666775101994e+00
6.919650169033163267e-02 5.003762661026570413e+00
7.023705058699701576e-02 5.558494991519712158e+00
7.127759948366239884e-02 5.190907608729972367e+00
7.231814838032778192e-02 4.557072425097558721e+00
7.335869727699316500e-02 4.709251724954565788e+00
7.439924617365854809e-02 5.348559303691661881e+00
7.543979507032393117e-02 5.237591711106858838e+00
7.648034396698931425e-02 4.377963891927905138e+00
7.752089286365469734e-02 4.270988956622584709e+00
7.856144176032008042e-02 4.404506261337978401e+00
7.960199065698546350e-02 4.964193026022723387e+00
8.064253955365084658e-02 5.031119103909638568e+00
8.168308845031622967e-02 4.730826556439748032e+00
8.272363734698161275e-02 4.420384089621141044e+00
8.376418624364699583e-02 4.529035680156688670e+00
8.480473514031239279e-02 5.067576591988579793e+00
8.584528403697777588e-02 4.699412932839059920e+00
8.688583293364315896e-02 4.516808105606685331e+00
8.792638183030854204e-02 4.617653478942472134e+00
8.896693072697392513e-02 4.691593762657490174e+00
9.000747962363930821e-02 4.467553991072986008e+00
9.104802852030469129e-02 4.695605403975903869e+00
9.208857741697007437e-02 4.750288935749811259e+00
9.312912631363545746e-02 4.718367479155972433e+00
9.416967521030084054e-02 4.821405268063099214e+00
9.521022410696622362e-02 4.604324808665122504e+00
9.625077300363160671e-02 4.483515771025444963e+00
9.729132190029698979e-02 4.299613041225541110e+00
9.833187079696237287e-02 4.504876584953326102e+00
9.937241969362775595e-02 4.702660837005190331e+00
1.004129685902931390e-01 4.478275527788664334e+00
1.014535174869585221e-01 4.737850651284514214e+00
1.024940663836239052e-01 4.958356821416561644e+00
1.035346152802892883e-01 4.889489712253816123e+00
1.045751641769546714e-01 4.307708984279432940e+00
1.056157130736200545e-01 4.494718644828946452e+00
1.066562619702854375e-01 5.177438829722454727e+00
1.076968108669508206e-01 4.898900409373858622e+00
1.087373597636162037e-01 4.434477725575604268e+00
1.097779086602815868e-01 4.266784146560191004e+00
1.108184575569469699e-01 4.462971030185801879e+00
1.118590064536123529e-01 4.841214964096273832e+00
1.128995553502777360e-01 4.856385036321761106e+00
1.139401042469431191e-01 4.872916930935794255e+00
1.149806531436085022e-01 5.059840510801642210e+00
1.160212020402738853e-01 5.296017338731545010e+00
1.170617509369392684e-01 5.188243473635495207e+00
1.181022998336046514e-01 4.922074554749944042e+00
1.191428487302700345e-01 4.859510315434981464e+00
1.201833976269354176e-01 4.799722862523296385e+00
1.212239465236008007e-01 5.007903705574221931e+00
1.222644954202661838e-01 5.040658934030620486e+00
1.233050443169315669e-01 4.702576191603650813e+00
1.243455932135969499e-01 4.662048696307657281e+00
1.253861421102623330e-01 4.954487286713913363e+00
1.264266910069277161e-01 4.868657623262198086e+00
1.274672399035930992e-01 4.751021213350160366e+00
1.285077888002584823e-01 4.678187134542781678e+00
1.295483376969238654e-01 4.747560243046532236e+00
1.305888865935892484e-01 4.408945199374386448e+00
1.316294354902546315e-01 4.944707848838849173e+00
1.326699843869200146e-01 4.741331670623971206e+00
1.337105332835853977e-01 4.595504228049478002e+00
1.347510821802507808e-01 4.456767180558092178e+00
1.357916310769161639e-01 4.607216024079200167e+00
1.368321799735815469e-01 4.167021273190677277e+00
1.378727288702469300e-01 4.384648147970036547e+00
1.389132777669123131e-01 4.622375380430764125e+00
1.399538266635776962e-01 4.772314610760190590e+00
1.409943755602430793e-01 4.872672993754285642e+00
1.420349244569084624e-01 5.081819730455624295e+00
1.430754733535738454e-01 5.194930118812273179e+00
1.441160222502392285e-01 4.995739031368174210e+00
1.451565711469046116e-01 4.922558305037487258e+00
1.461971200435699947e-01 4.991925666368334902e+00
1.472376689402353778e-01 5.054207419559197945e+00
1.482782178369007609e-01 5.303999971705511740e+00
1.493187667335661439e-01 5.009375283059707584e+00
1.503593156302315270e-01 4.746924533100429500e+00
1.513998645268969101e-01 4.831414697446742679e+00
1.524404134235622932e-01 4.901046991460688673e+00
1.534809623202276763e-01 4.984392233628426538e+00
1.545215112168930593e-01 4.847729896198135435e+00
1.555620601135584424e-01 5.180215839191109950e+00
1.566026090102238255e-01 4.922688817799567573e+00
1.576431579068892086e-01 4.721554863224383780e+00
1.586837068035545917e-01 4.697152733697969040e+00
1.597242557002199748e-01 4.930896011484023234e+00
1.607648045968853578e-01 5.282071642469322370e+00
1.618053534935507409e-01 5.176021754707520017e+00
1.628459023902161240e-01 4.796565315612049574e+00
1.638864512868815071e-01 4.882256930907065140e+00
1.649270001835468902e-01 4.752458382685865956e+00
1.659675490802122733e-01 4.484004036682218697e+00
1.670080979768776563e-01 4.571292193201188070e+00
1.680486468735430672e-01 5.189212217092372015e+00
1.690891957702084503e-01 4.949930048289395756e+00
1.701297446668738333e-01 4.884154755978759255e+00
1.711702935635392164e-01 4.511810054943513393e+00
1.722108424602045995e-01 4.509955729675606761e+00
1.732513913568699826e-01 4.656062582866834276e+00
1.742919402535353657e-01 4.648797831504399625e+00
1.753324891502007488e-01 4.598825602495029585e+00
1.763730380468661318e-01 4.882700079865518461e+00
1.774135869435315149e-01 4.885481508711308152e+00
1.784541358401968980e-01 4.568108078208069855e+00
1.794946847368622811e-01 4.776281480770965260e+00
1.805352336335276642e-01 4.726133369882234092e+00
1.815757825301930473e-01 4.659270974291576550e+00
1.826163314268584303e-01 4.619185687398982054e+00
1.836568803235238134e-01 4.691139870268226986e+00
1.846974292201891965e-01 4.710012097264204556e+00
1.857379781168545796e-01 4.739720724388675421e+00
1.867785270135199627e-01 4.682638510324871106e+00
1.878190759101853458e-01 4.606491954698377356e+00
1.888596248068507288e-01 4.365663791203459709e+00
1.899001737035161119e-01 4.243364085944129727e+00
1.909407226001814950e-01 4.484502656925016595e+00
1.919812714968468781e-01 4.605424368629957854e+00
1.930218203935122612e-01 4.907993392121227316e+00
1.940623692901776443e-01 4.767854099827317782e+00
1.951029181868430273e-01 5.001351172321623295e+00
1.961434670835084104e-01 4.998070347228413368e+00
1.971840159801737935e-01 4.895185537385373209e+00
1.982245648768391766e-01 4.597593903841719509e+00
1.992651137735045597e-01 4.584880185779091732e+00
2.003056626701699428e-01 4.605271447195669055e+00
2.013462115668353813e-01 4.520930786864401085e+00
2.023867604635007644e-01 4.603078763753153169e+00
2.034273093601661475e-01 4.695359719770031859e+00
2.044678582568315306e-01 4.591833619029547009e+00
2.055084071534969137e-01 4.450929451975877527e+00
2.065489560501622968e-01 4.767484463950516727e+00
2.075895049468276798e-01 4.775453070029730185e+00
2.086300538434930629e-01 4.515866075923050005e+00
2.096706027401584460e-01 4.510538019994378089e+00
2.107111516368238291e-01 4.312933415646487134e+00
2.117517005334892122e-01 4.578694117499221505e+00
2.127922494301545953e-01 4.623509327879446573e+00
2.138327983268199783e-01 4.563705847065435250e+00
2.148733472234853614e-01 4.506304130629946059e+00
2.159138961201507445e-01 4.817836561075473867e+00
2.169544450168161276e-01 5.148837568273528120e+00
2.179949939134815107e-01 5.101039380866136952e+00
2.190355428101468938e-01 4.576915752464309151e+00
2.200760917068122768e-01 4.417195037109394207e+00
2.211166406034776599e-01 4.679200227891449515e+00
2.221571895001430430e-01 4.655931719923007250e+00
2.231977383968084261e-01 4.437679910091571145e+00
2.242382872934738092e-01 4.887302995459027244e+00
2.252788361901391923e-01 4.868048704144730010e+00
2.263193850868045753e-01 4.915195522323887900e+00
2.273599339834699584e-01 4.755905257067404079e+00
2.284004828801353415e-01 4.614098957797789780e+00
2.294410317768007246e-01 4.598054183968621089e+00
2.304815806734661077e-01 4.746461449370062979e+00
2.315221295701314908e-01 4.798584112082682651e+00
2.325626784667968738e-01 4.487718373073036560e+00
2.336032273634622569e-01 4.702407873682854955e+00
2.346437762601276400e-01 4.716322701654846128e+00
2.356843251567930231e-01 4.697309894195846880e+00
2.367248740534584062e-01 4.848385278066885462e+00
2.377654229501237892e-01 4.772338406547380174e+00
2.388059718467891723e-01 4.499126152886869789e+00
2.398465207434545554e-01 4.611683249533694351e+00
2.408870696401199385e-01 4.579769506687132008e+00
2.419276185367853216e-01 4.354106463081667044e+00
2.429681674334507047e-01 4.321189178133266751e+00
2.440087163301160877e-01 4.498301085130368193e+00
2.450492652267814708e-01 4.446654937270512420e+00
2.460898141234468539e-01 4.412573728891462821e+00
2.471303630201122370e-01 4.786829093811402203e+00
2.481709119167776201e-01 4.695995866711797362e+00
2.492114608134430032e-01 4.333044474785491929e+00
2.502520097101083585e-01 4.425805076472151711e+00
2.512925586067737416e-01 4.356560652087232199e+00
2.523331075034391247e-01 4.492121168757272187e+00
2.533736564001045077e-01 4.340393408215717841e+00
2.544142052967698908e-01 4.358796186485928814e+00
2.554547541934352739e-01 4.337354175066447937e+00
2.564953030901006570e-01 4.215104729098445802e+00
2.575358519867660401e-01 4.313463837462020223e+00
2.585764008834314231e-01 4.541005476610834535e+00
2.596169497800968062e-01 4.592791162013369899e+00
2.606574986767621893e-01 4.799485396306444329e+00
2.616980475734275724e-01 4.646621588419712623e+00
2.627385964700929555e-01 4.559274030308397840e+00
2.637791453667583386e-01 4.565563997496667525e+00
2.648196942634237216e-01 4.666735569351121882e+00
2.658602431600891047e-01 4.500530586240390818e+00
2.669007920567544878e-01 4.595305437293763617e+00
2.679413409534198709e-01 4.365452815047881074e+00
2.689818898500852540e-01 4.384878990020968814e+00
2.700224387467506371e-01 4.537082147737752535e+00
2.710629876434160201e-01 4.335797261918660439e+00
2.721035365400814032e-01 4.319416811994877037e+00
2.731440854367467863e-01 4.671624287285808919e+00
2.741846343334121694e-01 4.489352864288349565e+00
2.752251832300775525e-01 4.062553039661619181e+00
2.762657321267429356e-01 4.081529561882874191e+00
2.773062810234083186e-01 4.202051562525568329e+00
2.783468299200737017e-01 4.107218139436437099e+00
2.793873788167390848e-01 4.180685685249358130e+00
2.804279277134044679e-01 4.405587594010746955e+00
2.814684766100698510e-01 4.282776108952802474e+00
2.825090255067352341e-01 4.274565599182938769e+00
2.835495744034006171e-01 4.194514399783333403e+00
2.845901233000660002e-01 4.250899083909054355e+00
2.856306721967313833e-01 4.358429459144300466e+00
2.866712210933967664e-01 4.310869016263367826e+00
2.877117699900621495e-01 4.152445129163140791e+00
2.887523188867275326e-01 4.349767972864437837e+00
2.897928677833929156e-01 4.370649227536144821e+00
2.908334166800582987e-01 4.359907345519395960e+00
2.918739655767236818e-01 4.179460456373600863e+00
2.929145144733890649e-01 4.193678963027764439e+00
2.939550633700544480e-01 4.114826584610977278e+00
2.949956122667198311e-01 4.097333733728206084e+00
2.960361611633852141e-01 4.085179629212973396e+00
2.970767100600505972e-01 4.295684605135907219e+00
2.981172589567159803e-01 4.356135228960109629e+00
2.991578078533813634e-01 4.164425079262446872e+00
3.001983567500468020e-01 4.142309871618426342e+00
3.012389056467121851e-01 4.264550175979547220e+00
3.022794545433775681e-01 4.286690969139822727e+00
3.033200034400429512e-01 4.126801666023105497e+00
3.043605523367083343e-01 4.047375555994040752e+00
3.054011012333737174e-01 3.945156465610054397e+00
3.064416501300391005e-01 4.192678711165807925e+00
3.074821990267044836e-01 4.245654396670442310e+00
3.085227479233698666e-01 3.842571439237232767e+00
3.095632968200352497e-01 3.681124627312545528e+00
3.106038457167006328e-01 3.798671883759290324e+00
3.116443946133660159e-01 3.886744944238600397e+00
3.126849435100313990e-01 3.929470548267637753e+00
3.137254924066967821e-01 3.942857933035128326e+00
3.147660413033621651e-01 4.444054768242722275e+00
3.158065902000275482e-01 4.530844974352273624e+00
3.168471390966929313e-01 4.380536806912388670e+00
3.178876879933583144e-01 4.123796269901561118e+00
3.189282368900236975e-01 3.940880133604931501e+00
3.199687857866890806e-01 3.942655283218520879e+00
3.210093346833544636e-01 4.059409956364437022e+00
3.220498835800198467e-01 3.838183619959092852e+00
3.230904324766852298e-01 3.873113846499819601e+00
3.241309813733506129e-01 3.815046733345557328e+00
3.251715302700159960e-01 3.986614551568560927e+00
3.262120791666813790e-01 4.115059895663037537e+00
3.272526280633467621e-01 3.953491917165379732e+00
3.282931769600121452e-01 4.102172255433323755e+00
3.293337258566775283e-01 4.111326613966216570e+00
3.303742747533429114e-01 3.867169719023610952e+00
3.314148236500082945e-01 3.744310981592462895e+00
3.324553725466736775e-01 3.894029792002577040e+00
3.334959214433390606e-01 3.918973653533448953e+00
3.345364703400044437e-01 3.844616623012896639e+00
3.355770192366698268e-01 3.854241641247149630e+00
3.366175681333352099e-01 3.804460671707595054e+00
3.376581170300005930e-01 4.045707647608704605e+00
3.386986659266659760e-01 4.134187271305115985e+00
3.397392148233313591e-01 3.962110067973654282e+00
3.407797637199967422e-01 3.792260025872650431e+00
3.418203126166621253e-01 3.816904385333590000e+00
3.428608615133275084e-01 3.796855094717816570e+00
3.439014104099928915e-01 3.965938282138864679e+00
3.449419593066582745e-01 4.093972946028411997e+00
3.459825082033236576e-01 3.850711821280402347e+00
3.470230570999890407e-01 3.901619719861329827e+00
3.480636059966544238e-01 3.904640788940422880e+00
3.491041548933198069e-01 3.896519569193337418e+00
3.501447037899851900e-01 3.801039039102430905e+00
3.511852526866505730e-01 3.804677983756146631e+00
3.522258015833159561e-01 3.776714341656315810e+00
3.532663504799813392e-01 3.855944836189962643e+00
3.543068993766467223e-01 3.916644333673506395e+00
3.553474482733121054e-01 3.821202675893360379e+00
3.563879971699774885e-01 3.621775644267891892e+00
3.574285460666428715e-01 3.624465323143603257e+00
3.584690949633082546e-01 3.812984237875756577e+00
3.595096438599736377e-01 3.735601194909769163e+00
3.605501927566390208e-01 3.706257870125547527e+00
3.615907416533044039e-01 3.838108599977982038e+00
3.626312905499697870e-01 3.914734818318745369e+00
3.636718394466351700e-01 3.699722588193260719e+00
3.647123883433005531e-01 3.285554878073131846e+00
3.657529372399659362e-01 3.489240364035826047e+00
3.667934861366313193e-01 3.711390442710893467e+00
3.678340350332967024e-01 3.696836747188626759e+00
3.688745839299620854e-01 3.568985853880040082e+00
3.699151328266274685e-01 3.568215748161307488e+00
3.709556817232928516e-01 3.456555955307909045e+00
3.719962306199582347e-01 3.410575403030190245e+00
3.730367795166236178e-01 3.495463900911186528e+00
3.740773284132890009e-01 3.659366928785978246e+00
3.751178773099543839e-01 3.707274732497612746e+00
3.761584262066197670e-01 3.528279801399001769e+00
3.771989751032851501e-01 3.610587014467494527e+00
3.782395239999505332e-01 3.666014118515885656e+00
3.792800728966159163e-01 3.525196108543720896e+00
3.803206217932812994e-01 3.453971888352793229e+00
3.813611706899466824e-01 3.618399822334289695e+00
3.824017195866120655e-01 3.581059747797876724e+00
3.834422684832774486e-01 3.880605441197619854e+00
3.844828173799428317e-01 3.713919897348723964e+00
3.855233662766082148e-01 3.590380803099169071e+00
3.865639151732735979e-01 3.510670036921233361e+00
3.876044640699389809e-01 3.560550216528188372e+00
3.886450129666043640e-01 3.560714559381931821e+00
3.896855618632697471e-01 3.574677587327567352e+00
3.907261107599351302e-01 3.599663412863137069e+00
3.917666596566005133e-01 3.625014033377677691e+00
3.928072085532658964e-01 3.505276584759947411e+00
3.938477574499312794e-01 3.515561987070167760e+00
3.948883063465966625e-01 3.716830020424620074e+00
3.959288552432620456e-01 3.560895337314754272e+00
3.969694041399274287e-01 3.366883554710970117e+00
3.980099530365928118e-01 3.701096728008185011e+00
3.990505019332581949e-01 3.641551088180694506e+00
4.000910508299235779e-01 3.419657834586146805e+00
4.011315997265889610e-01 3.422750183638004984e+00
4.021721486232543441e-01 3.523990002080591211e+00
4.032126975199197272e-01 3.325833876039013148e+00
4.042532464165851103e-01 3.429308377176848666e+00
4.052937953132504934e-01 3.754536379942084778e+00
4.063343442099158764e-01 3.635651858627809929e+00
4.073748931065812595e-01 3.367989040621992558e+00
4.084154420032466426e-01 3.344175291584228660e+00
4.094559908999120257e-01 3.225981461399001660e+00
4.104965397965774088e-01 3.281114182204103003e+00
4.115370886932427918e-01 3.385650937156562179e+00
4.125776375899081749e-01 3.388314007195212696e+00
4.136181864865735580e-01 3.360100313527734528e+00
4.146587353832389411e-01 3.374998752586023443e+00
4.156992842799043242e-01 3.430199780970401235e+00
4.167398331765697073e-01 3.286301274439413334e+00
4.177803820732350903e-01 3.227651677449660639e+00
4.188209309699004734e-01 3.286489439552951808e+00
4.198614798665658565e-01 3.310134814126438840e+00
4.209020287632312396e-01 3.345304505701491848e+00
4.219425776598966227e-01 3.544378471152658250e+00
4.229831265565620058e-01 3.547395474311965557e+00
4.240236754532273888e-01 3.433964092647631361e+00
4.250642243498927719e-01 3.327686262027704345e+00
4.261047732465581550e-01 3.353064952147281730e+00
4.271453221432235381e-01 3.190927440749710797e+00
4.281858710398889212e-01 3.170049687549656880e+00
4.292264199365543043e-01 3.294565884818403845e+00
4.302669688332196873e-01 3.286684741033127466e+00
4.313075177298850704e-01 3.351271408458824652e+00
4.323480666265504535e-01 3.271850148532180924e+00
4.333886155232158366e-01 3.107640690983309639e+00
4.344291644198812197e-01 3.074096410442688665e+00
4.354697133165466028e-01 3.253263897971759633e+00
4.365102622132119858e-01 3.237369297526093703e+00
4.375508111098773689e-01 3.214558826166090455e+00
4.385913600065427520e-01 3.236006913241627814e+00
4.396319089032081351e-01 3.264215542902810796e+00
4.406724577998735182e-01 3.212925004077426649e+00
4.417130066965389013e-01 3.563523211676294267e+00
4.427535555932042843e-01 3.679448259880590655e+00
4.437941044898696674e-01 3.220025107848616841e+00
4.448346533865350505e-01 3.243999904703894543e+00
4.458752022832004336e-01 3.186438244584685719e+00
4.469157511798658167e-01 3.106102703657811048e+00
4.479563000765311997e-01 3.160040407041538657e+00
4.489968489731965828e-01 3.160712515010807522e+00
4.500373978698619659e-01 3.185666352147517699e+00
4.510779467665273490e-01 3.197005666081281561e+00
4.521184956631927321e-01 3.154522460345191348e+00
4.531590445598581152e-01 3.079331424737468126e+00
4.541995934565234982e-01 2.908401387095324253e+00
4.552401423531888813e-01 2.889860495599432255e+00
4.562806912498542644e-01 3.009967137041286378e+00
4.573212401465196475e-01 3.067462643732344674e+00
4.583617890431850306e-01 3.048307348139005057e+00
4.594023379398504137e-01 3.078680065119417719e+00
4.604428868365157967e-01 3.128009938254766809e+00
4.614834357331811798e-01 3.097261093988858960e+00
4.625239846298465629e-01 3.232532771035696584e+00
4.635645335265119460e-01 2.927625246570478623e+00
4.646050824231773291e-01 3.052853839263768521e+00
4.656456313198427122e-01 3.154784167786271354e+00
4.666861802165080952e-01 3.179963382441638231e+00
4.677267291131734783e-01 3.171258986871901442e+00
4.687672780098388614e-01 3.033994535524158209e+00
4.698078269065042445e-01 3.013825343552227309e+00
4.708483758031696276e-01 2.991222985566558634e+00
4.718889246998350107e-01 2.975517063671016871e+00
4.729294735965003937e-01 3.037886790074331600e+00
4.739700224931657768e-01 3.167395263254114468e+00
4.750105713898311599e-01 3.026498459408340835e+00
4.760511202864965430e-01 3.178629048483323061e+00
4.770916691831619261e-01 3.055181898513058769e+00
4.781322180798273092e-01 2.931479471802926895e+00
4.791727669764926922e-01 3.047539001838671879e+00
4.802133158731580753e-01 2.997710760272731534e+00
4.812538647698234584e-01 2.910852112197414243e+00
4.822944136664888415e-01 2.999978923757353755e+00
4.833349625631542246e-01 2.943763328085658770e+00
4.843755114598196077e-01 2.868174392153690633e+00
4.854160603564849907e-01 3.015774281997366302e+00
4.864566092531503738e-01 3.184967764055937067e+00
4.874971581498157569e-01 3.017763562302782532e+00
4.885377070464811400e-01 2.953150074380310741e+00
4.895782559431465231e-01 2.952034871143951023e+00
4.906188048398119061e-01 3.079759925046733571e+00
4.916593537364772892e-01 3.080101070510217198e+00
4.926999026331426723e-01 3.054319109638061747e+00
4.937404515298080554e-01 2.932530287664452118e+00
4.947810004264734385e-01 2.939032098884503341e+00
4.958215493231388216e-01 2.893273026554322058e+00
4.968620982198042046e-01 3.130171250254466742e+00
4.979026471164695877e-01 3.055615480474582313e+00
4.989431960131349708e-01 2.749079327392365713e+00
4.999837449098003539e-01 2.854731390824202464e+00
5.010242938064657370e-01 2.975394697465944205e+00
5.020648427031311201e-01 2.903271868621100538e+00
5.031053915997965031e-01 3.036917645409527466e+00
5.041459404964618862e-01 2.835055191923661511e+00
5.051864893931272693e-01 2.798547237067012361e+00
5.062270382897926524e-01 2.887546644635406778e+00
5.072675871864580355e-01 2.832293688377777841e+00
5.083081360831234186e-01 2.881549300303984040e+00
5.093486849797888016e-01 3.027571213638129421e+00
5.103892338764541847e-01 2.988162592843590204e+00
5.114297827731195678e-01 2.944886621461929366e+00
5.124703316697849509e-01 3.046546810584221276e+00
5.135108805664503340e-01 3.154865441130727532e+00
5.145514294631157171e-01 3.112268188847700401e+00
5.155919783597811001e-01 2.838737425601717490e+00
5.166325272564464832e-01 2.979645598036345433e+00
5.176730761531118663e-01 3.008938159509796151e+00
5.187136250497772494e-01 2.951006870158458639e+00
5.197541739464426325e-01 3.011984504996384260e+00
5.207947228431080156e-01 3.040322787156974016e+00
5.218352717397733986e-01 2.969279236392043941e+00
5.228758206364387817e-01 3.010374247060553898e+00
5.239163695331041648e-01 2.858008541408022296e+00
5.249569184297695479e-01 2.961493320351625158e+00
5.259974673264349310e-01 3.105173873978340993e+00
5.270380162231003141e-01 2.937495066300328972e+00
5.280785651197656971e-01 2.668286676095387833e+00
5.291191140164310802e-01 2.827082301124061559e+00
5.301596629130964633e-01 3.033937585652331848e+00
5.312002118097618464e-01 2.990759494186796985e+00
5.322407607064272295e-01 2.906740645674609880e+00
5.332813096030926125e-01 2.839584457633375081e+00
5.343218584997581067e-01 2.822658426116653629e+00
5.353624073964233787e-01 2.769870950053423542e+00
5.364029562930888728e-01 2.703728666878891573e+00
5.374435051897541449e-01 2.805771077657126966e+00
5.384840540864196390e-01 2.687264423899534904e+00
5.395246029830849110e-01 2.793198301419788976e+00
5.405651518797504052e-01 2.853393363001615057e+00
5.416057007764156772e-01 2.943319864234538841e+00
5.426462496730811713e-01 2.869730727265711323e+00
5.436867985697464434e-01 2.701286634539371789e+00
5.447273474664119375e-01 3.065012793548991255e+00
5.457678963630772095e-01 3.150829342151116208e+00
5.468084452597427036e-01 2.747804746878863114e+00
5.478489941564079757e-01 2.697601715786547061e+00
5.488895430530734698e-01 2.774507903933741915e+00
5.499300919497387419e-01 2.781652807367215985e+00
5.509706408464042360e-01 2.771025756392972994e+00
5.520111897430695080e-01 2.678865652723303015e+00
5.530517386397350021e-01 2.656326606582045002e+00
5.540922875364002742e-01 2.765551242991552527e+00
5.551328364330657683e-01 2.789285611700115908e+00
5.561733853297310404e-01 2.717196552758029071e+00
5.572139342263965345e-01 2.691100357738168469e+00
5.582544831230618065e-01 2.658901917962356976e+00
5.592950320197273006e-01 2.725973362761234142e+00
5.603355809163925727e-01 2.736190990538048595e+00
5.613761298130580668e-01 2.542873797920286449e+00
5.624166787097233389e-01 2.560350576230678854e+00
5.634572276063888330e-01 2.542571221460192987e+00
5.644977765030541050e-01 2.596325584209587589e+00
5.655383253997195991e-01 2.640175934510875067e+00
5.665788742963848712e-01 2.668669368828251010e+00
5.676194231930503653e-01 2.646158298979351287e+00
5.686599720897156374e-01 2.792343638644346981e+00
5.697005209863811315e-01 3.011005085716472962e+00
5.707410698830464035e-01 2.915919022994238219e+00
5.717816187797118976e-01 2.910631488107149778e+00
5.728221676763771697e-01 2.795747401289833789e+00
5.738627165730426638e-01 2.651583750010441776e+00
5.749032654697079359e-01 2.644531271707137421e+00
5.759438143663734300e-01 2.491474338176143277e+00
5.769843632630387020e-01 2.601996566132708466e+00
5.780249121597041961e-01 2.593451398076197734e+00
5.790654610563694682e-01 2.653648554382648683e+00
5.801060099530349623e-01 2.728772069380841714e+00
5.811465588497002344e-01 2.513641226052513389e+00
5.821871077463657285e-01 2.368633258475583148e+00
5.832276566430310005e-01 2.364390843046852098e+00
5.842682055396964946e-01 2.413529134864152326e+00
5.853087544363617667e-01 2.533767878878371960e+00
5.863493033330272608e-01 2.564588373833053936e+00
5.873898522296925329e-01 2.554966307297902972e+00
5.884304011263580270e-01 2.639873370900392757e+00
5.894709500230232990e-01 2.547424592465201698e+00
5.905114989196887931e-01 2.589161470038160218e+00
5.915520478163540652e-01 2.577653629223611631e+00
5.925925967130195593e-01 2.358358150182091606e+00
5.936331456096848314e-01 2.228122352658086669e+00
5.946736945063503255e-01 2.350301571386644639e+00
5.957142434030155975e-01 2.530556418021568277e+00
5.967547922996810916e-01 2.543082771994988889e+00
5.977953411963463637e-01 2.718283045946943588e+00
5.988358900930118578e-01 2.671445185044497350e+00
5.998764389896771299e-01 2.504235151274354365e+00
