# q (1/Angstrom), Intensity (arb)
2.029070354705860696e-02 5.596495794560502191e+01
2.133125244372399004e-02 6.076833207026427885e+01
2.237180134038937659e-02 6.321755010094878457e+01
2.341235023705475968e-02 6.351114357857579762e+01
2.445289913372014276e-02 6.504566971325783697e+01
2.549344803038552584e-02 6.416223406786636474e+01
2.653399692705091240e-02 6.474378472635820003e+01
2.757454582371629548e-02 6.334350015580045579e+01
2.861509472038167856e-02 6.300664825532577140e+01
2.965564361704706164e-02 6.236649403681960280e+01
3.069619251371244473e-02 6.164977158289106285e+01
3.173674141037782781e-02 6.202340097154782939e+01
3.277729030704321089e-02 6.186195473055947502e+01
3.381783920370859398e-02 6.134149494906262134e+01
3.485838810037397706e-02 6.145458376213232299e+01
3.589893699703936014e-02 6.263225786787418770e+01
3.693948589370474322e-02 6.023801855555812779e+01
3.798003479037012631e-02 5.990571273099164529e+01
3.902058368703550939e-02 5.926920294343690898e+01
4.006113258370089247e-02 5.962231473624765954e+01
4.110168148036627556e-02 5.916734482667175143e+01
4.214223037703165864e-02 5.977239584622237345e+01
4.318277927369704866e-02 5.762848119632080568e+01
4.422332817036243174e-02 5.534684408460948646e+01
4.526387706702781483e-02 5.616749992288539772e+01
4.630442596369319791e-02 5.594480527632662614e+01
4.734497486035858099e-02 5.601823714905383866e+01
4.838552375702396408e-02 5.548809266211561919e+01
4.942607265368934716e-02 5.521863673172884290e+01
5.046662155035473024e-02 5.455801790121520156e+01
5.150717044702011332e-02 5.340304368879412067e+01
5.254771934368549641e-02 5.302199323561186617e+01
5.358826824035087949e-02 5.259781195266823062e+01
5.462881713701626257e-02 5.100678050840406996e+01
5.566936603368164566e-02 5.052536519635653889e+01
5.670991493034702874e-02 5.147552245163465301e+01
5.775046382701241182e-02 5.026356331422718426e+01
5.879101272367779490e-02 4.857374170509847744e+01
5.983156162034317799e-02 4.713008840504800645e+01
6.087211051700856107e-02 4.722548528256338329e+01
6.191265941367394415e-02 4.641545172347918680e+01
6.295320831033933417e-02 4.525880535653634951e+01
6.399375720700471726e-02 4.475710306816409911e+01
6.503430610367010034e-02 4.412578062934490220e+01
6.607485500033548342e-02 4.300898482444659265e+01
6.711540389700086651e-02 4.194588228460598600e+01
6.815595279366624959e-02 4.070695034179070149e+01
6.919650169033163267e-02 4.034272067246796922e+01
7.023705058699701576e-02 4.025065877473574716e+01
7.127759948366239884e-02 4.021860419010694443e+01
7.231814838032778192e-02 3.893141383612396567e+01
7.335869727699316500e-02 3.820021554742986325e+01
7.439924617365854809e-02 3.771795220037657970e+01
7.543979507032393117e-02 3.712015618241634485e+01
7.648034396698931425e-02 3.620563896392953041e+01
7.752089286365469734e-02 3.484252392508881258e+01
7.856144176032008042e-02 3.374824560345182789e+01
7.960199065698546350e-02 3.303710351958300606e+01
8.064253955365084658e-02 3.241724037180551221e+01
8.168308845031622967e-02 3.248824775027110690e+01
8.272363734698161275e-02 3.154497936412578696e+01
8.376418624364699583e-02 3.092251075713620878e+01
8.480473514031239279e-02 3.047072019396192388e+01
8.584528403697777588e-02 3.009961125436918650e+01
8.688583293364315896e-02 2.924721527929328602e+01
8.792638183030854204e-02 2.835631640458665004e+01
8.896693072697392513e-02 2.823256351670318054e+01
9.000747962363930821e-02 2.784769141284004235e+01
9.104802852030469129e-02 2.748872853172353814e+01
9.208857741697007437e-02 2.684219385919826095e+01
9.312912631363545746e-02 2.642208313766067818e+01
9.416967521030084054e-02 2.615469317938063654e+01
9.521022410696622362e-02 2.514428191851569494e+01
9.625077300363160671e-02 2.458517736286799504e+01
9.729132190029698979e-02 2.469392136451861575e+01
9.833187079696237287e-02 2.492127923745024276e+01
9.937241969362775595e-02 2.435395273260322568e+01
1.004129685902931390e-01 2.398271112310359854e+01
1.014535174869585221e-01 2.353763187745260410e+01
1.024940663836239052e-01 2.333051792089781884e+01
1.035346152802892883e-01 2.391672903757923763e+01
1.045751641769546714e-01 2.418127469929519435e+01
1.056157130736200545e-01 2.365483973757679337e+01
1.066562619702854375e-01 2.375461929784942328e+01
1.076968108669508206e-01 2.364434308531937745e+01
1.087373597636162037e-01 2.363304833087057233e+01
1.097779086602815868e-01 2.199528807060816149e+01
1.108184575569469699e-01 2.064398450928378281e+01
1.118590064536123529e-01 1.969871001034323399e+01
1.128995553502777360e-01 1.803698656264536027e+01
1.139401042469431191e-01 1.680324788088388033e+01
1.149806531436085022e-01 1.602296932316332345e+01
1.160212020402738853e-01 1.530101449219766607e+01
1.170617509369392684e-01 1.502423363372454190e+01
1.181022998336046514e-01 1.434873000746411265e+01
1.191428487302700345e-01 1.324149322959377884e+01
1.201833976269354176e-01 1.238098560878121646e+01
1.212239465236008007e-01 1.169174423396820828e+01
1.222644954202661838e-01 1.118989206749829179e+01
1.233050443169315669e-01 1.081874192430787218e+01
1.243455932135969499e-01 1.063952168479540461e+01
1.253861421102623330e-01 1.011412145829429221e+01
1.264266910069277161e-01 9.564377432074920193e+00
1.274672399035930992e-01 9.371110648436570045e+00
1.285077888002584823e-01 8.710366260447528930e+00
1.295483376969238654e-01 8.418062925184404577e+00
1.305888865935892484e-01 7.884978663276342559e+00
1.316294354902546315e-01 7.763258151922912020e+00
1.326699843869200146e-01 7.075744892177553425e+00
1.337105332835853977e-01 6.882905906822514908e+00
1.347510821802507808e-01 6.743754891410294050e+00
1.357916310769161639e-01 6.430244678527863300e+00
1.368321799735815469e-01 5.871890031044181057e+00
1.378727288702469300e-01 5.937149097944935505e+00
1.389132777669123131e-01 6.032404218371041793e+00
1.399538266635776962e-01 5.747290144437833703e+00
1.409943755602430793e-01 5.246616764564208779e+00
1.420349244569084624e-01 5.198835351977511010e+00
1.430754733535738454e-01 4.665249102382610147e+00
1.441160222502392285e-01 4.624064609998249864e+00
1.451565711469046116e-01 4.874255706871966964e+00
1.461971200435699947e-01 4.702360399709430538e+00
1.472376689402353778e-01 4.582681612606595678e+00
1.482782178369007609e-01 4.253325736180389782e+00
1.493187667335661439e-01 3.921042641219429470e+00
1.503593156302315270e-01 3.611554568259538911e+00
1.513998645268969101e-01 3.851146205810053402e+00
1.524404134235622932e-01 3.661393698590305945e+00
1.534809623202276763e-01 3.195831660758283732e+00
1.545215112168930593e-01 3.267480149586102556e+00
1.555620601135584424e-01 3.227830379874561118e+00
1.566026090102238255e-01 3.260735941159044415e+00
1.576431579068892086e-01 3.083751955278259516e+00
1.586837068035545917e-01 2.978918161474979343e+00
1.597242557002199748e-01 2.903122809444024455e+00
1.607648045968853578e-01 2.457675273769336144e+00
1.618053534935507409e-01 2.580766512533664070e+00
1.628459023902161240e-01 2.833893086005392803e+00
1.638864512868815071e-01 2.890595876999711322e+00
1.649270001835468902e-01 2.701462903686255856e+00
1.659675490802122733e-01 2.292928688653034897e+00
1.670080979768776563e-01 2.400501131886077388e+00
1.680486468735430672e-01 2.188141685276349335e+00
1.690891957702084503e-01 2.252200638751528317e+00
1.701297446668738333e-01 2.144386769934467196e+00
1.711702935635392164e-01 2.081996278385560117e+00
1.722108424602045995e-01 2.067662711322643787e+00
1.732513913568699826e-01 2.219550358392272216e+00
1.742919402535353657e-01 1.883365090370364925e+00
1.753324891502007488e-01 1.785792844059056250e+00
1.763730380468661318e-01 1.865051065121694052e+00
1.774135869435315149e-01 2.091215968109750634e+00
1.784541358401968980e-01 2.221690305864974846e+00
1.794946847368622811e-01 2.146934086310537282e+00
1.805352336335276642e-01 1.845848495793347865e+00
1.815757825301930473e-01 1.948137070591904774e+00
1.826163314268584303e-01 1.963888076471825173e+00
1.836568803235238134e-01 1.987562232218266445e+00
1.846974292201891965e-01 2.087682249808473500e+00
1.857379781168545796e-01 1.982870945442179789e+00
1.867785270135199627e-01 1.715714095835664921e+00
1.878190759101853458e-01 1.456368144303553436e+00
1.888596248068507288e-01 1.450212782711275850e+00
1.899001737035161119e-01 1.585715807103600383e+00
1.909407226001814950e-01 1.588626830266175460e+00
1.919812714968468781e-01 1.608112633236654432e+00
1.930218203935122612e-01 1.739610046710932778e+00
1.940623692901776443e-01 1.690869423949525441e+00
1.951029181868430273e-01 1.719441452222817190e+00
1.961434670835084104e-01 1.445087314620561614e+00
1.971840159801737935e-01 1.744456217452029279e+00
1.982245648768391766e-01 2.119182759008282346e+00
1.992651137735045597e-01 2.092390166754935166e+00
2.003056626701699428e-01 1.643001686613146717e+00
2.013462115668353813e-01 1.488625722953120345e+00
2.023867604635007644e-01 1.643554129803579400e+00
2.034273093601661475e-01 1.877611572941102480e+00
2.044678582568315306e-01 2.014651433087347954e+00
2.055084071534969137e-01 1.959503154111942536e+00
2.065489560501622968e-01 1.607547963545581382e+00
2.075895049468276798e-01 1.956727939055557641e+00
2.086300538434930629e-01 2.070551524202794980e+00
2.096706027401584460e-01 1.877349200954679276e+00
2.107111516368238291e-01 1.680159419588978409e+00
2.117517005334892122e-01 1.517579223322233162e+00
2.127922494301545953e-01 1.592439043856916925e+00
2.138327983268199783e-01 1.771748978850432366e+00
2.148733472234853614e-01 1.854144633314497526e+00
2.159138961201507445e-01 1.843067967661671247e+00
2.169544450168161276e-01 2.022744439201410671e+00
2.179949939134815107e-01 2.055901320047446745e+00
2.190355428101468938e-01 2.125650847459059634e+00
2.200760917068122768e-01 2.043088607344405006e+00
2.211166406034776599e-01 1.972415149409538770e+00
2.221571895001430430e-01 2.038352616094979197e+00
2.231977383968084261e-01 1.990556839390009713e+00
2.242382872934738092e-01 1.694822079172922713e+00
2.252788361901391923e-01 1.932665951455803111e+00
2.263193850868045753e-01 1.959319494537428596e+00
2.273599339834699584e-01 1.913336458965613218e+00
2.284004828801353415e-01 1.798715611216767485e+00
2.294410317768007246e-01 1.786997503982419744e+00
2.304815806734661077e-01 1.904734222079675021e+00
2.315221295701314908e-01 1.852642324294073717e+00
2.325626784667968738e-01 1.789981292243108868e+00
2.336032273634622569e-01 1.623124239280070213e+00
2.346437762601276400e-01 1.960917565141308216e+00
2.356843251567930231e-01 1.653328968797882936e+00
2.367248740534584062e-01 1.835846272852982963e+00
2.377654229501237892e-01 1.705395201304664710e+00
2.388059718467891723e-01 1.547975866323650251e+00
2.398465207434545554e-01 1.628245233469773012e+00
2.408870696401199385e-01 1.554354876431617072e+00
2.419276185367853216e-01 1.422517310331492979e+00
2.429681674334507047e-01 1.702388481472738135e+00
2.440087163301160877e-01 1.687503062558143085e+00
2.450492652267814708e-01 1.438554063394295923e+00
2.460898141234468539e-01 1.486039541831402744e+00
2.471303630201122370e-01 1.532517117000885776e+00
2.481709119167776201e-01 1.598033276320308005e+00
2.492114608134430032e-01 1.503684473206824634e+00
2.502520097101083585e-01 1.440968883054466687e+00
2.512925586067737416e-01 1.383124707751779425e+00
2.523331075034391247e-01 2.390974430781582782e+00
2.533736564001045077e-01 1.744263462502708251e+00
2.544142052967698908e-01 1.689438381852344406e+00
2.554547541934352739e-01 1.710949579550021582e+00
2.564953030901006570e-01 1.656796994926775568e+00
2.575358519867660401e-01 1.775281013423580134e+00
2.585764008834314231e-01 1.604978849020930909e+00
2.596169497800968062e-01 1.514858588109294857e+00
2.606574986767621893e-01 1.654124333618394616e+00
2.616980475734275724e-01 1.411080288781757730e+00
2.627385964700929555e-01 1.165443395114479586e+00
2.637791453667583386e-01 1.367491300530762288e+00
2.648196942634237216e-01 1.428205347831575267e+00
2.658602431600891047e-01 1.482904228656401813e+00
2.669007920567544878e-01 1.435395352017813764e+00
2.679413409534198709e-01 1.439362931897900211e+00
2.689818898500852540e-01 1.337952949551294068e+00
2.700224387467506371e-01 1.261025045863576111e+00
2.710629876434160201e-01 1.186845417165084626e+00
2.721035365400814032e-01 1.244379027672920301e+00
2.731440854367467863e-01 1.229263431082518565e+00
2.741846343334121694e-01 1.266889530787999263e+00
2.752251832300775525e-01 1.493545059886045578e+00
2.762657321267429356e-01 1.198466194819644670e+00
2.773062810234083186e-01 1.243561780110574944e+00
2.783468299200737017e-01 1.087828854442598470e+00
2.793873788167390848e-01 1.077479969652319625e+00
2.804279277134044679e-01 1.236497153432431162e+00
2.814684766100698510e-01 1.457090363273554345e+00
2.825090255067352341e-01 1.306434157635020910e+00
2.835495744034006171e-01 1.017855073073395289e+00
2.845901233000660002e-01 1.188276251297786246e+00
2.856306721967313833e-01 1.552472653268715419e+00
2.866712210933967664e-01 1.413775314246443315e+00
2.877117699900621495e-01 1.155477010388615611e+00
2.887523188867275326e-01 1.198419023272141004e+00
2.897928677833929156e-01 8.920934834718821094e-01
2.908334166800582987e-01 9.540797468045774110e-01
2.918739655767236818e-01 9.977774014474043440e-01
2.929145144733890649e-01 1.289102418973268271e+00
2.939550633700544480e-01 1.282814847355879806e+00
2.949956122667198311e-01 1.200426273359983753e+00
2.960361611633852141e-01 1.245479725155899331e+00
2.970767100600505972e-01 1.309221377293265931e+00
2.981172589567159803e-01 1.274090719374775915e+00
2.991578078533813634e-01 1.033971082504699268e+00
3.001983567500468020e-01 9.722703683302071909e-01
3.012389056467121851e-01 1.076172129640440289e+00
3.022794545433775681e-01 1.142786770989342671e+00
3.033200034400429512e-01 1.282626944393555846e+00
3.043605523367083343e-01 1.012746994931863043e+00
3.054011012333737174e-01 8.498220409065915248e-01
3.064416501300391005e-01 9.882115958674191347e-01
3.074821990267044836e-01 1.014770573836656808e+00
3.085227479233698666e-01 1.135593576029830132e+00
3.095632968200352497e-01 1.001972607710591490e+00
3.106038457167006328e-01 1.138819469673258311e+00
3.116443946133660159e-01 1.151824579159494988e+00
3.126849435100313990e-01 1.148300534212626900e+00
3.137254924066967821e-01 1.271214291476361780e+00
3.147660413033621651e-01 1.073210445216677300e+00
3.158065902000275482e-01 8.673103184922013043e-01
3.168471390966929313e-01 1.091776384769602259e+00
3.178876879933583144e-01 1.089188493998936025e+00
3.189282368900236975e-01 9.534115131257934195e-01
3.199687857866890806e-01 1.105836278816838103e+00
3.210093346833544636e-01 1.025987612804087235e+00
3.220498835800198467e-01 1.079061757264771160e+00
3.230904324766852298e-01 9.105768931460183069e-01
3.241309813733506129e-01 9.529183122147912854e-01
3.251715302700159960e-01 1.014182963409890448e+00
3.262120791666813790e-01 1.053083315261570618e+00
3.272526280633467621e-01 1.045495476086340858e+00
3.282931769600121452e-01 9.111484554640512101e-01
3.293337258566775283e-01 8.020087317837010232e-01
3.303742747533429114e-01 1.043336943677903861e+00
3.314148236500082945e-01 7.472211894008964350e-01
3.324553725466736775e-01 6.628693781171328681e-01
3.334959214433390606e-01 8.588001892120260550e-01
3.345364703400044437e-01 9.020295555986379554e-01
3.355770192366698268e-01 1.034022403907080445e+00
3.366175681333352099e-01 1.050670753039089078e+00
3.376581170300005930e-01 9.385654441469988285e-01
3.386986659266659760e-01 7.840316580133972479e-01
3.397392148233313591e-01 1.019231564014059899e+00
3.407797637199967422e-01 8.153360305742189951e-01
3.418203126166621253e-01 8.479754325778792179e-01
3.428608615133275084e-01 1.102141525964047020e+00
3.439014104099928915e-01 1.009437545291344662e+00
3.449419593066582745e-01 9.160793942641944909e-01
3.459825082033236576e-01 8.075536370404954312e-01
3.470230570999890407e-01 6.022548405012244643e-01
3.480636059966544238e-01 5.818896760979832550e-01
3.491041548933198069e-01 7.108431683984406391e-01
3.501447037899851900e-01 8.084021198129534014e-01
3.511852526866505730e-01 7.910399762540265556e-01
3.522258015833159561e-01 7.863369027798370325e-01
3.532663504799813392e-01 7.806217624863123206e-01
3.543068993766467223e-01 6.863313382478040126e-01
3.553474482733121054e-01 6.550339217373277734e-01
3.563879971699774885e-01 5.715410162662664106e-01
3.574285460666428715e-01 7.586819766261605480e-01
3.584690949633082546e-01 1.142712309085446520e+00
3.595096438599736377e-01 8.362792206910647508e-01
3.605501927566390208e-01 5.820884900854359500e-01
3.615907416533044039e-01 6.352906763528700651e-01
3.626312905499697870e-01 5.251347819394602823e-01
3.636718394466351700e-01 6.580005863383533438e-01
3.647123883433005531e-01 7.358050223053531624e-01
3.657529372399659362e-01 8.520893050116207235e-01
3.667934861366313193e-01 8.994558990459076142e-01
3.678340350332967024e-01 9.113001728297653870e-01
3.688745839299620854e-01 8.703109237921964336e-01
3.699151328266274685e-01 9.608546420654171527e-01
3.709556817232928516e-01 1.059128512049678505e+00
3.719962306199582347e-01 1.002454964498376455e+00
3.730367795166236178e-01 9.743794072454043942e-01
3.740773284132890009e-01 8.344268280060909149e-01
3.751178773099543839e-01 9.753113089379610301e-01
3.761584262066197670e-01 1.041406893861719141e+00
3.771989751032851501e-01 8.081329308190987604e-01
3.782395239999505332e-01 8.219691488008180613e-01
3.792800728966159163e-01 7.374648132059711259e-01
3.803206217932812994e-01 8.764987692084531545e-01
3.813611706899466824e-01 1.100398566657442956e+00
3.824017195866120655e-01 9.676124320738459517e-01
3.834422684832774486e-01 8.180787624628393928e-01
3.844828173799428317e-01 7.345585913158956259e-01
3.855233662766082148e-01 6.780690644461522254e-01
3.865639151732735979e-01 6.009265257963640749e-01
3.876044640699389809e-01 6.964959102988537154e-01
3.886450129666043640e-01 8.486960228637201453e-01
3.896855618632697471e-01 6.146326961980790315e-01
3.907261107599351302e-01 6.693407665682116203e-01
3.917666596566005133e-01 7.341392392058416760e-01
3.928072085532658964e-01 4.279094245530110641e-01
3.938477574499312794e-01 5.206294698473818983e-01
3.948883063465966625e-01 6.722521690200444766e-01
3.959288552432620456e-01 4.735886714784172113e-01
3.969694041399274287e-01 6.130692344738832844e-01
3.980099530365928118e-01 8.868090551584337788e-01
3.990505019332581949e-01 9.080390152476205401e-01
4.000910508299235779e-01 7.760839346287973228e-01
4.011315997265889610e-01 6.957079202170284304e-01
4.021721486232543441e-01 6.123250311144907698e-01
4.032126975199197272e-01 5.389310309622707962e-01
4.042532464165851103e-01 3.583748925291772025e-01
4.052937953132504934e-01 3.691728888011276410e-01
4.063343442099158764e-01 6.342690929666012778e-01
4.073748931065812595e-01 9.164474865914442603e-01
4.084154420032466426e-01 8.460535686123407118e-01
4.094559908999120257e-01 5.946814702421114873e-01
4.104965397965774088e-01 3.910251999692775371e-01
4.115370886932427918e-01 5.131982495104416842e-01
4.125776375899081749e-01 5.510350547149904799e-01
4.136181864865735580e-01 5.228217118918081496e-01
4.146587353832389411e-01 5.398322118291147831e-01
4.156992842799043242e-01 6.010236758524598599e-01
4.167398331765697073e-01 5.733421880488194233e-01
4.177803820732350903e-01 5.505756474178049586e-01
4.188209309699004734e-01 6.352753985033210427e-01
4.198614798665658565e-01 7.621984206346930080e-01
4.209020287632312396e-01 7.430522483726740290e-01
4.219425776598966227e-01 6.318333744455699730e-01
4.229831265565620058e-01 5.531189892898815685e-01
4.240236754532273888e-01 4.269551643833473520e-01
4.250642243498927719e-01 6.698044837866135026e-01
4.261047732465581550e-01 7.560423102848368160e-01
4.271453221432235381e-01 7.836284432814366596e-01
4.281858710398889212e-01 7.075826599770493885e-01
4.292264199365543043e-01 6.369877385626239175e-01
4.302669688332196873e-01 6.477499132926602954e-01
4.313075177298850704e-01 5.816415924944209337e-01
4.323480666265504535e-01 6.179466116782066365e-01
4.333886155232158366e-01 3.818056844299846375e-01
4.344291644198812197e-01 4.559556016298778047e-01
4.354697133165466028e-01 6.117111349012880339e-01
4.365102622132119858e-01 4.214909988822093112e-01
4.375508111098773689e-01 4.843349532805838464e-01
4.385913600065427520e-01 4.361476495419758237e-01
4.396319089032081351e-01 4.885265344442615287e-01
4.406724577998735182e-01 6.264906186686367562e-01
4.417130066965389013e-01 6.609031142105905587e-01
4.427535555932042843e-01 6.752145658777450876e-01
4.437941044898696674e-01 5.561916639577049182e-01
4.448346533865350505e-01 5.352080334475459722e-01
4.458752022832004336e-01 5.471533329481310659e-01
4.469157511798658167e-01 4.009815284381623712e-01
4.479563000765311997e-01 6.387178540679769867e-01
4.489968489731965828e-01 8.292176825199781831e-01
4.500373978698619659e-01 6.172872645190459195e-01
4.510779467665273490e-01 5.700484522376960683e-01
4.521184956631927321e-01 4.537493483037060571e-01
4.531590445598581152e-01 5.195213652933539095e-01
4.541995934565234982e-01 6.456609981528345088e-01
4.552401423531888813e-01 8.022060667410677581e-01
4.562806912498542644e-01 6.501623336434434464e-01
4.573212401465196475e-01 7.372658423278473094e-01
4.583617890431850306e-01 5.316477481264385574e-01
4.594023379398504137e-01 4.494590267390528027e-01
4.604428868365157967e-01 3.506310589615857509e-01
4.614834357331811798e-01 4.554466595211863478e-01
4.625239846298465629e-01 3.226766503756515192e-01
4.635645335265119460e-01 5.152121060002023967e-01
4.646050824231773291e-01 4.333691859497399435e-01
4.656456313198427122e-01 5.202340510370433435e-01
4.666861802165080952e-01 4.647343318313339466e-01
4.677267291131734783e-01 4.981393830967455472e-01
4.687672780098388614e-01 4.729035729778203745e-01
4.698078269065042445e-01 2.465890331417952552e-01
4.708483758031696276e-01 4.285926175833658647e-01
4.718889246998350107e-01 4.695474682435722968e-01
4.729294735965003937e-01 5.228443091648031782e-01
4.739700224931657768e-01 6.970340165112887121e-01
4.750105713898311599e-01 7.974856331711315249e-01
4.760511202864965430e-01 7.399050685383947723e-01
4.770916691831619261e-01 5.436563619975842698e-01
4.781322180798273092e-01 6.556237033984189111e-01
4.791727669764926922e-01 4.956308333912993191e-01
4.802133158731580753e-01 4.898110807180557913e-01
4.812538647698234584e-01 4.369478035136822314e-01
4.822944136664888415e-01 3.111914954679839695e-01
4.833349625631542246e-01 3.744582301891234977e-01
4.843755114598196077e-01 4.858285911502768784e-01
4.854160603564849907e-01 5.600975954848514959e-01
4.864566092531503738e-01 4.190051394107712213e-01
4.874971581498157569e-01 3.199827471313838601e-01
4.885377070464811400e-01 3.784430947891124219e-01
4.895782559431465231e-01 4.822982131987814114e-01
4.906188048398119061e-01 6.298101767897357206e-01
4.916593537364772892e-01 5.490045545892741075e-01
4.926999026331426723e-01 4.443400367284304764e-01
4.937404515298080554e-01 4.405137596788257781e-01
4.947810004264734385e-01 5.848166322188674826e-01
4.958215493231388216e-01 4.592500521442381967e-01
4.968620982198042046e-01 4.885569258509931956e-01
4.979026471164695877e-01 5.006183001676731692e-01
4.989431960131349708e-01 6.250795193356530888e-01
4.999837449098003539e-01 6.391379085692392437e-01
5.010242938064657370e-01 5.436366130009666620e-01
5.020648427031311201e-01 4.728012879699043935e-01
5.031053915997965031e-01 3.871877724670405030e-01
5.041459404964618862e-01 3.410739406419338593e-01
5.051864893931272693e-01 2.384750140794906770e-01
5.062270382897926524e-01 2.561308273330595853e-01
5.072675871864580355e-01 2.043534284438663917e-01
5.083081360831234186e-01 1.586463991670008511e-01
5.093486849797888016e-01 1.643408898761933301e-01
5.103892338764541847e-01 2.043776841423188273e-01
5.114297827731195678e-01 2.492364049067248288e-01
5.124703316697849509e-01 1.034974879781849211e-01
5.135108805664503340e-01 2.838315586226904941e-01
5.145514294631157171e-01 3.744170549506513623e-01
5.155919783597811001e-01 3.498735241067407742e-01
5.166325272564464832e-01 4.118521479865044910e-01
5.176730761531118663e-01 4.606164303815347694e-01
5.187136250497772494e-01 4.465518918179363084e-01
5.197541739464426325e-01 4.144648614953219123e-01
5.207947228431080156e-01 3.067452643295247583e-01
5.218352717397733986e-01 2.874599284207413064e-01
5.228758206364387817e-01 3.608174537912276492e-01
5.239163695331041648e-01 3.298029429449051975e-01
5.249569184297695479e-01 3.177558525945904933e-01
5.259974673264349310e-01 1.896382017878295301e-01
5.270380162231003141e-01 2.055501870291003286e-01
5.280785651197656971e-01 3.044874424624488540e-01
5.291191140164310802e-01 2.417298832635950134e-01
5.301596629130964633e-01 3.772088152275685502e-01
5.312002118097618464e-01 3.648667154550508940e-01
5.322407607064272295e-01 2.633439081722137587e-01
5.332813096030926125e-01 2.142740229806250341e-01
5.343218584997581067e-01 2.798795291954618847e-01
5.353624073964233787e-01 1.669074529328256062e-01
5.364029562930888728e-01 1.924908590063765246e-01
5.374435051897541449e-01 3.481921595538608472e-01
5.384840540864196390e-01 2.956441928860087387e-01
5.395246029830849110e-01 2.544937906209696621e-01
5.405651518797504052e-01 2.054219111836204092e-01
5.416057007764156772e-01 3.122496338659708215e-01
5.426462496730811713e-01 4.016667124510746589e-01
5.436867985697464434e-01 3.506792387296542302e-01
5.447273474664119375e-01 3.758002869947532076e-01
5.457678963630772095e-01 3.812484883868734187e-01
5.468084452597427036e-01 3.799950805176024460e-01
5.478489941564079757e-01 4.746902396581269556e-01
5.488895430530734698e-01 4.355121495918190533e-01
5.499300919497387419e-01 3.848374156349869679e-01
5.509706408464042360e-01 4.156602345304456492e-01
5.520111897430695080e-01 2.825216775391545809e-01
5.530517386397350021e-01 3.879689150471925529e-01
5.540922875364002742e-01 3.877260727250586569e-01
5.551328364330657683e-01 2.945192100072944186e-01
5.561733853297310404e-01 3.765013545865691924e-01
5.572139342263965345e-01 4.070830789673642869e-01
5.582544831230618065e-01 4.160457472198011430e-01
5.592950320197273006e-01 2.736508981915086736e-01
5.603355809163925727e-01 2.328782746484883148e-01
5.613761298130580668e-01 1.554723104473474393e-01
5.624166787097233389e-01 2.515469442128868138e-01
5.634572276063888330e-01 1.895691883793624299e-01
5.644977765030541050e-01 2.216477932801055317e-01
5.655383253997195991e-01 2.180453234371775295e-01
5.665788742963848712e-01 1.431324644867650875e-01
5.676194231930503653e-01 1.577421997207402171e-01
5.686599720897156374e-01 2.322075374905949730e-01
5.697005209863811315e-01 1.693110913430118103e-01
5.707410698830464035e-01 1.255711590517414322e-01
5.717816187797118976e-01 6.541038614824401520e-02
5.728221676763771697e-01 3.294074460555407313e-02
5.738627165730426638e-01 1.664707516761296802e-01
5.749032654697079359e-01 2.691192400685125108e-01
5.759438143663734300e-01 2.762265721230718896e-01
5.769843632630387020e-01 3.272076092547493431e-01
5.780249121597041961e-01 2.584224654561637635e-01
5.790654610563694682e-01 2.884429748550871864e-01
5.801060099530349623e-01 3.748008427686713162e-01
5.811465588497002344e-01 2.726508933021882797e-01
5.821871077463657285e-01 2.388949213545998873e-01
5.832276566430310005e-01 2.101933813654213168e-01
5.842682055396964946e-01 1.423120763715388648e-01
5.853087544363617667e-01 3.160206885717826708e-01
5.863493033330272608e-01 2.123228657485363158e-01
5.873898522296925329e-01 1.327963230693853802e-01
5.884304011263580270e-01 9.563579164989732817e-02
5.894709500230232990e-01 1.326751397666292576e-01
5.905114989196887931e-01 2.505676423039595591e-01
5.915520478163540652e-01 1.723084132682863867e-01
5.925925967130195593e-01 2.079359542690824014e-01
5.936331456096848314e-01 1.064332137868149175e-01
5.946736945063503255e-01 1.712287491129380612e-01
5.957142434030155975e-01 1.705296235241142710e-01
5.967547922996810916e-01 1.608903457443950913e-01
5.977953411963463637e-01 0.000000000000000000e+00
5.988358900930118578e-01 3.673088227174048370e-02
5.998764389896771299e-01 4.830735234305549852e-02
