# q (1/Angstrom), Intensity (arb)
2.078726924066784734e-02 1.501214647908130928e+01
2.212838338006469993e-02 2.583016364752145932e+01
2.346949751946154905e-02 3.034739435764069526e+01
2.481061165885840164e-02 4.433227551042239156e+01
2.615172579825525423e-02 4.574600219259210121e+01
2.749283993765210335e-02 4.504637007619945166e+01
2.883395407704895941e-02 4.736503639930964482e+01
3.017506821644580506e-02 4.393513457293150282e+01
3.151618235584265765e-02 4.033477129042643128e+01
3.285729649523951718e-02 3.565125818225391185e+01
3.419841063463636283e-02 3.419489485780985660e+01
3.553952477403321542e-02 3.166370641224681037e+01
3.688063891343006800e-02 2.771270108604200288e+01
3.822175305282692059e-02 2.510209660766008710e+01
3.956286719222376624e-02 2.366929923981889772e+01
4.090398133162062577e-02 2.262161769502669983e+01
4.224509547101747142e-02 2.074275614139052948e+01
4.358620961041432401e-02 1.882944449284225641e+01
4.492732374981117660e-02 1.705959978673313060e+01
4.626843788920802919e-02 1.634539674638332940e+01
4.760955202860488178e-02 1.535606901799364721e+01
4.895066616800172743e-02 1.349577649089341946e+01
5.029178030739858696e-02 1.420754209252389444e+01
5.163289444679544649e-02 1.348683873433940050e+01
5.297400858619229214e-02 1.259510018334249537e+01
5.431512272558913779e-02 1.228150752225786846e+01
5.565623686498599731e-02 1.152813715697620012e+01
5.699735100438284990e-02 1.052239778692376149e+01
5.833846514377969555e-02 8.924772475744973121e+00
5.967957928317654814e-02 8.831220507146426257e+00
6.102069342257340767e-02 9.058720220808140766e+00
6.236180756197025332e-02 1.004463679520713981e+01
6.370292170136709897e-02 9.777982604576365588e+00
6.504403584076395850e-02 9.631545210348818387e+00
6.638514998016080415e-02 9.319194266149992245e+00
6.772626411955766368e-02 9.424062304421070735e+00
6.906737825895450933e-02 8.318562667928773635e+00
7.040849239835136886e-02 7.435388454303634376e+00
7.174960653774821451e-02 7.561339799128134587e+00
7.309072067714506016e-02 8.028175879861748854e+00
7.443183481654190581e-02 7.632547320539757152e+00
7.577294895593877921e-02 7.274784185704476158e+00
7.711406309533562486e-02 7.608322654533210994e+00
7.845517723473247051e-02 7.373194449527545657e+00
7.979629137412933004e-02 6.954575865520823186e+00
8.113740551352617569e-02 6.841655287538685570e+00
8.247851965292302134e-02 7.459346693916245385e+00
8.381963379231988087e-02 6.908862679378302118e+00
8.516074793171674040e-02 6.485986252168430610e+00
8.650186207111358605e-02 6.908859892320222684e+00
8.784297621051043170e-02 5.772805857944291574e+00
8.918409034990729123e-02 6.828526257287336421e+00
9.052520448930413688e-02 6.717658305766960325e+00
9.186631862870098253e-02 6.720662144257801174e+00
9.320743276809784206e-02 6.043761853362610736e+00
9.454854690749470159e-02 5.825413894271164850e+00
9.588966104689154724e-02 5.447612416559493909e+00
9.723077518628839289e-02 5.705045884347612173e+00
9.857188932568525241e-02 5.777924228131624318e+00
9.991300346508209806e-02 5.374475138711900968e+00
1.012541176044789437e-01 6.066340126388197973e+00
1.025952317438758032e-01 7.049468726785704575e+00
1.039363458832726350e-01 6.464575128502232815e+00
1.052774600226694945e-01 5.868273288200896332e+00
1.066185741620663541e-01 4.686334212105734309e+00
1.079596883014631858e-01 4.526643023858227366e+00
1.093008024408600454e-01 4.482552514655651521e+00
1.106419165802569049e-01 5.141400262125188192e+00
1.119830307196537506e-01 5.162015851350219009e+00
1.133241448590506101e-01 5.340004096644662468e+00
1.146652589984474419e-01 4.960328187003483436e+00
1.160063731378443014e-01 5.964342721119976432e+00
1.173474872772411609e-01 5.445726285781361753e+00
1.186886014166380066e-01 5.236586018849138213e+00
1.200297155560348661e-01 5.151306445778445209e+00
1.213708296954317256e-01 5.064037016393143631e+00
1.227119438348285574e-01 4.453612204339179925e+00
1.240530579742254169e-01 5.087033227050113737e+00
1.253941721136222764e-01 4.737921688642416029e+00
1.267352862530191082e-01 4.448075450483401028e+00
1.280764003924159677e-01 5.079915785903864389e+00
1.294175145318128273e-01 4.954109096097823794e+00
1.307586286712096590e-01 5.248110535637223961e+00
1.320997428106065186e-01 5.125393188054999882e+00
1.334408569500033781e-01 4.496699199408524805e+00
1.347819710894002376e-01 4.707875677797673575e+00
1.361230852287970972e-01 4.386294861705621884e+00
1.374641993681939289e-01 4.135135909353508055e+00
1.388053135075907885e-01 4.649999666423184408e+00
1.401464276469876480e-01 4.906462984454208254e+00
1.414875417863844798e-01 4.164656280511778164e+00
1.428286559257813393e-01 4.051966014996281729e+00
1.441697700651781988e-01 4.139484466055108669e+00
1.455108842045750306e-01 4.643748149187928220e+00
1.468519983439718901e-01 4.466585050028584192e+00
1.481931124833687219e-01 4.376303512793711548e+00
1.495342266227655814e-01 4.727346549831324296e+00
1.508753407621624687e-01 4.383797694016209334e+00
1.522164549015593005e-01 4.318025310238994052e+00
1.535575690409561600e-01 3.656463482045666069e+00
1.548986831803530195e-01 3.908785865064814402e+00
1.562397973197498513e-01 3.797365279271787131e+00
1.575809114591467108e-01 3.894799009298978376e+00
1.589220255985435704e-01 4.270656726826715044e+00
1.602631397379404021e-01 3.595328527721989076e+00
1.616042538773372617e-01 3.399901027327615566e+00
1.629453680167341212e-01 3.196288234378300785e+00
1.642864821561309530e-01 3.516107848525109603e+00
1.656275962955278125e-01 3.692312694384042970e+00
1.669687104349246720e-01 3.568492847537058310e+00
1.683098245743215315e-01 2.545002157110232588e+00
1.696509387137183911e-01 3.007679749274288383e+00
1.709920528531152228e-01 3.080282323069383210e+00
1.723331669925120824e-01 3.606017458656140207e+00
1.736742811319089419e-01 3.950477898261155474e+00
1.750153952713057737e-01 3.669294051187279138e+00
1.763565094107026332e-01 3.563359250063115269e+00
1.776976235500994927e-01 2.959982151366915559e+00
1.790387376894963245e-01 2.603734081180320459e+00
1.803798518288931840e-01 2.846953551774177527e+00
1.817209659682900158e-01 2.892868780209568058e+00
1.830620801076868753e-01 2.746407832573652286e+00
1.844031942470837349e-01 2.553540400738228300e+00
1.857443083864805944e-01 3.182166231077545149e+00
1.870854225258774539e-01 2.925502135688063277e+00
1.884265366652743134e-01 2.594957896495088789e+00
1.897676508046711452e-01 2.352809839194023311e+00
1.911087649440680047e-01 3.037743717888858441e+00
1.924498790834648643e-01 2.912010717238715074e+00
1.937909932228616960e-01 2.170749604604509386e+00
1.951321073622585556e-01 2.694325249389208921e+00
1.964732215016554151e-01 2.801410663988136207e+00
1.978143356410522469e-01 2.650953518934272779e+00
1.991554497804491064e-01 2.830211769001934385e+00
2.004965639198459382e-01 2.961255029698605767e+00
2.018376780592427977e-01 3.038324333041018122e+00
2.031787921986396572e-01 2.688755859622844469e+00
2.045199063380365168e-01 2.938533263638973381e+00
2.058610204774333763e-01 2.642763669269740490e+00
2.072021346168302081e-01 2.608589079394334931e+00
2.085432487562270676e-01 2.765754012445043486e+00
2.098843628956239271e-01 2.390072033554730524e+00
2.112254770350207866e-01 2.475156503822972809e+00
2.125665911744176462e-01 2.871774264370685614e+00
2.139077053138144502e-01 2.607382170945555799e+00
2.152488194532113097e-01 3.068332229786079779e+00
2.165899335926081692e-01 2.777312843027672784e+00
2.179310477320050288e-01 2.866368334985992306e+00
2.192721618714018883e-01 2.406367095427171421e+00
2.206132760107987478e-01 2.564483327107254240e+00
2.219543901501955796e-01 2.480050919008675692e+00
2.232955042895924391e-01 2.499781659479666018e+00
2.246366184289892987e-01 2.704244522561950248e+00
2.259777325683861582e-01 2.450644453196758832e+00
2.273188467077830177e-01 2.481787135013789225e+00
2.286599608471798217e-01 2.893147329085763886e+00
2.300010749865766813e-01 2.678064922662457548e+00
2.313421891259735408e-01 2.635560925990638736e+00
2.326833032653704003e-01 2.621711091016685202e+00
2.340244174047672598e-01 2.598721473412936689e+00
2.353655315441641194e-01 2.796020996492345034e+00
2.367066456835609234e-01 2.495983071933501662e+00
2.380477598229577829e-01 2.143633713411396968e+00
2.393888739623546424e-01 2.262688179630245600e+00
2.407299881017515020e-01 1.976119147837522405e+00
2.420711022411483615e-01 2.511527321550957481e+00
2.434122163805451933e-01 2.170274487561961507e+00
2.447533305199420528e-01 2.144155382321741854e+00
2.460944446593389123e-01 2.418664488565788417e+00
2.474355587987357719e-01 2.515919087261949016e+00
2.487766729381326314e-01 1.997117123424608565e+00
2.501177870775294632e-01 1.626862488340385937e+00
2.514589012169263227e-01 1.879139901553372738e+00
2.528000153563231822e-01 2.461498805108334409e+00
2.541411294957200417e-01 2.729546459884510057e+00
2.554822436351169013e-01 2.468842100325602473e+00
2.568233577745137608e-01 2.156164346356476358e+00
2.581644719139106203e-01 1.926247606860727046e+00
2.595055860533074243e-01 1.992187182438115656e+00
2.608467001927042839e-01 2.134986467260034715e+00
2.621878143321011434e-01 2.198232708415261527e+00
2.635289284714980029e-01 2.239837036844619433e+00
2.648700426108948625e-01 2.598288286997153307e+00
2.662111567502916665e-01 2.466824086620007961e+00
2.675522708896885260e-01 2.389831493594641643e+00
2.688933850290853855e-01 2.552441449110240512e+00
2.702344991684822451e-01 2.256623923588939817e+00
2.715756133078791046e-01 2.231784910158417290e+00
2.729167274472759641e-01 1.494440757726493985e+00
2.742578415866727681e-01 1.912168077488630047e+00
2.755989557260696277e-01 2.146953980355839064e+00
2.769400698654664872e-01 2.235718527238212516e+00
2.782811840048633467e-01 2.044108133823883122e+00
2.796222981442602062e-01 2.308541759558288220e+00
2.809634122836570103e-01 2.219018482819379301e+00
2.823045264230538698e-01 2.106125348380025741e+00
2.836456405624507293e-01 2.012511909894627138e+00
2.849867547018475888e-01 2.107867721337250089e+00
2.863278688412444484e-01 2.020029074477854181e+00
2.876689829806413079e-01 2.545091445703995703e+00
2.890100971200381674e-01 2.389291384924355555e+00
2.903512112594350270e-01 2.053029006245814969e+00
2.916923253988318865e-01 1.716237991082977032e+00
2.930334395382287460e-01 1.449235108980310827e+00
2.943745536776256055e-01 1.779062712530759427e+00
2.957156678170224096e-01 2.345756853254052032e+00
2.970567819564192691e-01 2.115553694548204078e+00
2.983978960958161286e-01 2.279883784845601724e+00
2.997390102352129881e-01 2.164733974860752141e+00
3.010801243746098477e-01 2.053322529222143089e+00
3.024212385140067072e-01 1.860048732093773083e+00
3.037623526534035112e-01 2.120684455626715703e+00
3.051034667928003707e-01 2.555974927827122656e+00
3.064445809321972303e-01 2.189107952111307043e+00
3.077856950715940898e-01 2.289925671991362321e+00
3.091268092109909493e-01 2.563430103563625551e+00
3.104679233503877533e-01 2.099463972367168196e+00
3.118090374897846129e-01 1.832598983319201125e+00
3.131501516291814724e-01 2.168874337389311791e+00
3.144912657685783319e-01 2.064871492619232640e+00
3.158323799079751915e-01 2.061051140415649741e+00
3.171734940473720510e-01 2.177919130286440463e+00
3.185146081867689105e-01 1.794555213831252161e+00
3.198557223261657700e-01 1.873807194105751250e+00
3.211968364655626296e-01 2.178920863944249220e+00
3.225379506049594891e-01 1.997915230017056842e+00
3.238790647443563486e-01 1.746429309903319904e+00
3.252201788837532082e-01 1.794697549781666623e+00
3.265612930231500122e-01 2.031663441868090558e+00
3.279024071625468717e-01 2.400197047692692820e+00
3.292435213019437312e-01 2.241379490849467970e+00
3.305846354413405908e-01 1.928621867158156533e+00
3.319257495807374503e-01 1.982772766973830869e+00
3.332668637201342543e-01 1.819284686644394355e+00
3.346079778595311138e-01 1.848947807595834547e+00
3.359490919989279734e-01 2.028618986950242231e+00
3.372902061383248329e-01 1.898570293302327627e+00
3.386313202777216924e-01 1.940910980585435652e+00
3.399724344171185519e-01 1.932450911072095323e+00
3.413135485565153560e-01 2.208060611334325074e+00
3.426546626959122155e-01 1.757063423011864245e+00
3.439957768353090750e-01 1.567688511179206046e+00
3.453368909747059345e-01 1.562203226135508771e+00
3.466780051141027941e-01 1.777800236723670935e+00
3.480191192534995981e-01 1.779279611363747904e+00
3.493602333928964576e-01 1.792712881591469909e+00
3.507013475322933171e-01 2.239219909354339677e+00
3.520424616716901767e-01 2.273553270498936740e+00
3.533835758110870362e-01 1.775080469735463851e+00
3.547246899504838957e-01 1.884053712711903472e+00
3.560658040898807553e-01 2.118497562763629105e+00
3.574069182292776148e-01 2.049053166845368423e+00
3.587480323686744743e-01 1.960566061920673064e+00
3.600891465080713338e-01 2.109261123257084591e+00
3.614302606474681934e-01 2.035263346928822159e+00
3.627713747868649974e-01 1.956461684466880513e+00
3.641124889262618569e-01 1.739178156142926923e+00
3.654536030656587164e-01 1.975260136482027917e+00
3.667947172050555760e-01 2.228306850071383849e+00
3.681358313444524355e-01 2.183865449306843232e+00
3.694769454838492950e-01 1.855107781771444309e+00
3.708180596232460990e-01 1.356867648442431573e+00
3.721591737626429586e-01 1.682306741172794773e+00
3.735002879020398181e-01 1.782762800969152295e+00
3.748414020414366776e-01 1.906455509099764356e+00
3.761825161808335372e-01 1.919565880382137379e+00
3.775236303202303967e-01 2.118956051210261649e+00
3.788647444596272007e-01 2.148194168930913861e+00
3.802058585990240602e-01 2.049941739510295236e+00
3.815469727384209198e-01 1.950336749330524810e+00
3.828880868778177793e-01 1.840736447812858501e+00
3.842292010172146388e-01 2.270794974068437000e+00
3.855703151566114428e-01 2.509956712200981599e+00
3.869114292960083024e-01 2.355496966427665484e+00
3.882525434354051619e-01 1.952345073420623578e+00
3.895936575748020214e-01 1.821214234729886527e+00
3.909347717141988809e-01 1.637518938773027344e+00
3.922758858535957405e-01 1.730685992550469621e+00
3.936169999929926000e-01 1.886344249798419526e+00
3.949581141323894595e-01 1.817825842619811283e+00
3.962992282717863191e-01 2.108153904676626667e+00
3.976403424111831786e-01 1.955863609259083091e+00
3.989814565505800381e-01 1.550627665376673292e+00
4.003225706899768976e-01 1.773203412839315263e+00
4.016636848293737572e-01 1.972634310093582144e+00
4.030047989687706167e-01 2.064188608120659296e+00
4.043459131081674207e-01 2.063553349470005571e+00
4.056870272475643358e-01 2.229751532321415652e+00
4.070281413869611398e-01 2.119918860469134358e+00
4.083692555263580548e-01 2.183491786074917229e+00
4.097103696657548588e-01 1.965865838474989857e+00
4.110514838051517739e-01 1.686175409975724904e+00
4.123925979445485779e-01 1.802537640701942223e+00
4.137337120839453819e-01 1.827473177403263094e+00
4.150748262233422969e-01 1.733882100127992487e+00
4.164159403627391010e-01 1.604466267877953101e+00
4.177570545021360160e-01 1.377958378421560326e+00
4.190981686415328200e-01 1.605850906735717842e+00
4.204392827809296240e-01 1.830056259720180378e+00
4.217803969203265391e-01 1.950604598485639940e+00
4.231215110597233431e-01 1.952240692808096867e+00
4.244626251991202581e-01 1.602982673002081526e+00
4.258037393385170621e-01 1.344928383546083239e+00
4.271448534779138662e-01 1.347856260431377962e+00
4.284859676173107812e-01 1.559518900694193633e+00
4.298270817567075852e-01 1.411358309067296091e+00
4.311681958961045003e-01 1.454600503083142371e+00
4.325093100355013043e-01 1.610525862611083880e+00
4.338504241748981638e-01 1.475813592736976432e+00
4.351915383142950233e-01 2.001712013061791140e+00
4.365326524536918829e-01 1.785749009202710624e+00
4.378737665930887424e-01 1.806530941148622560e+00
4.392148807324856019e-01 1.892993688063555169e+00
4.405559948718824614e-01 1.519330218787835918e+00
4.418971090112793210e-01 1.226074005477471474e+00
4.432382231506761250e-01 1.643312707201779688e+00
4.445793372900730400e-01 1.763301501170268182e+00
4.459204514294698440e-01 1.640797679718026814e+00
4.472615655688667591e-01 1.984321552763880447e+00
4.486026797082635631e-01 1.719828912216264882e+00
4.499437938476603671e-01 1.283894334802454296e+00
4.512849079870572822e-01 1.452996330371121303e+00
4.526260221264540862e-01 1.593274176404847253e+00
4.539671362658510012e-01 1.785842362798447880e+00
4.553082504052478052e-01 1.403238675925848611e+00
4.566493645446446092e-01 1.491974750374446046e+00
4.579904786840415243e-01 1.394300388789488920e+00
4.593315928234383283e-01 1.125058568704147888e+00
4.606727069628352433e-01 1.194007041394243629e+00
4.620138211022320474e-01 1.113015622432740770e+00
4.633549352416289624e-01 1.211787073144101612e+00
4.646960493810257664e-01 1.278344137023083249e+00
4.660371635204225704e-01 1.070735629830558366e+00
4.673782776598194855e-01 1.183438924730992881e+00
4.687193917992162895e-01 1.423139219550861867e+00
4.700605059386132045e-01 1.363322003013891504e+00
4.714016200780100085e-01 1.375444878840731633e+00
4.727427342174068681e-01 1.499774868250064230e+00
4.740838483568037276e-01 1.541550078872319318e+00
4.754249624962005871e-01 1.422512486512317764e+00
4.767660766355974467e-01 1.158424763577237115e+00
4.781071907749943062e-01 1.339866151228058300e+00
4.794483049143911102e-01 1.291771866968019822e+00
4.807894190537880252e-01 1.349593609260764993e+00
4.821305331931848293e-01 8.719692750930931879e-01
4.834716473325817443e-01 9.842397921185082055e-01
4.848127614719785483e-01 1.237534484034355842e+00
4.861538756113753523e-01 1.263021932959873084e+00
4.874949897507722674e-01 9.907748755886842673e-01
4.888361038901690714e-01 1.068806634944365896e+00
4.901772180295659864e-01 9.860479333045049088e-01
4.915183321689627904e-01 1.212458147159118482e+00
4.928594463083597055e-01 1.265353265721834930e+00
4.942005604477565095e-01 1.193608347956775617e+00
4.955416745871533135e-01 1.167699067703253490e+00
4.968827887265502286e-01 1.158980976701016630e+00
4.982239028659470326e-01 1.566604268534533162e+00
4.995650170053439476e-01 1.423270587661150444e+00
5.009061311447408071e-01 1.253062006047215959e+00
5.022472452841375556e-01 9.996717177479936822e-01
5.035883594235345262e-01 1.266324422531532434e+00
5.049294735629312747e-01 1.021691248204184888e+00
5.062705877023282452e-01 8.336936833291517246e-01
5.076117018417249938e-01 9.141254451522016211e-01
5.089528159811218533e-01 7.794792830136501038e-01
5.102939301205187128e-01 3.628685377126004141e-01
5.116350442599155723e-01 6.337910143289633425e-01
5.129761583993124319e-01 6.360818985698841743e-01
5.143172725387092914e-01 4.917816711505835769e-01
5.156583866781061509e-01 9.387488773397478781e-01
5.169995008175030105e-01 1.045120176752270424e+00
5.183406149568997590e-01 8.984080863267394079e-01
5.196817290962967295e-01 8.437681612235934381e-01
5.210228432356934780e-01 9.797901946491478498e-01
5.223639573750904486e-01 1.007606776257198078e+00
5.237050715144871971e-01 7.758464705117162907e-01
5.250461856538840566e-01 7.281468334611744808e-01
5.263872997932809161e-01 6.706838656053335512e-01
5.277284139326777757e-01 7.711397616351405304e-01
5.290695280720746352e-01 9.714988818578760288e-01
5.304106422114714947e-01 1.005987242695233874e+00
5.317517563508683542e-01 1.129884513180243744e+00
5.330928704902652138e-01 8.388307690651473081e-01
5.344339846296620733e-01 7.069943360327641813e-01
5.357750987690589328e-01 6.883393460305669009e-01
5.371162129084557924e-01 6.326227261342296515e-01
5.384573270478525409e-01 4.713833056226235385e-01
5.397984411872495114e-01 5.452248841446589722e-01
5.411395553266462599e-01 7.532173639142598631e-01
5.424806694660432305e-01 6.481329793889116786e-01
5.438217836054399790e-01 6.132159978901796649e-01
5.451628977448369495e-01 5.937385867647151372e-01
5.465040118842336980e-01 4.966667640564921271e-01
5.478451260236305576e-01 5.163637634422073575e-01
5.491862401630274171e-01 6.611988881919117489e-01
5.505273543024242766e-01 4.456490294137580577e-01
5.518684684418211361e-01 5.536060120177523913e-01
5.532095825812179957e-01 6.144783236302444607e-01
5.545506967206147442e-01 8.502761265496872056e-01
5.558918108600117147e-01 7.375059359841387163e-01
5.572329249994084632e-01 8.026973028514774455e-01
5.585740391388054338e-01 5.170874047575466648e-01
5.599151532782021823e-01 4.869778269145825789e-01
5.612562674175990418e-01 5.893247407369912594e-01
5.625973815569959013e-01 4.982203277109462647e-01
5.639384956963927609e-01 3.961230128987267562e-01
5.652796098357896204e-01 3.210666436195381834e-01
5.666207239751864799e-01 5.595366668538588328e-01
5.679618381145833395e-01 6.132254239239713911e-01
5.693029522539801990e-01 2.658044286175424986e-01
5.706440663933770585e-01 4.427571206288476446e-01
5.719851805327739180e-01 5.376088829945118164e-01
5.733262946721707776e-01 1.260086342028259310e-01
5.746674088115676371e-01 3.553948996532199089e-01
5.760085229509644966e-01 5.944771742513594859e-01
5.773496370903612451e-01 3.996459432640975251e-01
5.786907512297582157e-01 4.262333745997750611e-01
5.800318653691549642e-01 5.087808903594819299e-01
5.813729795085519347e-01 4.929220070732895920e-01
5.827140936479486832e-01 4.072439013147146625e-01
5.840552077873455428e-01 2.786850112571528371e-01
5.853963219267424023e-01 3.884252913577554978e-01
5.867374360661392618e-01 2.903481908532299371e-01
5.880785502055361214e-01 3.729283173063180357e-02
5.894196643449329809e-01 3.258488735566089645e-02
5.907607784843297294e-01 2.160720704525047609e-01
5.921018926237266999e-01 4.751205529817852380e-01
5.934430067631234484e-01 5.216228224518104639e-01
5.947841209025204190e-01 2.975086093848275937e-01
5.961252350419171675e-01 3.795506526972260986e-01
5.974663491813141381e-01 1.725953652533078753e-01
5.988074633207108866e-01 7.105427357601001859e-15
