# q (1/Angstrom), Intensity (arb)
2.078726924066784734e-02 2.995806243161503062e+02
2.212838338006469993e-02 4.447107844311250915e+02
2.346949751946154905e-02 6.102080127835370149e+02
2.481061165885840164e-02 8.819394506033761445e+02
2.615172579825525423e-02 1.024551733942119881e+03
2.749283993765210335e-02 1.074148833939751739e+03
2.883395407704895941e-02 1.120872800194836373e+03
3.017506821644580506e-02 1.150099978395419612e+03
3.151618235584265765e-02 1.158704961344451476e+03
3.285729649523951718e-02 1.157560326995889682e+03
3.419841063463636283e-02 1.152221778937439467e+03
3.553952477403321542e-02 1.149217048755589531e+03
3.688063891343006800e-02 1.139792689970238825e+03
3.822175305282692059e-02 1.132474626781858660e+03
3.956286719222376624e-02 1.128036915276367154e+03
4.090398133162062577e-02 1.119571961724244375e+03
4.224509547101747142e-02 1.113552365243803706e+03
4.358620961041432401e-02 1.100193626438210913e+03
4.492732374981117660e-02 1.095423054085129934e+03
4.626843788920802919e-02 1.090158839046471712e+03
4.760955202860488178e-02 1.090764983375915563e+03
4.895066616800172743e-02 1.082867472960288524e+03
5.029178030739858696e-02 1.071192593254203530e+03
5.163289444679544649e-02 1.065493438514564104e+03
5.297400858619229214e-02 1.061534822334424007e+03
5.431512272558913779e-02 1.054498262953247831e+03
5.565623686498599731e-02 1.043154398319075881e+03
5.699735100438284990e-02 1.029759850347765450e+03
5.833846514377969555e-02 1.019888787817212233e+03
5.967957928317654814e-02 1.008966469804000326e+03
6.102069342257340767e-02 9.962383848088948071e+02
6.236180756197025332e-02 9.831741920726025228e+02
6.370292170136709897e-02 9.740611552091138492e+02
6.504403584076395850e-02 9.629019504827717810e+02
6.638514998016080415e-02 9.494920496907803908e+02
6.772626411955766368e-02 9.333150345221636144e+02
6.906737825895450933e-02 9.172038074993414511e+02
7.040849239835136886e-02 9.041440425662169673e+02
7.174960653774821451e-02 8.913135139503848450e+02
7.309072067714506016e-02 8.734170600446519757e+02
7.443183481654190581e-02 8.589135096652937591e+02
7.577294895593877921e-02 8.422429150201743369e+02
7.711406309533562486e-02 8.227642607043470662e+02
7.845517723473247051e-02 8.059616976317231547e+02
7.979629137412933004e-02 7.920391598955948211e+02
8.113740551352617569e-02 7.766403735479296984e+02
8.247851965292302134e-02 7.605205192814707971e+02
8.381963379231988087e-02 7.464169869262816519e+02
8.516074793171674040e-02 7.292497064532617514e+02
8.650186207111358605e-02 7.119141743980817409e+02
8.784297621051043170e-02 6.975199282430057792e+02
8.918409034990729123e-02 6.819984182464781952e+02
9.052520448930413688e-02 6.665347916345081103e+02
9.186631862870098253e-02 6.503953710739979215e+02
9.320743276809784206e-02 6.334691040765775369e+02
9.454854690749470159e-02 6.204651676545198598e+02
9.588966104689154724e-02 6.030868286483391785e+02
9.723077518628839289e-02 5.879479168562884297e+02
9.857188932568525241e-02 5.739994558932132804e+02
9.991300346508209806e-02 5.591440975850931636e+02
1.012541176044789437e-01 5.450235682584650476e+02
1.025952317438758032e-01 5.314993545866683462e+02
1.039363458832726350e-01 5.168468150472473326e+02
1.052774600226694945e-01 4.998789632247646750e+02
1.066185741620663541e-01 4.854769488862119147e+02
1.079596883014631858e-01 4.715408476551803005e+02
1.093008024408600454e-01 4.579368728135744959e+02
1.106419165802569049e-01 4.432874332179990802e+02
1.119830307196537506e-01 4.315040458526539169e+02
1.133241448590506101e-01 4.195005650834456219e+02
1.146652589984474419e-01 4.057222646852931121e+02
1.160063731378443014e-01 3.921576325310046514e+02
1.173474872772411609e-01 3.787381745381304086e+02
1.186886014166380066e-01 3.675685464126017905e+02
1.200297155560348661e-01 3.554499106583010644e+02
1.213708296954317256e-01 3.426937614221008062e+02
1.227119438348285574e-01 3.316111725298158035e+02
1.240530579742254169e-01 3.195870397487976220e+02
1.253941721136222764e-01 3.075687672346240902e+02
1.267352862530191082e-01 2.963471078068148472e+02
1.280764003924159677e-01 2.856018204033269967e+02
1.294175145318128273e-01 2.749999013435342476e+02
1.307586286712096590e-01 2.647217822016242508e+02
1.320997428106065186e-01 2.554437583512587651e+02
1.334408569500033781e-01 2.444140657005770834e+02
1.347819710894002376e-01 2.341057488425655038e+02
1.361230852287970972e-01 2.255435538183106985e+02
1.374641993681939289e-01 2.161826653473497970e+02
1.388053135075907885e-01 2.082844581602478229e+02
1.401464276469876480e-01 1.988315184665267452e+02
1.414875417863844798e-01 1.903551439926740727e+02
1.428286559257813393e-01 1.825634472023198214e+02
1.441697700651781988e-01 1.747067240834651329e+02
1.455108842045750306e-01 1.660140210842694728e+02
1.468519983439718901e-01 1.591415255334582639e+02
1.481931124833687219e-01 1.523866918735665195e+02
1.495342266227655814e-01 1.451724292397228453e+02
1.508753407621624687e-01 1.384321841737882153e+02
1.522164549015593005e-01 1.309340172327540301e+02
1.535575690409561600e-01 1.249049492554180318e+02
1.548986831803530195e-01 1.188558432862650136e+02
1.562397973197498513e-01 1.118947917223562598e+02
1.575809114591467108e-01 1.062007682243820170e+02
1.589220255985435704e-01 1.015463123255705966e+02
1.602631397379404021e-01 9.662208212545566255e+01
1.616042538773372617e-01 9.146352809585049215e+01
1.629453680167341212e-01 8.507363989141046545e+01
1.642864821561309530e-01 8.022578649500830750e+01
1.656275962955278125e-01 7.645472687196077288e+01
1.669687104349246720e-01 7.172711502444457210e+01
1.683098245743215315e-01 6.730646847759406626e+01
1.696509387137183911e-01 6.337615439783239424e+01
1.709920528531152228e-01 5.974788810069719602e+01
1.723331669925120824e-01 5.580095627161770722e+01
1.736742811319089419e-01 5.218857178616494252e+01
1.750153952713057737e-01 4.985155527200645054e+01
1.763565094107026332e-01 4.611028451663493399e+01
1.776976235500994927e-01 4.217227033869707498e+01
1.790387376894963245e-01 3.986586698952756080e+01
1.803798518288931840e-01 3.702578504359219380e+01
1.817209659682900158e-01 3.430743373413858421e+01
1.830620801076868753e-01 3.168895574697150153e+01
1.844031942470837349e-01 2.915898665422012925e+01
1.857443083864805944e-01 2.726934465502301919e+01
1.870854225258774539e-01 2.556604367700808211e+01
1.884265366652743134e-01 2.401921740514261217e+01
1.897676508046711452e-01 2.216819522053609148e+01
1.911087649440680047e-01 1.996888963052036559e+01
1.924498790834648643e-01 1.837892933899728121e+01
1.937909932228616960e-01 1.763099644313530234e+01
1.951321073622585556e-01 1.584625558138782253e+01
1.964732215016554151e-01 1.407464432745314298e+01
1.978143356410522469e-01 1.306952178643162199e+01
1.991554497804491064e-01 1.193188780266507365e+01
2.004965639198459382e-01 1.073959524022386347e+01
2.018376780592427977e-01 9.884871023632129550e+00
2.031787921986396572e-01 9.981725988164455998e+00
2.045199063380365168e-01 9.243453711291081731e+00
2.058610204774333763e-01 8.033696730583699264e+00
2.072021346168302081e-01 7.590455393804163009e+00
2.085432487562270676e-01 7.816009758649471451e+00
2.098843628956239271e-01 7.263981319093417710e+00
2.112254770350207866e-01 6.546105532551592887e+00
2.125665911744176462e-01 6.166845340138578990e+00
2.139077053138144502e-01 5.885425737429244464e+00
2.152488194532113097e-01 6.055478719141277111e+00
2.165899335926081692e-01 6.062534003788840664e+00
2.179310477320050288e-01 5.441382500338363570e+00
2.192721618714018883e-01 5.256584316813558644e+00
2.206132760107987478e-01 4.391310364723779003e+00
2.219543901501955796e-01 4.547631998188975899e+00
2.232955042895924391e-01 4.751801120483918339e+00
2.246366184289892987e-01 5.056527371886005540e+00
2.259777325683861582e-01 4.780123293392193773e+00
2.273188467077830177e-01 4.362749462499834863e+00
2.286599608471798217e-01 5.233791224304994216e+00
2.300010749865766813e-01 4.944373080984959756e+00
2.313421891259735408e-01 4.696366013132944772e+00
2.326833032653704003e-01 5.133709366012240594e+00
2.340244174047672598e-01 5.322401762557120719e+00
2.353655315441641194e-01 5.195407782616626946e+00
2.367066456835609234e-01 5.693636453548990062e+00
2.380477598229577829e-01 5.492588058799796613e+00
2.393888739623546424e-01 5.857739560762510678e+00
2.407299881017515020e-01 6.400695426547841294e+00
2.420711022411483615e-01 6.693237014053451617e+00
2.434122163805451933e-01 5.867125415053038751e+00
2.447533305199420528e-01 6.181032331411159930e+00
2.460944446593389123e-01 6.647504239747235033e+00
2.474355587987357719e-01 6.919488478402527676e+00
2.487766729381326314e-01 7.028972541507997107e+00
2.501177870775294632e-01 6.859494845110560846e+00
2.514589012169263227e-01 7.075122365236254041e+00
2.528000153563231822e-01 7.424689471804001073e+00
2.541411294957200417e-01 7.823622789399578892e+00
2.554822436351169013e-01 7.917495372884033600e+00
2.568233577745137608e-01 7.601358454272940435e+00
2.581644719139106203e-01 7.739338472462335972e+00
2.595055860533074243e-01 7.948212622814878614e+00
2.608467001927042839e-01 8.185409731504179831e+00
2.621878143321011434e-01 8.278752810687279862e+00
2.635289284714980029e-01 8.356045493426137227e+00
2.648700426108948625e-01 8.269287621139355338e+00
2.662111567502916665e-01 8.186228371119540270e+00
2.675522708896885260e-01 7.821901173753857961e+00
2.688933850290853855e-01 8.175777908683031114e+00
2.702344991684822451e-01 8.926848080581919476e+00
2.715756133078791046e-01 9.088100485878513268e+00
2.729167274472759641e-01 8.926264112361309344e+00
2.742578415866727681e-01 9.308079295907631945e+00
2.755989557260696277e-01 8.814144573578104769e+00
2.769400698654664872e-01 8.500535409804697906e+00
2.782811840048633467e-01 8.716716993398648583e+00
2.796222981442602062e-01 8.176947741834709404e+00
2.809634122836570103e-01 8.234342724955098447e+00
2.823045264230538698e-01 8.340290396304666842e+00
2.836456405624507293e-01 7.952233073654127793e+00
2.849867547018475888e-01 7.913788352488296596e+00
2.863278688412444484e-01 7.929322534134939815e+00
2.876689829806413079e-01 8.028438172408613127e+00
2.890100971200381674e-01 7.865890823772886620e+00
2.903512112594350270e-01 7.663285603567189241e+00
2.916923253988318865e-01 7.750214677700171251e+00
2.930334395382287460e-01 7.511206736835887909e+00
2.943745536776256055e-01 7.759799739880619995e+00
2.957156678170224096e-01 7.693986899839060811e+00
2.970567819564192691e-01 7.200045675805796463e+00
2.983978960958161286e-01 6.958145289546749268e+00
2.997390102352129881e-01 7.045349620672070046e+00
3.010801243746098477e-01 7.077560144023820499e+00
3.024212385140067072e-01 7.097639413394702501e+00
3.037623526534035112e-01 6.871712127446187424e+00
3.051034667928003707e-01 6.552804358428474529e+00
3.064445809321972303e-01 6.596355054524806860e+00
3.077856950715940898e-01 6.401683690577058883e+00
3.091268092109909493e-01 5.924151621878195328e+00
3.104679233503877533e-01 5.880794181698078660e+00
3.118090374897846129e-01 6.026653099833495730e+00
3.131501516291814724e-01 5.769195045899977004e+00
3.144912657685783319e-01 5.174196560253520261e+00
3.158323799079751915e-01 5.182749108491307766e+00
3.171734940473720510e-01 4.885082218812840438e+00
3.185146081867689105e-01 5.104854183653330324e+00
3.198557223261657700e-01 5.154060366870169219e+00
3.211968364655626296e-01 4.369258422944866993e+00
3.225379506049594891e-01 4.264053943210612374e+00
3.238790647443563486e-01 4.438930869028496318e+00
3.252201788837532082e-01 4.225465116276012623e+00
3.265612930231500122e-01 4.269156535610164838e+00
3.279024071625468717e-01 4.204247576062812186e+00
3.292435213019437312e-01 3.650062710761986295e+00
3.305846354413405908e-01 3.553370278320542752e+00
3.319257495807374503e-01 3.245812093566243561e+00
3.332668637201342543e-01 3.169124441117446622e+00
3.346079778595311138e-01 3.123336414480945677e+00
3.359490919989279734e-01 3.215055541135029671e+00
3.372902061383248329e-01 3.037457479553012263e+00
3.386313202777216924e-01 2.998162581405466653e+00
3.399724344171185519e-01 2.660511026565984594e+00
3.413135485565153560e-01 2.647469475108678694e+00
3.426546626959122155e-01 2.116877547646438984e+00
3.439957768353090750e-01 2.380834936974906668e+00
3.453368909747059345e-01 2.319506560853938026e+00
3.466780051141027941e-01 2.162441662755654193e+00
3.480191192534995981e-01 1.796580484648927722e+00
3.493602333928964576e-01 1.663385498717090627e+00
3.507013475322933171e-01 1.783074404457806850e+00
3.520424616716901767e-01 2.180449947119498688e+00
3.533835758110870362e-01 1.728879911596820307e+00
3.547246899504838957e-01 1.414552088414140485e+00
3.560658040898807553e-01 1.601209758856612098e+00
3.574069182292776148e-01 1.992472673345801581e+00
3.587480323686744743e-01 1.835150826457379480e+00
3.600891465080713338e-01 1.736484611015001178e+00
3.614302606474681934e-01 1.621475143391563734e+00
3.627713747868649974e-01 1.788291196308691156e+00
3.641124889262618569e-01 1.955113227963508393e+00
3.654536030656587164e-01 1.499548036389754202e+00
3.667947172050555760e-01 1.342717427440334177e+00
3.681358313444524355e-01 1.826290051135302406e+00
3.694769454838492950e-01 1.770196988076989442e+00
3.708180596232460990e-01 1.583017161425118502e+00
3.721591737626429586e-01 1.396483362928918837e+00
3.735002879020398181e-01 1.398792500974124664e+00
3.748414020414366776e-01 1.258254624753249118e+00
3.761825161808335372e-01 1.030130291780324114e+00
3.775236303202303967e-01 8.454140186450729288e-01
3.788647444596272007e-01 1.450440437477269029e+00
3.802058585990240602e-01 1.463104811626493529e+00
3.815469727384209198e-01 1.714257221914223805e+00
3.828880868778177793e-01 1.648883926660694499e+00
3.842292010172146388e-01 1.300804316082022183e+00
3.855703151566114428e-01 1.366996725901216791e+00
3.869114292960083024e-01 1.205425033382212519e+00
3.882525434354051619e-01 9.715996521163674515e-01
3.895936575748020214e-01 9.804730607172160717e-01
3.909347717141988809e-01 9.935560198768342843e-01
3.922758858535957405e-01 1.188995752954681961e+00
3.936169999929926000e-01 1.457807046332867174e+00
3.949581141323894595e-01 8.061231738117697887e-01
3.962992282717863191e-01 1.355218206862446095e+00
3.976403424111831786e-01 1.485700467925688883e+00
3.989814565505800381e-01 1.302913507131520987e+00
4.003225706899768976e-01 1.213161060002910574e+00
4.016636848293737572e-01 1.137253286199687352e+00
4.030047989687706167e-01 1.199089533423084220e+00
4.043459131081674207e-01 1.382698180115561115e+00
4.056870272475643358e-01 1.556010309587897211e+00
4.070281413869611398e-01 1.522164498231511232e+00
4.083692555263580548e-01 1.468535686985198652e+00
4.097103696657548588e-01 1.000307649271228172e+00
4.110514838051517739e-01 1.267720188741293441e+00
4.123925979445485779e-01 1.133884943590828698e+00
4.137337120839453819e-01 1.164691631161566931e+00
4.150748262233422969e-01 1.037551684522320272e+00
4.164159403627391010e-01 1.216786332758637457e+00
4.177570545021360160e-01 1.156378817233175482e+00
4.190981686415328200e-01 1.010007897066451221e+00
4.204392827809296240e-01 9.984461618255409121e-01
4.217803969203265391e-01 1.384220238344724407e+00
4.231215110597233431e-01 1.260472712467432643e+00
4.244626251991202581e-01 1.202330294470826288e+00
4.258037393385170621e-01 1.204234052435545266e+00
4.271448534779138662e-01 1.601551005594039623e+00
4.284859676173107812e-01 1.634358113819779135e+00
4.298270817567075852e-01 1.548270587467683868e+00
4.311681958961045003e-01 1.641597989289046211e+00
4.325093100355013043e-01 1.519917003084252372e+00
4.338504241748981638e-01 1.276048406977551508e+00
4.351915383142950233e-01 1.149071798720612492e+00
4.365326524536918829e-01 1.464872098763684960e+00
4.378737665930887424e-01 1.654131779938381896e+00
4.392148807324856019e-01 9.843954350988255442e-01
4.405559948718824614e-01 1.411172858363407556e+00
4.418971090112793210e-01 1.786682989247374564e+00
4.432382231506761250e-01 1.353534362991325679e+00
4.445793372900730400e-01 8.937154103137601169e-01
4.459204514294698440e-01 9.780476141650638056e-01
4.472615655688667591e-01 1.290932755240532970e+00
4.486026797082635631e-01 1.468757420558524984e+00
4.499437938476603671e-01 1.374396899764647628e+00
4.512849079870572822e-01 1.253837168264460900e+00
4.526260221264540862e-01 1.301083844654499444e+00
4.539671362658510012e-01 1.611102311309039692e+00
4.553082504052478052e-01 1.571506436356031600e+00
4.566493645446446092e-01 9.953880812904856157e-01
4.579904786840415243e-01 7.638765646429845901e-01
4.593315928234383283e-01 9.576215940528243209e-01
4.606727069628352433e-01 1.113526898588062863e+00
4.620138211022320474e-01 8.180560529876927944e-01
4.633549352416289624e-01 8.787206418016708653e-01
4.646960493810257664e-01 7.888855888574610731e-01
4.660371635204225704e-01 1.217672267998679558e+00
4.673782776598194855e-01 1.365804287827344865e+00
4.687193917992162895e-01 1.593286817030936220e+00
4.700605059386132045e-01 1.297781231641486954e+00
4.714016200780100085e-01 9.191822119906092325e-01
4.727427342174068681e-01 9.705709423681554426e-01
4.740838483568037276e-01 1.103968118028589629e+00
4.754249624962005871e-01 9.303421321083575890e-01
4.767660766355974467e-01 7.993667482913124900e-01
4.781071907749943062e-01 8.038057563630900404e-01
4.794483049143911102e-01 8.457642288036026912e-01
4.807894190537880252e-01 9.418694110479748360e-01
4.821305331931848293e-01 9.787235830602725173e-01
4.834716473325817443e-01 6.980379527909263970e-01
4.848127614719785483e-01 7.705642068529385824e-01
4.861538756113753523e-01 1.030263437758776490e+00
4.874949897507722674e-01 8.021565599851072648e-01
4.888361038901690714e-01 8.726822024906581987e-01
4.901772180295659864e-01 6.982344320223035083e-01
4.915183321689627904e-01 4.187439601578972770e-01
4.928594463083597055e-01 7.557603466730569153e-01
4.942005604477565095e-01 8.791555511706761195e-01
4.955416745871533135e-01 7.079945872190123168e-01
4.968827887265502286e-01 8.085189100221867875e-01
4.982239028659470326e-01 8.191402953302784340e-01
4.995650170053439476e-01 8.783341550992531666e-01
5.009061311447408071e-01 8.247539563628407677e-01
5.022472452841375556e-01 3.734491519424807393e-01
5.035883594235345262e-01 6.226015675648213232e-01
5.049294735629312747e-01 9.077375576476640617e-01
5.062705877023282452e-01 7.054094830486050682e-01
5.076117018417249938e-01 6.788569686183905105e-01
5.089528159811218533e-01 7.360144864095019557e-01
5.102939301205187128e-01 4.432675393142986309e-01
5.116350442599155723e-01 5.160173249364632397e-01
5.129761583993124319e-01 1.982814752402930480e-01
5.143172725387092914e-01 1.783805173530126353e-01
5.156583866781061509e-01 2.076566079440738122e-01
5.169995008175030105e-01 2.595024283753346594e-01
5.183406149568997590e-01 2.048377338011704296e-01
5.196817290962967295e-01 1.947505339504616018e-01
5.210228432356934780e-01 5.159639939347471227e-02
5.223639573750904486e-01 4.491814434554228797e-01
5.237050715144871971e-01 3.935959367592118952e-01
5.250461856538840566e-01 5.320222268623808759e-01
5.263872997932809161e-01 5.856122848905229716e-01
5.277284139326777757e-01 6.365012217563190688e-01
5.290695280720746352e-01 3.447685848097279404e-01
5.304106422114714947e-01 6.068635927610230851e-01
5.317517563508683542e-01 5.197243404154505697e-01
5.330928704902652138e-01 3.096124806927420536e-01
5.344339846296620733e-01 3.937241351326505878e-01
5.357750987690589328e-01 4.754942054448321187e-01
5.371162129084557924e-01 3.228130854077875256e-01
5.384573270478525409e-01 4.529453388684530069e-01
5.397984411872495114e-01 8.471460461474507042e-01
5.411395553266462599e-01 8.099155104862276744e-01
5.424806694660432305e-01 5.311286267032429009e-01
5.438217836054399790e-01 2.802943387147536214e-01
5.451628977448369495e-01 2.439238866832198482e-01
5.465040118842336980e-01 1.972175208289712600e-01
5.478451260236305576e-01 2.355678436484254235e-01
5.491862401630274171e-01 2.006477101270789376e-01
5.505273543024242766e-01 3.721980440143397573e-01
5.518684684418211361e-01 4.259266202227252052e-01
5.532095825812179957e-01 3.070942717844999947e-01
5.545506967206147442e-01 2.443138392649615298e-01
5.558918108600117147e-01 2.461107522930703340e-01
5.572329249994084632e-01 2.785486983602751820e-01
5.585740391388054338e-01 3.737205028373367099e-01
5.599151532782021823e-01 2.151307504147368377e-01
5.612562674175990418e-01 3.963703086156584732e-01
5.625973815569959013e-01 5.548654103188539466e-01
5.639384956963927609e-01 4.178654591093859949e-01
5.652796098357896204e-01 4.106729912038957764e-01
5.666207239751864799e-01 3.592486739009572716e-01
5.679618381145833395e-01 2.828444143618114026e-01
5.693029522539801990e-01 1.018347499153335889e-01
5.706440663933770585e-01 1.816731493911021289e-01
5.719851805327739180e-01 2.176769348080540567e-01
5.733262946721707776e-01 1.175302725267499682e-01
5.746674088115676371e-01 0.000000000000000000e+00
5.760085229509644966e-01 1.838729976291944013e-01
5.773496370903612451e-01 4.425805787019356785e-01
5.786907512297582157e-01 7.786105473627031870e-01
5.800318653691549642e-01 7.397244438124985777e-01
5.813729795085519347e-01 8.463588921619518146e-01
5.827140936479486832e-01 6.729783060889360513e-01
5.840552077873455428e-01 5.552373965669517020e-01
5.853963219267424023e-01 1.746096717496925521e-01
5.867374360661392618e-01 9.602573609697628854e-03
5.880785502055361214e-01 3.444795033338010626e-01
5.894196643449329809e-01 4.497605357107445911e-01
5.907607784843297294e-01 4.484724289600805491e-01
5.921018926237266999e-01 7.368492429944382138e-01
5.934430067631234484e-01 2.533915834295967784e-01
5.947841209025204190e-01 1.040457681873405704e-01
5.961252350419171675e-01 2.242248051376449780e-01
5.974663491813141381e-01 7.393678367865419432e-02
5.988074633207108866e-01 8.080528442629031360e-02
