# q (1/Angstrom), Intensity (arb)
2.029070354705860696e-02 2.543324398542904419e+02
2.133125244372399004e-02 2.232954671692114630e+02
2.237180134038937659e-02 2.003091049349801835e+02
2.341235023705475968e-02 1.818891906486324217e+02
2.445289913372014276e-02 1.644187813108553939e+02
2.549344803038552584e-02 1.488045182521509560e+02
2.653399692705091240e-02 1.376329019602516155e+02
2.757454582371629548e-02 1.299238190021501396e+02
2.861509472038167856e-02 1.239203045521807667e+02
2.965564361704706164e-02 1.169869605641874415e+02
3.069619251371244473e-02 1.114423311064357733e+02
3.173674141037782781e-02 1.088801161776058422e+02
3.277729030704321089e-02 1.050712156002297206e+02
3.381783920370859398e-02 1.031521240615476813e+02
3.485838810037397706e-02 1.015783435344155521e+02
3.589893699703936014e-02 1.001370274967099618e+02
3.693948589370474322e-02 9.907223380353690345e+01
3.798003479037012631e-02 9.777325074684779338e+01
3.902058368703550939e-02 9.908217453629542604e+01
4.006113258370089247e-02 1.018940814178128988e+02
4.110168148036627556e-02 1.049822973821188441e+02
4.214223037703165864e-02 1.080131931010265163e+02
4.318277927369704866e-02 1.125963546830959530e+02
4.422332817036243174e-02 1.178227689368457334e+02
4.526387706702781483e-02 1.242729158743199065e+02
4.630442596369319791e-02 1.333284474411704821e+02
4.734497486035858099e-02 1.449621391466543230e+02
4.838552375702396408e-02 1.621417059098700975e+02
4.942607265368934716e-02 1.867136533984921982e+02
5.046662155035473024e-02 2.191138272779218710e+02
5.150717044702011332e-02 2.694921435042487019e+02
5.254771934368549641e-02 3.591831049672342715e+02
5.358826824035087949e-02 5.073786739392456298e+02
5.462881713701626257e-02 7.274526725240257292e+02
5.566936603368164566e-02 1.022215864368011353e+03
5.670991493034702874e-02 1.347868486751869796e+03
5.775046382701241182e-02 1.538531881586021200e+03
5.879101272367779490e-02 1.523303730314681388e+03
5.983156162034317799e-02 1.375402070903610365e+03
6.087211051700856107e-02 1.170674493439974185e+03
6.191265941367394415e-02 9.609763619776798578e+02
6.295320831033933417e-02 7.753595349984144605e+02
6.399375720700471726e-02 6.214353798384194079e+02
6.503430610367010034e-02 4.985368730926995795e+02
6.607485500033548342e-02 3.986384293513057173e+02
6.711540389700086651e-02 3.176178250247688197e+02
6.815595279366624959e-02 2.480802371343716572e+02
6.919650169033163267e-02 1.906029747140212862e+02
7.023705058699701576e-02 1.432612243410968063e+02
7.127759948366239884e-02 1.071022488312837311e+02
7.231814838032778192e-02 8.012411847373559226e+01
7.335869727699316500e-02 6.024988804413162313e+01
7.439924617365854809e-02 4.627121856237850750e+01
7.543979507032393117e-02 3.716417792267243669e+01
7.648034396698931425e-02 3.047911599150659967e+01
7.752089286365469734e-02 2.527732905128391749e+01
7.856144176032008042e-02 2.179598716297891059e+01
7.960199065698546350e-02 1.937418418787490637e+01
8.064253955365084658e-02 1.706273715099041155e+01
8.168308845031622967e-02 1.610792717322265588e+01
8.272363734698161275e-02 1.512763728449655432e+01
8.376418624364699583e-02 1.499641816084995938e+01
8.480473514031239279e-02 1.548538739749847082e+01
8.584528403697777588e-02 1.605172331571679578e+01
8.688583293364315896e-02 1.639085224657930340e+01
8.792638183030854204e-02 1.875908185791088911e+01
8.896693072697392513e-02 2.177038144645336359e+01
9.000747962363930821e-02 2.690129663198766963e+01
9.104802852030469129e-02 3.457907184030413816e+01
9.208857741697007437e-02 4.556962967937900544e+01
9.312912631363545746e-02 5.658161274143274966e+01
9.416967521030084054e-02 6.304087440101507411e+01
9.521022410696622362e-02 6.558690812752355725e+01
9.625077300363160671e-02 6.612153893218469136e+01
9.729132190029698979e-02 6.455710528103948320e+01
9.833187079696237287e-02 6.050273895619351094e+01
9.937241969362775595e-02 5.754332088134309942e+01
1.004129685902931390e-01 5.501779141820123442e+01
1.014535174869585221e-01 5.238279471606784909e+01
1.024940663836239052e-01 5.101854571586319764e+01
1.035346152802892883e-01 5.075824134108746932e+01
1.045751641769546714e-01 5.099177838106407989e+01
1.056157130736200545e-01 5.296189378227052202e+01
1.066562619702854375e-01 5.840025569543205108e+01
1.076968108669508206e-01 6.586795582478050903e+01
1.087373597636162037e-01 7.400589195937816100e+01
1.097779086602815868e-01 7.814645019135228665e+01
1.108184575569469699e-01 7.712560173486194515e+01
1.118590064536123529e-01 7.513663059632057184e+01
1.128995553502777360e-01 7.270622576649267899e+01
1.139401042469431191e-01 6.811144052257742487e+01
1.149806531436085022e-01 6.133904647983027303e+01
1.160212020402738853e-01 5.471856920217145870e+01
1.170617509369392684e-01 4.836899209074562123e+01
1.181022998336046514e-01 4.240586616168305056e+01
1.191428487302700345e-01 3.669759377296954739e+01
1.201833976269354176e-01 3.130176445259050055e+01
1.212239465236008007e-01 2.656722567988867922e+01
1.222644954202661838e-01 2.232059403681641996e+01
1.233050443169315669e-01 1.904137631693366828e+01
1.243455932135969499e-01 1.619290369627696791e+01
1.253861421102623330e-01 1.357681015519985834e+01
1.264266910069277161e-01 1.115991906749520268e+01
1.274672399035930992e-01 9.601694777676630821e+00
1.285077888002584823e-01 8.486594489233436178e+00
1.295483376969238654e-01 7.591550596817175034e+00
1.305888865935892484e-01 6.867239312875806689e+00
1.316294354902546315e-01 6.279772609343272194e+00
1.326699843869200146e-01 5.736313325510920436e+00
1.337105332835853977e-01 4.985529973793159542e+00
1.347510821802507808e-01 4.881373454255694355e+00
1.357916310769161639e-01 4.723315927213313614e+00
1.368321799735815469e-01 4.806288011183880826e+00
1.378727288702469300e-01 4.949855205938099800e+00
1.389132777669123131e-01 5.622801228859170664e+00
1.399538266635776962e-01 6.052511740562721343e+00
1.409943755602430793e-01 6.493972625289877953e+00
1.420349244569084624e-01 7.662989416481142513e+00
1.430754733535738454e-01 8.885998109229451103e+00
1.441160222502392285e-01 9.985253926598939955e+00
1.451565711469046116e-01 1.154711700720663359e+01
1.461971200435699947e-01 1.270453950975671020e+01
1.472376689402353778e-01 1.329627509309386113e+01
1.482782178369007609e-01 1.338861241139125013e+01
1.493187667335661439e-01 1.303455333666449079e+01
1.503593156302315270e-01 1.250366300170751899e+01
1.513998645268969101e-01 1.186367626199611536e+01
1.524404134235622932e-01 1.160794479471967122e+01
1.534809623202276763e-01 1.128988751238794208e+01
1.545215112168930593e-01 1.073758359800569551e+01
1.555620601135584424e-01 9.977332378221706932e+00
1.566026090102238255e-01 1.008366455455237087e+01
1.576431579068892086e-01 1.019737913482051539e+01
1.586837068035545917e-01 9.977733188091786332e+00
1.597242557002199748e-01 9.456614002101623839e+00
1.607648045968853578e-01 9.584632803921742550e+00
1.618053534935507409e-01 9.645757917651177848e+00
1.628459023902161240e-01 9.484816203999425710e+00
1.638864512868815071e-01 9.107122645688217943e+00
1.649270001835468902e-01 8.832104635641268686e+00
1.659675490802122733e-01 8.614293146391240441e+00
1.670080979768776563e-01 8.331843971624309120e+00
1.680486468735430672e-01 8.026664565910071047e+00
1.690891957702084503e-01 7.711633793892566757e+00
1.701297446668738333e-01 7.539811506959491538e+00
1.711702935635392164e-01 7.521072493535932324e+00
1.722108424602045995e-01 6.926127832716627353e+00
1.732513913568699826e-01 6.583354809986719403e+00
1.742919402535353657e-01 6.349436183814308521e+00
1.753324891502007488e-01 5.764174691763951586e+00
1.763730380468661318e-01 5.428137016943647808e+00
1.774135869435315149e-01 5.245761216640882907e+00
1.784541358401968980e-01 4.831940755497530660e+00
1.794946847368622811e-01 4.490130624374039314e+00
1.805352336335276642e-01 4.384296657062588309e+00
1.815757825301930473e-01 3.990028952417628005e+00
1.826163314268584303e-01 3.848501254184377274e+00
1.836568803235238134e-01 3.576715022129857147e+00
1.846974292201891965e-01 3.229126714541635579e+00
1.857379781168545796e-01 3.208595383458074934e+00
1.867785270135199627e-01 3.494448545902052672e+00
1.878190759101853458e-01 3.496003866805331484e+00
1.888596248068507288e-01 3.099370647806519941e+00
1.899001737035161119e-01 2.811739653151580143e+00
1.909407226001814950e-01 3.050064034536198676e+00
1.919812714968468781e-01 3.213068101315261771e+00
1.930218203935122612e-01 3.274441376690873540e+00
1.940623692901776443e-01 3.264758114682248191e+00
1.951029181868430273e-01 3.543191648057018028e+00
1.961434670835084104e-01 3.655381108235111753e+00
1.971840159801737935e-01 3.689960090354517774e+00
1.982245648768391766e-01 3.455457769609548535e+00
1.992651137735045597e-01 3.403328234754667392e+00
2.003056626701699428e-01 3.351903584225908617e+00
2.013462115668353813e-01 3.361899809984624454e+00
2.023867604635007644e-01 3.422837457411940676e+00
2.034273093601661475e-01 3.419437456482000925e+00
2.044678582568315306e-01 3.602073336777198875e+00
2.055084071534969137e-01 3.651852697606443598e+00
2.065489560501622968e-01 3.371628304455963843e+00
2.075895049468276798e-01 3.251540863963793271e+00
2.086300538434930629e-01 3.523614722318935577e+00
2.096706027401584460e-01 3.457316452463761181e+00
2.107111516368238291e-01 3.221571941474770995e+00
2.117517005334892122e-01 3.288287531103613048e+00
2.127922494301545953e-01 3.244442897652120905e+00
2.138327983268199783e-01 3.008915895632899407e+00
2.148733472234853614e-01 3.245952341156051801e+00
2.159138961201507445e-01 3.317438976577196996e+00
2.169544450168161276e-01 3.250504423815790744e+00
2.179949939134815107e-01 3.261944726777432635e+00
2.190355428101468938e-01 3.225484460930132968e+00
2.200760917068122768e-01 3.106893487374502882e+00
2.211166406034776599e-01 3.182169936972417901e+00
2.221571895001430430e-01 2.954193319886147862e+00
2.231977383968084261e-01 2.811256797563014942e+00
2.242382872934738092e-01 2.703948553736058358e+00
2.252788361901391923e-01 2.782538257689850525e+00
2.263193850868045753e-01 3.029856062947409612e+00
2.273599339834699584e-01 3.004410593901550186e+00
2.284004828801353415e-01 2.665843995131673694e+00
2.294410317768007246e-01 2.483804072020113551e+00
2.304815806734661077e-01 2.356182559191214665e+00
2.315221295701314908e-01 2.275797879629525511e+00
2.325626784667968738e-01 2.233082852699993737e+00
2.336032273634622569e-01 2.242648042550055010e+00
2.346437762601276400e-01 2.020880217611306762e+00
2.356843251567930231e-01 1.899134867970808216e+00
2.367248740534584062e-01 1.834625849956200483e+00
2.377654229501237892e-01 1.855513179307600069e+00
2.388059718467891723e-01 1.943229648599150039e+00
2.398465207434545554e-01 2.002692457807015103e+00
2.408870696401199385e-01 1.897174048846153482e+00
2.419276185367853216e-01 2.175311048921088286e+00
2.429681674334507047e-01 1.995666324329729235e+00
2.440087163301160877e-01 1.915046903164007830e+00
2.450492652267814708e-01 1.977199937509716676e+00
2.460898141234468539e-01 1.989265629623634624e+00
2.471303630201122370e-01 2.052865158978807614e+00
2.481709119167776201e-01 2.000452373347712864e+00
2.492114608134430032e-01 1.970836326401631311e+00
2.502520097101083585e-01 1.873765155416279526e+00
2.512925586067737416e-01 1.867418940779639769e+00
2.523331075034391247e-01 1.801264475123605990e+00
2.533736564001045077e-01 1.863511638503073442e+00
2.544142052967698908e-01 2.051883875557745540e+00
2.554547541934352739e-01 1.979311527271157445e+00
2.564953030901006570e-01 2.183727272299641697e+00
2.575358519867660401e-01 1.995858405894555432e+00
2.585764008834314231e-01 1.798143637374952419e+00
2.596169497800968062e-01 1.739744124972567363e+00
2.606574986767621893e-01 1.820576980917962828e+00
2.616980475734275724e-01 1.748201548327973143e+00
2.627385964700929555e-01 2.103417580727683145e+00
2.637791453667583386e-01 1.918528604960226147e+00
2.648196942634237216e-01 1.896541218489353753e+00
2.658602431600891047e-01 1.867253010518705736e+00
2.669007920567544878e-01 1.969958121562399356e+00
2.679413409534198709e-01 2.140071602535055462e+00
2.689818898500852540e-01 1.944472031419259395e+00
2.700224387467506371e-01 1.922396698473658461e+00
2.710629876434160201e-01 1.901781155374738574e+00
2.721035365400814032e-01 1.811243951917845152e+00
2.731440854367467863e-01 1.907650393613216977e+00
2.741846343334121694e-01 1.738550833518381467e+00
2.752251832300775525e-01 1.828930241372532350e+00
2.762657321267429356e-01 1.934171008857550333e+00
2.773062810234083186e-01 1.788479788394766956e+00
2.783468299200737017e-01 1.662518057748023637e+00
2.793873788167390848e-01 1.707966104864922841e+00
2.804279277134044679e-01 1.720276101441026384e+00
2.814684766100698510e-01 1.582045565480736826e+00
2.825090255067352341e-01 1.489166027348122867e+00
2.835495744034006171e-01 1.360384390631363516e+00
2.845901233000660002e-01 1.372683010158890937e+00
2.856306721967313833e-01 1.456344916305024384e+00
2.866712210933967664e-01 1.382122607387646696e+00
2.877117699900621495e-01 1.467696741228948554e+00
2.887523188867275326e-01 1.523051031987169068e+00
2.897928677833929156e-01 1.456462110451372638e+00
2.908334166800582987e-01 1.415041953435519417e+00
2.918739655767236818e-01 1.310930288402907706e+00
2.929145144733890649e-01 1.387775352684460728e+00
2.939550633700544480e-01 1.295400115891698789e+00
2.949956122667198311e-01 1.231043817549622332e+00
2.960361611633852141e-01 1.359440383330820623e+00
2.970767100600505972e-01 1.390881759299873011e+00
2.981172589567159803e-01 1.456924264690240278e+00
2.991578078533813634e-01 1.261138959421952421e+00
3.001983567500468020e-01 1.075191879400623662e+00
3.012389056467121851e-01 1.140776803902650016e+00
3.022794545433775681e-01 1.332944011848855581e+00
3.033200034400429512e-01 1.255368177134567276e+00
3.043605523367083343e-01 1.328421539057856648e+00
3.054011012333737174e-01 1.316868261731823253e+00
3.064416501300391005e-01 1.040966207348773764e+00
3.074821990267044836e-01 9.508318949504896977e-01
3.085227479233698666e-01 1.182654442120949057e+00
3.095632968200352497e-01 1.265644301875649802e+00
3.106038457167006328e-01 1.322828852610470562e+00
3.116443946133660159e-01 1.269511328603748268e+00
3.126849435100313990e-01 1.283886202097924922e+00
3.137254924066967821e-01 9.777366698923906085e-01
3.147660413033621651e-01 1.126758555710605236e+00
3.158065902000275482e-01 1.216803073414066461e+00
3.168471390966929313e-01 1.140742789995666584e+00
3.178876879933583144e-01 1.111546054354281665e+00
3.189282368900236975e-01 1.201206459828924267e+00
3.199687857866890806e-01 1.385448778667896619e+00
3.210093346833544636e-01 1.129970164220782891e+00
3.220498835800198467e-01 9.843912023524126198e-01
3.230904324766852298e-01 1.046809486615046580e+00
3.241309813733506129e-01 1.127036878253619534e+00
3.251715302700159960e-01 1.228605807657455529e+00
3.262120791666813790e-01 1.087574601527204976e+00
3.272526280633467621e-01 9.792684260488968562e-01
3.282931769600121452e-01 1.022922615332028329e+00
3.293337258566775283e-01 1.030941951955075098e+00
3.303742747533429114e-01 1.002196129337530550e+00
3.314148236500082945e-01 9.092203008219179594e-01
3.324553725466736775e-01 1.050974601068279668e+00
3.334959214433390606e-01 1.122188230365246397e+00
3.345364703400044437e-01 1.134929677525789771e+00
3.355770192366698268e-01 1.181258250764575024e+00
3.366175681333352099e-01 1.116975568110174066e+00
3.376581170300005930e-01 1.041941793966405072e+00
3.386986659266659760e-01 1.035098691917507807e+00
3.397392148233313591e-01 1.064586901954047704e+00
3.407797637199967422e-01 9.903820825355715840e-01
3.418203126166621253e-01 9.476502988405215433e-01
3.428608615133275084e-01 9.091260597243291386e-01
3.439014104099928915e-01 8.495675005779581568e-01
3.449419593066582745e-01 8.426737281298350979e-01
3.459825082033236576e-01 8.066618352275618520e-01
3.470230570999890407e-01 9.400091248813815525e-01
3.480636059966544238e-01 9.709139581669781194e-01
3.491041548933198069e-01 9.291084627180339339e-01
3.501447037899851900e-01 8.801729419128285770e-01
3.511852526866505730e-01 1.000573147949527453e+00
3.522258015833159561e-01 1.099690767984949247e+00
3.532663504799813392e-01 1.057633657512884184e+00
3.543068993766467223e-01 7.865067477459106726e-01
3.553474482733121054e-01 7.522648178166875255e-01
3.563879971699774885e-01 9.817674245803402755e-01
3.574285460666428715e-01 8.930255791524608355e-01
3.584690949633082546e-01 5.526964521935227026e-01
3.595096438599736377e-01 6.860205167734427789e-01
3.605501927566390208e-01 7.917968361884604178e-01
3.615907416533044039e-01 9.682122178102972043e-01
3.626312905499697870e-01 8.268222660019226566e-01
3.636718394466351700e-01 7.674602847229117231e-01
3.647123883433005531e-01 6.697572803146307763e-01
3.657529372399659362e-01 6.407081876202305182e-01
3.667934861366313193e-01 7.633500968429203226e-01
3.678340350332967024e-01 7.408016518517896998e-01
3.688745839299620854e-01 6.606235999245875234e-01
3.699151328266274685e-01 6.594157326457157353e-01
3.709556817232928516e-01 6.428985610687405483e-01
3.719962306199582347e-01 7.987680733406108402e-01
3.730367795166236178e-01 8.377647473474851836e-01
3.740773284132890009e-01 7.043465603965231026e-01
3.751178773099543839e-01 7.203519511355835903e-01
3.761584262066197670e-01 7.038293310191647834e-01
3.771989751032851501e-01 7.881362149737540790e-01
3.782395239999505332e-01 6.724339895874713591e-01
3.792800728966159163e-01 5.586134459115470463e-01
3.803206217932812994e-01 5.580578334504195936e-01
3.813611706899466824e-01 8.828371719929357653e-01
3.824017195866120655e-01 7.871572871458738518e-01
3.834422684832774486e-01 6.714251585934185584e-01
3.844828173799428317e-01 6.134764558932346290e-01
3.855233662766082148e-01 5.897084758068267263e-01
3.865639151732735979e-01 6.554352798937088664e-01
3.876044640699389809e-01 6.197580264986299881e-01
3.886450129666043640e-01 5.289321191856295457e-01
3.896855618632697471e-01 7.738247269211200319e-01
3.907261107599351302e-01 5.116632700383370036e-01
3.917666596566005133e-01 4.998576745415448386e-01
3.928072085532658964e-01 5.818860842260065169e-01
3.938477574499312794e-01 5.598427580713973839e-01
3.948883063465966625e-01 4.439438435899951685e-01
3.959288552432620456e-01 4.374055324573689063e-01
3.969694041399274287e-01 6.304482529672625901e-01
3.980099530365928118e-01 6.822676264991685002e-01
3.990505019332581949e-01 6.489048737672149514e-01
4.000910508299235779e-01 6.015668060630083858e-01
4.011315997265889610e-01 4.814702737880125483e-01
4.021721486232543441e-01 5.669720413925958269e-01
4.032126975199197272e-01 6.290367184143654811e-01
4.042532464165851103e-01 6.225715189941709582e-01
4.052937953132504934e-01 3.899233013345657639e-01
4.063343442099158764e-01 5.273004302109249863e-01
4.073748931065812595e-01 5.760292319898709934e-01
4.084154420032466426e-01 4.065008235041851492e-01
4.094559908999120257e-01 4.459432706206101216e-01
4.104965397965774088e-01 5.591740243399243582e-01
4.115370886932427918e-01 5.213991752881028674e-01
4.125776375899081749e-01 4.054614974112489278e-01
4.136181864865735580e-01 4.639608895207665284e-01
4.146587353832389411e-01 3.898370901671910360e-01
4.156992842799043242e-01 6.208169160674117393e-01
4.167398331765697073e-01 5.913554962196769793e-01
4.177803820732350903e-01 5.752410582696008134e-01
4.188209309699004734e-01 4.771856397490488177e-01
4.198614798665658565e-01 3.398196580034102965e-01
4.209020287632312396e-01 3.374861656910823626e-01
4.219425776598966227e-01 2.539620471316794692e-01
4.229831265565620058e-01 4.151943882998416768e-01
4.240236754532273888e-01 4.036380033815198942e-01
4.250642243498927719e-01 4.177868853579340680e-01
4.261047732465581550e-01 4.071788526455755175e-01
4.271453221432235381e-01 2.572789524741203593e-01
4.281858710398889212e-01 2.805355058378431465e-01
4.292264199365543043e-01 4.868596747822664383e-01
4.302669688332196873e-01 3.410471336972697998e-01
4.313075177298850704e-01 3.260358358295505354e-01
4.323480666265504535e-01 2.773146638202952374e-01
4.333886155232158366e-01 4.560366213403170832e-01
4.344291644198812197e-01 5.181757758488956256e-01
4.354697133165466028e-01 4.489889009680965160e-01
4.365102622132119858e-01 5.013523754423871992e-01
4.375508111098773689e-01 4.889571943385035979e-01
4.385913600065427520e-01 6.276394289184032971e-01
4.396319089032081351e-01 3.483281377163223169e-01
4.406724577998735182e-01 3.910576776783543096e-01
4.417130066965389013e-01 4.485465784979396631e-01
4.427535555932042843e-01 4.597668202945754956e-01
4.437941044898696674e-01 5.700290294907546240e-01
4.448346533865350505e-01 5.271752043722024439e-01
4.458752022832004336e-01 4.563215858493450128e-01
4.469157511798658167e-01 3.514884099248902771e-01
4.479563000765311997e-01 2.989414786041706407e-01
4.489968489731965828e-01 2.174341959740644370e-01
4.500373978698619659e-01 4.012516641066525835e-01
4.510779467665273490e-01 5.234928072729267967e-01
4.521184956631927321e-01 4.552100082310381879e-01
4.531590445598581152e-01 2.751203665111745522e-01
4.541995934565234982e-01 2.785973585809351505e-01
4.552401423531888813e-01 2.474303727386448770e-01
4.562806912498542644e-01 2.833227228535157849e-01
4.573212401465196475e-01 5.365074185360114711e-01
4.583617890431850306e-01 4.079256635100776407e-01
4.594023379398504137e-01 3.136185682330001612e-01
4.604428868365157967e-01 2.822476225652934545e-01
4.614834357331811798e-01 3.776712418813445993e-01
4.625239846298465629e-01 3.739977840616326432e-01
4.635645335265119460e-01 3.766441324699059123e-01
4.646050824231773291e-01 2.341603819936430853e-01
4.656456313198427122e-01 3.018409251859424103e-01
4.666861802165080952e-01 3.764028191951176439e-01
4.677267291131734783e-01 3.220385803117480350e-01
4.687672780098388614e-01 1.977268099206312968e-01
4.698078269065042445e-01 2.885046789824095015e-01
4.708483758031696276e-01 2.751974160742278741e-01
4.718889246998350107e-01 4.233267463315755208e-01
4.729294735965003937e-01 2.258162770165625943e-01
4.739700224931657768e-01 3.406226335003275096e-01
4.750105713898311599e-01 3.095967610951184668e-01
4.760511202864965430e-01 2.906012286651993293e-01
4.770916691831619261e-01 2.322467926443714248e-01
4.781322180798273092e-01 2.632532981350550472e-01
4.791727669764926922e-01 2.129834433169399688e-01
4.802133158731580753e-01 2.934213196560726544e-01
4.812538647698234584e-01 1.895018670355419488e-01
4.822944136664888415e-01 6.613609262480224515e-02
4.833349625631542246e-01 2.563284380571708709e-01
4.843755114598196077e-01 3.138002746608634652e-01
4.854160603564849907e-01 3.017469187588837087e-01
4.864566092531503738e-01 1.495415539399793659e-01
4.874971581498157569e-01 2.060627578266860382e-02
4.885377070464811400e-01 3.535549395928327954e-02
4.895782559431465231e-01 1.589959591708023368e-01
4.906188048398119061e-01 1.988734280447843616e-01
4.916593537364772892e-01 2.178903719176794596e-01
4.926999026331426723e-01 1.960065526633236743e-01
4.937404515298080554e-01 9.076849101512252105e-02
4.947810004264734385e-01 2.173768368217778857e-01
4.958215493231388216e-01 1.156681729778057388e-01
4.968620982198042046e-01 1.782956997894444839e-01
4.979026471164695877e-01 1.974340677283947798e-01
4.989431960131349708e-01 1.008219151566400740e-01
4.999837449098003539e-01 2.425094702700292260e-02
5.010242938064657370e-01 1.436488221717944214e-01
5.020648427031311201e-01 1.685739742962262255e-01
5.031053915997965031e-01 2.129792875962550625e-01
5.041459404964618862e-01 2.385999884461433851e-01
5.051864893931272693e-01 5.160257960922933762e-01
5.062270382897926524e-01 4.724099578826574941e-01
5.072675871864580355e-01 3.116025200131780082e-01
5.083081360831234186e-01 2.717364734977962826e-01
5.093486849797888016e-01 3.821052082880065370e-01
5.103892338764541847e-01 3.792621674875675808e-01
5.114297827731195678e-01 2.052375476685632805e-01
5.124703316697849509e-01 1.635468007272820046e-01
5.135108805664503340e-01 4.813042809857748239e-02
5.145514294631157171e-01 0.000000000000000000e+00
5.155919783597811001e-01 2.111115618813848016e-01
5.166325272564464832e-01 2.195070742184874746e-01
5.176730761531118663e-01 6.322078106322592816e-02
5.187136250497772494e-01 1.803002468919956414e-02
5.197541739464426325e-01 2.512537311255016448e-01
5.207947228431080156e-01 3.466718352662212510e-01
5.218352717397733986e-01 2.231567762781203612e-01
5.228758206364387817e-01 2.446274515362709678e-01
5.239163695331041648e-01 2.644073910817859030e-01
5.249569184297695479e-01 2.895308699786589557e-01
5.259974673264349310e-01 2.936576226976015391e-01
5.270380162231003141e-01 3.536858280896026940e-01
5.280785651197656971e-01 3.343505154878734231e-01
5.291191140164310802e-01 1.947589553547395269e-01
5.301596629130964633e-01 9.840969786133157982e-02
5.312002118097618464e-01 1.937945838499821605e-01
5.322407607064272295e-01 2.006218606318022069e-01
5.332813096030926125e-01 2.595797551082625887e-01
5.343218584997581067e-01 2.801209815670517855e-01
5.353624073964233787e-01 2.007263855474938907e-01
5.364029562930888728e-01 1.558174661727420585e-01
5.374435051897541449e-01 4.138155939552135010e-02
5.384840540864196390e-01 8.395006656295578296e-02
5.395246029830849110e-01 7.815574497065824744e-02
5.405651518797504052e-01 7.186868699845661013e-02
5.416057007764156772e-01 2.311406389275489914e-01
5.426462496730811713e-01 2.123975237668886962e-01
5.436867985697464434e-01 2.485352517748822265e-01
5.447273474664119375e-01 2.218525762517202793e-01
5.457678963630772095e-01 2.124026416907476289e-01
5.468084452597427036e-01 2.335080121494463867e-01
5.478489941564079757e-01 2.682498564958422094e-01
5.488895430530734698e-01 1.224001375484782272e-01
5.499300919497387419e-01 2.556192276990749690e-01
5.509706408464042360e-01 3.247262855497545786e-01
5.520111897430695080e-01 3.229253163231646795e-01
5.530517386397350021e-01 3.858959097829526286e-01
5.540922875364002742e-01 3.067032865574965683e-01
5.551328364330657683e-01 2.141142354236933443e-01
5.561733853297310404e-01 2.529228024878662495e-01
5.572139342263965345e-01 9.375213983682684216e-02
5.582544831230618065e-01 1.676030554606988687e-01
5.592950320197273006e-01 3.968342581936035174e-01
5.603355809163925727e-01 3.587880783067731727e-01
5.613761298130580668e-01 2.953872490021325348e-01
5.624166787097233389e-01 1.577020342803834296e-01
5.634572276063888330e-01 2.192983820973530840e-01
5.644977765030541050e-01 2.392988603294199379e-01
5.655383253997195991e-01 2.178395163317929928e-01
5.665788742963848712e-01 2.370090974527023775e-01
5.676194231930503653e-01 1.092973955093619054e-01
5.686599720897156374e-01 2.044652782334779317e-01
5.697005209863811315e-01 2.120529489316247407e-01
5.707410698830464035e-01 1.116296295063463617e-01
5.717816187797118976e-01 1.271861121959503294e-01
5.728221676763771697e-01 1.370721613247809501e-01
5.738627165730426638e-01 1.231976215540377950e-01
5.749032654697079359e-01 1.912146595072208299e-01
5.759438143663734300e-01 3.516308987724592328e-01
5.769843632630387020e-01 2.624956320223716943e-01
5.780249121597041961e-01 1.807491518630008898e-01
5.790654610563694682e-01 2.527582981331342182e-01
5.801060099530349623e-01 1.697812706916757008e-01
5.811465588497002344e-01 1.530072906867836480e-01
5.821871077463657285e-01 1.023668736245468835e-01
5.832276566430310005e-01 3.982149471678297914e-02
5.842682055396964946e-01 7.544047586511126724e-02
5.853087544363617667e-01 1.700232391844451740e-01
5.863493033330272608e-01 1.061396449391800445e-01
5.873898522296925329e-01 8.712442154755706269e-02
5.884304011263580270e-01 1.684177912762159224e-01
5.894709500230232990e-01 2.337140598517883916e-01
5.905114989196887931e-01 1.033184653440244460e-01
5.915520478163540652e-01 7.390031364483462539e-02
5.925925967130195593e-01 2.067500344269390666e-01
5.936331456096848314e-01 1.830175511084775053e-01
5.946736945063503255e-01 2.324458744600050863e-01
5.957142434030155975e-01 2.058550739069389124e-01
5.967547922996810916e-01 2.754727701469903423e-01
5.977953411963463637e-01 2.238778838044908071e-01
5.988358900930118578e-01 5.792993604895002591e-02
5.998764389896771299e-01 3.054492179432344301e-02
