# q (1/Angstrom), Intensity (arb)
2.029070354705860696e-02 2.605080638976317005e+02
2.133125244372399004e-02 2.257531442338978138e+02
2.237180134038937659e-02 1.978628234134002071e+02
2.341235023705475968e-02 1.768324702138121722e+02
2.445289913372014276e-02 1.623207592984101097e+02
2.549344803038552584e-02 1.508796066836114846e+02
2.653399692705091240e-02 1.391506702683607273e+02
2.757454582371629548e-02 1.267971297687859789e+02
2.861509472038167856e-02 1.196235094577516520e+02
2.965564361704706164e-02 1.146068876865257238e+02
3.069619251371244473e-02 1.080530212863692583e+02
3.173674141037782781e-02 1.023129447097231122e+02
3.277729030704321089e-02 9.954172703038823045e+01
3.381783920370859398e-02 9.703635805246854318e+01
3.485838810037397706e-02 9.507715503797786027e+01
3.589893699703936014e-02 9.394637534774120979e+01
3.693948589370474322e-02 9.338585738283646265e+01
3.798003479037012631e-02 9.444254103241294729e+01
3.902058368703550939e-02 9.311685624419305896e+01
4.006113258370089247e-02 9.432149732846714585e+01
4.110168148036627556e-02 9.604624762654715653e+01
4.214223037703165864e-02 9.817322048875236362e+01
4.318277927369704866e-02 1.026615415786654353e+02
4.422332817036243174e-02 1.076706453134942763e+02
4.526387706702781483e-02 1.124862560276277037e+02
4.630442596369319791e-02 1.204591878249068202e+02
4.734497486035858099e-02 1.300306937436157853e+02
4.838552375702396408e-02 1.429224020261140993e+02
4.942607265368934716e-02 1.609443768721452841e+02
5.046662155035473024e-02 1.863024318615173911e+02
5.150717044702011332e-02 2.232513261899549661e+02
5.254771934368549641e-02 2.824375544721801816e+02
5.358826824035087949e-02 3.866601279494473715e+02
5.462881713701626257e-02 5.477955239325206094e+02
5.566936603368164566e-02 7.725714536921244644e+02
5.670991493034702874e-02 1.053486818781582315e+03
5.775046382701241182e-02 1.289618984686457225e+03
5.879101272367779490e-02 1.361102354459793560e+03
5.983156162034317799e-02 1.280543315842339098e+03
6.087211051700856107e-02 1.114572537237052984e+03
6.191265941367394415e-02 9.285755310745053066e+02
6.295320831033933417e-02 7.537231364908731166e+02
6.399375720700471726e-02 6.032904476914720817e+02
6.503430610367010034e-02 4.834058883634475592e+02
6.607485500033548342e-02 3.850534342079524777e+02
6.711540389700086651e-02 3.069117743925006607e+02
6.815595279366624959e-02 2.423982469122634598e+02
6.919650169033163267e-02 1.880413110427951437e+02
7.023705058699701576e-02 1.435835389164469120e+02
7.127759948366239884e-02 1.075323683867223963e+02
7.231814838032778192e-02 8.036594662229981623e+01
7.335869727699316500e-02 6.034673608946602030e+01
7.439924617365854809e-02 4.657381470296189718e+01
7.543979507032393117e-02 3.640527470289885059e+01
7.648034396698931425e-02 2.932281981778864122e+01
7.752089286365469734e-02 2.431195921318092701e+01
7.856144176032008042e-02 2.072661943178659527e+01
7.960199065698546350e-02 1.833334269676821293e+01
8.064253955365084658e-02 1.699991744153832229e+01
8.168308845031622967e-02 1.578191125806017681e+01
8.272363734698161275e-02 1.433701247858102334e+01
8.376418624364699583e-02 1.419097861068122768e+01
8.480473514031239279e-02 1.424599536309043657e+01
8.584528403697777588e-02 1.444748776209339525e+01
8.688583293364315896e-02 1.535791381342494333e+01
8.792638183030854204e-02 1.722277445100145599e+01
8.896693072697392513e-02 1.942667452923323879e+01
9.000747962363930821e-02 2.294696282691961642e+01
9.104802852030469129e-02 2.806425511511679360e+01
9.208857741697007437e-02 3.593920541871379726e+01
9.312912631363545746e-02 4.719322598934198965e+01
9.416967521030084054e-02 5.821700455207860614e+01
9.521022410696622362e-02 6.276861956014657551e+01
9.625077300363160671e-02 6.386591323938635867e+01
9.729132190029698979e-02 6.458944911323484916e+01
9.833187079696237287e-02 6.282276517625187751e+01
9.937241969362775595e-02 5.926541751890709264e+01
1.004129685902931390e-01 5.562291425990245841e+01
1.014535174869585221e-01 5.288861705313795625e+01
1.024940663836239052e-01 5.022680797865629643e+01
1.035346152802892883e-01 4.815642125728570022e+01
1.045751641769546714e-01 4.688054800031601843e+01
1.056157130736200545e-01 4.658935230967736629e+01
1.066562619702854375e-01 4.830161193493243843e+01
1.076968108669508206e-01 5.219500950951457696e+01
1.087373597636162037e-01 5.852071313164294963e+01
1.097779086602815868e-01 6.507611943815804523e+01
1.108184575569469699e-01 6.867469951101502090e+01
1.118590064536123529e-01 6.828722852846595970e+01
1.128995553502777360e-01 6.580499881119499150e+01
1.139401042469431191e-01 6.374314701586418153e+01
1.149806531436085022e-01 5.961620467280893365e+01
1.160212020402738853e-01 5.313587653723556770e+01
1.170617509369392684e-01 4.724108106928266437e+01
1.181022998336046514e-01 4.155347408693125999e+01
1.191428487302700345e-01 3.670595801081209686e+01
1.201833976269354176e-01 3.133277613410729856e+01
1.212239465236008007e-01 2.689010692946507675e+01
1.222644954202661838e-01 2.291173394638610006e+01
1.233050443169315669e-01 1.893268409488396387e+01
1.243455932135969499e-01 1.562465992185643771e+01
1.253861421102623330e-01 1.390018626389225886e+01
1.264266910069277161e-01 1.201911589326627805e+01
1.274672399035930992e-01 1.000872065057733451e+01
1.285077888002584823e-01 8.753814708472852146e+00
1.295483376969238654e-01 7.561446691806107623e+00
1.305888865935892484e-01 6.510586009187839807e+00
1.316294354902546315e-01 5.804893973768649573e+00
1.326699843869200146e-01 5.299050075270443472e+00
1.337105332835853977e-01 4.580066391670630566e+00
1.347510821802507808e-01 4.498936354173917351e+00
1.357916310769161639e-01 4.750497043002262387e+00
1.368321799735815469e-01 4.467548287762884485e+00
1.378727288702469300e-01 4.591647911057570752e+00
1.389132777669123131e-01 4.972589405887262615e+00
1.399538266635776962e-01 5.176526861737819729e+00
1.409943755602430793e-01 5.544468399554446592e+00
1.420349244569084624e-01 5.875538701769663419e+00
1.430754733535738454e-01 7.097044703968602875e+00
1.441160222502392285e-01 8.581650977954293325e+00
1.451565711469046116e-01 9.496077362242342446e+00
1.461971200435699947e-01 1.098005484662636988e+01
1.472376689402353778e-01 1.221430393741304954e+01
1.482782178369007609e-01 1.321506428779731479e+01
1.493187667335661439e-01 1.311990191774766856e+01
1.503593156302315270e-01 1.268614345663834797e+01
1.513998645268969101e-01 1.192034302561674153e+01
1.524404134235622932e-01 1.164612250895746115e+01
1.534809623202276763e-01 1.139598161999998638e+01
1.545215112168930593e-01 1.090245105932237024e+01
1.555620601135584424e-01 1.058129435025721676e+01
1.566026090102238255e-01 1.003099736696543332e+01
1.576431579068892086e-01 9.684951824489864691e+00
1.586837068035545917e-01 9.831582043181853692e+00
1.597242557002199748e-01 9.573481160430368675e+00
1.607648045968853578e-01 9.048025958864972296e+00
1.618053534935507409e-01 9.095953372661114145e+00
1.628459023902161240e-01 8.655571855723515284e+00
1.638864512868815071e-01 8.635702721312512153e+00
1.649270001835468902e-01 8.716463279498785965e+00
1.659675490802122733e-01 8.442099777094107083e+00
1.670080979768776563e-01 7.912318648525495490e+00
1.680486468735430672e-01 7.458621223521699761e+00
1.690891957702084503e-01 7.348841111770607171e+00
1.701297446668738333e-01 6.992048135073734016e+00
1.711702935635392164e-01 6.278209116308183013e+00
1.722108424602045995e-01 5.917013723948247872e+00
1.732513913568699826e-01 6.220207823269038983e+00
1.742919402535353657e-01 6.001300165625167438e+00
1.753324891502007488e-01 5.347938895314886310e+00
1.763730380468661318e-01 4.925968058132820460e+00
1.774135869435315149e-01 4.660529553396138169e+00
1.784541358401968980e-01 4.174669618674812455e+00
1.794946847368622811e-01 4.407345838175988462e+00
1.805352336335276642e-01 4.288453754006312124e+00
1.815757825301930473e-01 3.795044258696712802e+00
1.826163314268584303e-01 3.533918087386535234e+00
1.836568803235238134e-01 3.162910685027195967e+00
1.846974292201891965e-01 3.146027220896215226e+00
1.857379781168545796e-01 3.150838296457461496e+00
1.867785270135199627e-01 2.868457784513967823e+00
1.878190759101853458e-01 2.715834981539874349e+00
1.888596248068507288e-01 2.668889129736140120e+00
1.899001737035161119e-01 2.582534538946898550e+00
1.909407226001814950e-01 2.459465716562299065e+00
1.919812714968468781e-01 2.680433336415170231e+00
1.930218203935122612e-01 2.393895328118770038e+00
1.940623692901776443e-01 2.499982724437533221e+00
1.951029181868430273e-01 2.800518889971822745e+00
1.961434670835084104e-01 2.816931383133677969e+00
1.971840159801737935e-01 3.229866137563398354e+00
1.982245648768391766e-01 3.553343072944393555e+00
1.992651137735045597e-01 3.320240342244023424e+00
2.003056626701699428e-01 3.534715069623345585e+00
2.013462115668353813e-01 3.389570216027102845e+00
2.023867604635007644e-01 3.146653444567036217e+00
2.034273093601661475e-01 3.176948179677577144e+00
2.044678582568315306e-01 3.179001380034268465e+00
2.055084071534969137e-01 3.141601587397172324e+00
2.065489560501622968e-01 3.354825056674776818e+00
2.075895049468276798e-01 3.302324879796771029e+00
2.086300538434930629e-01 2.965151269201950157e+00
2.096706027401584460e-01 3.047371011382150385e+00
2.107111516368238291e-01 3.116229951595929748e+00
2.117517005334892122e-01 2.964235873012473377e+00
2.127922494301545953e-01 3.137231977656668391e+00
2.138327983268199783e-01 3.031448869390811041e+00
2.148733472234853614e-01 3.039982379788558120e+00
2.159138961201507445e-01 2.807578282301260941e+00
2.169544450168161276e-01 2.665157406054987632e+00
2.179949939134815107e-01 2.550946689552731073e+00
2.190355428101468938e-01 2.121090457653640016e+00
2.200760917068122768e-01 2.177841224737388615e+00
2.211166406034776599e-01 2.711505677462259456e+00
2.221571895001430430e-01 2.735961918200437992e+00
2.231977383968084261e-01 2.414569201619155336e+00
2.242382872934738092e-01 2.354426814010544433e+00
2.252788361901391923e-01 2.596574655557340350e+00
2.263193850868045753e-01 2.542220015440683767e+00
2.273599339834699584e-01 2.282042815936918601e+00
2.284004828801353415e-01 2.172392681834860895e+00
2.294410317768007246e-01 2.151029956304899571e+00
2.304815806734661077e-01 1.858900460322757908e+00
2.315221295701314908e-01 1.992574137690422020e+00
2.325626784667968738e-01 1.962364196990648679e+00
2.336032273634622569e-01 1.906596977489442679e+00
2.346437762601276400e-01 1.942924455083431923e+00
2.356843251567930231e-01 1.746246416504547483e+00
2.367248740534584062e-01 1.720968664623473643e+00
2.377654229501237892e-01 1.466820533918763658e+00
2.388059718467891723e-01 1.501438827558999378e+00
2.398465207434545554e-01 1.409339625430433784e+00
2.408870696401199385e-01 1.357328536088441950e+00
2.419276185367853216e-01 1.674406586832770216e+00
2.429681674334507047e-01 1.608616345221726363e+00
2.440087163301160877e-01 1.204113002127709109e+00
2.450492652267814708e-01 1.208387642038569965e+00
2.460898141234468539e-01 1.192774399083763370e+00
2.471303630201122370e-01 1.109729432822021522e+00
2.481709119167776201e-01 1.157902318092578042e+00
2.492114608134430032e-01 1.139198837639209927e+00
2.502520097101083585e-01 1.389567343205261096e+00
2.512925586067737416e-01 1.413003545867166366e+00
2.523331075034391247e-01 1.465083489797077476e+00
2.533736564001045077e-01 1.662033854514582742e+00
2.544142052967698908e-01 1.647457112886229424e+00
2.554547541934352739e-01 1.729680369893237923e+00
2.564953030901006570e-01 1.427765117242110193e+00
2.575358519867660401e-01 1.422118046714320627e+00
2.585764008834314231e-01 1.419304632841619451e+00
2.596169497800968062e-01 1.157143052917490422e+00
2.606574986767621893e-01 1.329543421420055438e+00
2.616980475734275724e-01 1.668482938399531434e+00
2.627385964700929555e-01 1.696676595989259795e+00
2.637791453667583386e-01 1.462583229906293525e+00
2.648196942634237216e-01 1.481674477439845816e+00
2.658602431600891047e-01 1.404236115004358965e+00
2.669007920567544878e-01 1.462542926099068552e+00
2.679413409534198709e-01 1.360560495021115202e+00
2.689818898500852540e-01 1.545747876583607905e+00
2.700224387467506371e-01 1.546911747001434634e+00
2.710629876434160201e-01 1.389140413326607870e+00
2.721035365400814032e-01 1.112811651549453273e+00
2.731440854367467863e-01 1.004631966980603863e+00
2.741846343334121694e-01 1.140109339507301200e+00
2.752251832300775525e-01 1.065818449439394300e+00
2.762657321267429356e-01 9.345042180041431834e-01
2.773062810234083186e-01 8.795970822365788422e-01
2.783468299200737017e-01 8.695222188607907299e-01
2.793873788167390848e-01 1.115341814774613027e+00
2.804279277134044679e-01 1.368881856094148475e+00
2.814684766100698510e-01 1.263006557492161619e+00
2.825090255067352341e-01 1.082905348965205405e+00
2.835495744034006171e-01 8.963625002421373722e-01
2.845901233000660002e-01 1.098576888219533032e+00
2.856306721967313833e-01 1.140539388630980255e+00
2.866712210933967664e-01 1.006369924301655061e+00
2.877117699900621495e-01 1.239310778270954927e+00
2.887523188867275326e-01 1.298858580400395368e+00
2.897928677833929156e-01 1.120217431885656367e+00
2.908334166800582987e-01 9.071049925045322482e-01
2.918739655767236818e-01 1.046204555102974609e+00
2.929145144733890649e-01 1.186062170200873567e+00
2.939550633700544480e-01 1.261393745839800573e+00
2.949956122667198311e-01 1.298514525527881602e+00
2.960361611633852141e-01 1.123275637148225314e+00
2.970767100600505972e-01 9.814529476832412058e-01
2.981172589567159803e-01 9.836093691673220007e-01
2.991578078533813634e-01 9.832437476998805437e-01
3.001983567500468020e-01 6.900815594161429090e-01
3.012389056467121851e-01 7.131486801068156467e-01
3.022794545433775681e-01 8.749174098732588334e-01
3.033200034400429512e-01 9.834755313712442160e-01
3.043605523367083343e-01 6.577009869914753892e-01
3.054011012333737174e-01 7.310321147851297496e-01
3.064416501300391005e-01 9.547590494404509798e-01
3.074821990267044836e-01 8.358147183335660202e-01
3.085227479233698666e-01 7.605477844047463520e-01
3.095632968200352497e-01 9.805269323728040831e-01
3.106038457167006328e-01 8.209031048639374717e-01
3.116443946133660159e-01 5.065308978619604829e-01
3.126849435100313990e-01 3.448590785151388616e-01
3.137254924066967821e-01 4.909783537755103566e-01
3.147660413033621651e-01 6.552346732737994728e-01
3.158065902000275482e-01 6.903945905661856841e-01
3.168471390966929313e-01 9.938574762466849677e-01
3.178876879933583144e-01 1.004715107094746429e+00
3.189282368900236975e-01 8.381140732216501021e-01
3.199687857866890806e-01 5.133596520512710981e-01
3.210093346833544636e-01 3.656002264494802034e-01
3.220498835800198467e-01 5.776111582272633882e-01
3.230904324766852298e-01 7.360157147195565130e-01
3.241309813733506129e-01 8.454914787917715557e-01
3.251715302700159960e-01 6.820802352849426597e-01
3.262120791666813790e-01 8.321842675593025263e-01
3.272526280633467621e-01 9.729322221612726196e-01
3.282931769600121452e-01 7.753540250520565280e-01
3.293337258566775283e-01 5.626218626451908733e-01
3.303742747533429114e-01 3.202012551612867242e-01
3.314148236500082945e-01 6.560669488819783624e-01
3.324553725466736775e-01 5.728459648948742711e-01
3.334959214433390606e-01 6.676177845486357398e-01
3.345364703400044437e-01 9.013325195207109175e-01
3.355770192366698268e-01 6.564448035882648469e-01
3.366175681333352099e-01 5.892204358228347871e-01
3.376581170300005930e-01 3.419833746501943494e-01
3.386986659266659760e-01 5.056564194341817142e-01
3.397392148233313591e-01 5.624721421348795047e-01
3.407797637199967422e-01 5.005934565541281245e-01
3.418203126166621253e-01 4.857351618062075715e-01
3.428608615133275084e-01 3.461313262419061232e-01
3.439014104099928915e-01 5.341734795790245016e-01
3.449419593066582745e-01 5.256781169717719138e-01
3.459825082033236576e-01 5.145798497238089908e-01
3.470230570999890407e-01 5.195913817281301306e-01
3.480636059966544238e-01 4.245898414180437896e-01
3.491041548933198069e-01 3.893602045598925088e-01
3.501447037899851900e-01 2.151466290921426605e-01
3.511852526866505730e-01 4.731482884746434081e-01
3.522258015833159561e-01 4.013161291192481883e-01
3.532663504799813392e-01 4.704845138664026649e-01
3.543068993766467223e-01 3.820529148623563742e-01
3.553474482733121054e-01 3.555849506278754291e-01
3.563879971699774885e-01 5.980481867929654527e-01
3.574285460666428715e-01 9.175539916543584695e-01
3.584690949633082546e-01 7.199163317670844719e-01
3.595096438599736377e-01 5.577438871127355924e-01
3.605501927566390208e-01 3.960462350676223764e-01
3.615907416533044039e-01 5.170041559993485691e-01
3.626312905499697870e-01 6.561259676048294409e-01
3.636718394466351700e-01 4.562911430429856807e-01
3.647123883433005531e-01 4.423016141908391319e-01
3.657529372399659362e-01 5.714331722134211589e-01
3.667934861366313193e-01 6.026567325656024821e-01
3.678340350332967024e-01 4.895183816542996169e-01
3.688745839299620854e-01 3.584765902042086338e-01
3.699151328266274685e-01 3.862207295967046150e-01
3.709556817232928516e-01 4.910169492481593068e-01
3.719962306199582347e-01 5.062276948271993149e-01
3.730367795166236178e-01 3.429475914389250590e-01
3.740773284132890009e-01 4.547291834588840231e-01
3.751178773099543839e-01 3.574013693305140293e-01
3.761584262066197670e-01 3.799889472933841716e-01
3.771989751032851501e-01 4.798215688341542773e-01
3.782395239999505332e-01 6.044539440536134123e-01
3.792800728966159163e-01 5.301378096973756726e-01
3.803206217932812994e-01 2.567225679790183790e-01
3.813611706899466824e-01 5.439462435663457995e-01
3.824017195866120655e-01 5.871484641073116961e-01
3.834422684832774486e-01 5.766437530090939845e-01
3.844828173799428317e-01 3.803122244841716793e-01
3.855233662766082148e-01 3.129550222453261199e-01
3.865639151732735979e-01 5.485801686827187496e-01
3.876044640699389809e-01 3.849285009145546610e-01
3.886450129666043640e-01 2.784641501638134287e-01
3.896855618632697471e-01 3.048506710744653958e-01
3.907261107599351302e-01 2.416444828114485688e-01
3.917666596566005133e-01 3.452462864369962858e-01
3.928072085532658964e-01 4.927991892577523458e-01
3.938477574499312794e-01 3.704538657021103631e-01
3.948883063465966625e-01 2.720430749226636635e-01
3.959288552432620456e-01 3.383045178127481734e-01
3.969694041399274287e-01 3.577568693977326575e-01
3.980099530365928118e-01 1.946411407838724017e-01
3.990505019332581949e-01 2.216333227795175276e-01
4.000910508299235779e-01 2.773295741118531055e-01
4.011315997265889610e-01 3.335320540259800737e-01
4.021721486232543441e-01 2.873412628599893992e-01
4.032126975199197272e-01 2.357381554807780333e-01
4.042532464165851103e-01 2.996660157323098872e-01
4.052937953132504934e-01 2.386436104815246040e-01
4.063343442099158764e-01 3.510569927151188097e-01
4.073748931065812595e-01 5.449090400868712436e-01
4.084154420032466426e-01 4.259848329865327798e-01
4.094559908999120257e-01 3.269709514964809216e-01
4.104965397965774088e-01 1.972577671789288445e-01
4.115370886932427918e-01 4.035679670508223182e-01
4.125776375899081749e-01 4.527147699294324923e-01
4.136181864865735580e-01 4.827313290099013443e-01
4.146587353832389411e-01 2.240831003735408444e-01
4.156992842799043242e-01 3.149757586409904775e-01
4.167398331765697073e-01 3.139072429925420238e-01
4.177803820732350903e-01 1.770624710536488067e-01
4.188209309699004734e-01 2.375588027097812471e-01
4.198614798665658565e-01 2.590842226486600453e-01
4.209020287632312396e-01 3.550289953380314500e-01
4.219425776598966227e-01 5.282420443425230872e-01
4.229831265565620058e-01 5.026460592178345621e-01
4.240236754532273888e-01 3.323379172968934370e-01
4.250642243498927719e-01 3.430386616443072967e-01
4.261047732465581550e-01 5.295136343326305450e-01
4.271453221432235381e-01 4.503463978815496205e-01
4.281858710398889212e-01 4.087419484216709975e-01
4.292264199365543043e-01 3.188360651601378493e-01
4.302669688332196873e-01 4.757281979545631145e-01
4.313075177298850704e-01 3.895678799615005516e-01
4.323480666265504535e-01 3.579847306931007722e-01
4.333886155232158366e-01 2.868239617291798993e-01
4.344291644198812197e-01 4.154677994506705829e-01
4.354697133165466028e-01 4.848256317877428501e-01
4.365102622132119858e-01 4.130286407202561350e-01
4.375508111098773689e-01 4.892113643610116469e-01
4.385913600065427520e-01 4.528334996542540125e-01
4.396319089032081351e-01 1.482373384137005701e-01
4.406724577998735182e-01 0.000000000000000000e+00
4.417130066965389013e-01 2.512004055947159031e-01
4.427535555932042843e-01 4.276564493217307472e-01
4.437941044898696674e-01 3.357070500010159719e-01
4.448346533865350505e-01 2.077091752136333014e-01
4.458752022832004336e-01 2.674794309519796798e-01
4.469157511798658167e-01 1.873599333784561338e-01
4.479563000765311997e-01 2.252136993016122801e-01
4.489968489731965828e-01 3.866879135399550194e-01
4.500373978698619659e-01 3.651915212992307147e-01
4.510779467665273490e-01 2.943945892251207397e-01
4.521184956631927321e-01 4.350409343833661069e-01
4.531590445598581152e-01 4.960499323194120791e-01
4.541995934565234982e-01 3.597842329778231374e-01
4.552401423531888813e-01 4.590222805475612233e-01
4.562806912498542644e-01 4.354343496644759171e-01
4.573212401465196475e-01 2.898672425186070711e-01
4.583617890431850306e-01 4.058917198137024229e-01
4.594023379398504137e-01 3.142655486498568962e-01
4.604428868365157967e-01 1.848789502809040641e-01
4.614834357331811798e-01 2.680701998559484878e-01
4.625239846298465629e-01 2.684135333333088624e-01
4.635645335265119460e-01 3.907745100502317825e-01
4.646050824231773291e-01 4.274336306090731341e-01
4.656456313198427122e-01 1.456489636912934316e-01
4.666861802165080952e-01 1.408662603540236091e-01
4.677267291131734783e-01 3.359714833861104921e-01
4.687672780098388614e-01 1.872222817168101017e-01
4.698078269065042445e-01 2.578200830341152994e-01
4.708483758031696276e-01 2.530767202908670299e-01
4.718889246998350107e-01 1.238382447060004665e-01
4.729294735965003937e-01 2.930322016077973046e-01
4.739700224931657768e-01 2.011827910895149785e-01
4.750105713898311599e-01 2.244734637420791046e-01
4.760511202864965430e-01 3.775545858748863282e-01
4.770916691831619261e-01 2.548169103423632009e-01
4.781322180798273092e-01 1.740446636058976537e-01
4.791727669764926922e-01 1.920092413446248258e-01
4.802133158731580753e-01 2.381255778769748588e-01
4.812538647698234584e-01 4.238628992477693203e-01
4.822944136664888415e-01 2.607771851329125923e-01
4.833349625631542246e-01 1.282421376934195223e-01
4.843755114598196077e-01 3.234570604451540987e-01
4.854160603564849907e-01 2.944260223096364371e-01
4.864566092531503738e-01 2.923405439591704180e-01
4.874971581498157569e-01 3.558553216652668993e-01
4.885377070464811400e-01 3.355780888045956090e-01
4.895782559431465231e-01 2.864889507348991060e-01
4.906188048398119061e-01 3.522581169013285773e-01
4.916593537364772892e-01 4.757152686933459051e-01
4.926999026331426723e-01 3.393686173512122650e-01
4.937404515298080554e-01 1.779448911760717067e-01
4.947810004264734385e-01 2.871400080049113512e-01
4.958215493231388216e-01 3.213817316659159928e-01
4.968620982198042046e-01 4.273665503375738695e-01
4.979026471164695877e-01 3.507933499632862606e-01
4.989431960131349708e-01 2.163770668063804692e-01
4.999837449098003539e-01 1.914591612056817382e-01
5.010242938064657370e-01 3.250373614066255357e-01
5.020648427031311201e-01 3.114455211294995252e-01
5.031053915997965031e-01 2.571570038930026669e-01
5.041459404964618862e-01 2.708167160602528156e-01
5.051864893931272693e-01 4.168254914315490112e-01
5.062270382897926524e-01 2.474959148614637172e-01
5.072675871864580355e-01 1.664080430473191541e-01
5.083081360831234186e-01 1.954460639432653579e-01
5.093486849797888016e-01 2.853938102699125068e-01
5.103892338764541847e-01 3.338597648725425415e-01
5.114297827731195678e-01 2.912515065581580131e-01
5.124703316697849509e-01 3.008322108041134868e-01
5.135108805664503340e-01 3.321740482184374343e-01
5.145514294631157171e-01 3.511627496026719086e-01
5.155919783597811001e-01 1.963974879599348355e-01
5.166325272564464832e-01 5.872912958835740938e-02
5.176730761531118663e-01 1.248355850606976958e-01
5.187136250497772494e-01 1.264140745355533113e-01
5.197541739464426325e-01 5.520569762573757089e-02
5.207947228431080156e-01 9.946357939392669323e-02
5.218352717397733986e-01 2.009696493247083993e-01
5.228758206364387817e-01 4.157182895657953736e-01
5.239163695331041648e-01 3.809565505083263304e-01
5.249569184297695479e-01 2.909752985127980196e-01
5.259974673264349310e-01 2.101656058451730757e-01
5.270380162231003141e-01 2.502291810573211706e-01
5.280785651197656971e-01 2.958525656498913747e-01
5.291191140164310802e-01 3.058605876384135058e-01
5.301596629130964633e-01 3.810194659354628754e-01
5.312002118097618464e-01 5.046563467280975601e-01
5.322407607064272295e-01 4.947129965829972775e-01
5.332813096030926125e-01 4.683289151166576403e-01
5.343218584997581067e-01 3.516823898167977802e-01
5.353624073964233787e-01 2.679639335165653335e-01
5.364029562930888728e-01 2.568281068549111978e-01
5.374435051897541449e-01 2.690302476653485542e-01
5.384840540864196390e-01 2.593683242708273440e-01
5.395246029830849110e-01 4.445985284250539848e-01
5.405651518797504052e-01 3.571648857298619362e-01
5.416057007764156772e-01 2.732444422871829204e-01
5.426462496730811713e-01 4.281707820760196626e-01
5.436867985697464434e-01 4.292287836334800488e-01
5.447273474664119375e-01 3.186535372657957055e-01
5.457678963630772095e-01 2.632658258195057499e-01
5.468084452597427036e-01 3.502238490789650882e-01
5.478489941564079757e-01 3.586179178736017548e-01
5.488895430530734698e-01 3.958736907765540991e-01
5.499300919497387419e-01 2.275484665484839297e-01
5.509706408464042360e-01 2.573335843994328798e-01
5.520111897430695080e-01 3.537248173731804002e-01
5.530517386397350021e-01 4.830667440964298009e-01
5.540922875364002742e-01 4.888792460866611123e-01
5.551328364330657683e-01 3.282600333671368276e-01
5.561733853297310404e-01 3.844578679823307255e-01
5.572139342263965345e-01 4.007824082076538730e-01
5.582544831230618065e-01 3.199128909711390634e-01
5.592950320197273006e-01 5.226011684617333231e-01
5.603355809163925727e-01 4.216035396582995531e-01
5.613761298130580668e-01 2.921860531689013385e-01
5.624166787097233389e-01 4.315706419878857503e-01
5.634572276063888330e-01 5.561871172836170274e-01
5.644977765030541050e-01 4.966020054464017619e-01
5.655383253997195991e-01 5.269149260672243429e-01
5.665788742963848712e-01 4.795137953597503611e-01
5.676194231930503653e-01 3.875410962460108522e-01
5.686599720897156374e-01 4.088627071132329149e-01
5.697005209863811315e-01 4.672485581215894967e-01
5.707410698830464035e-01 4.119916168632435927e-01
5.717816187797118976e-01 5.045273342088059110e-01
5.728221676763771697e-01 4.345095287751732371e-01
5.738627165730426638e-01 4.210688523079291201e-01
5.749032654697079359e-01 3.971760491771227919e-01
5.759438143663734300e-01 5.892351891938325537e-01
5.769843632630387020e-01 5.207821492194639745e-01
5.780249121597041961e-01 4.528455901336876366e-01
5.790654610563694682e-01 4.136011119127296354e-01
5.801060099530349623e-01 4.228582299584395798e-01
5.811465588497002344e-01 4.388819960000205356e-01
5.821871077463657285e-01 5.458517610381541374e-01
5.832276566430310005e-01 3.304451968798503003e-01
5.842682055396964946e-01 3.716111343746106854e-01
5.853087544363617667e-01 3.454522604149516951e-01
5.863493033330272608e-01 1.831070722770604675e-01
5.873898522296925329e-01 3.483388668422975343e-01
5.884304011263580270e-01 4.482227370251514742e-01
5.894709500230232990e-01 4.435079612281214168e-01
5.905114989196887931e-01 3.611481493750154925e-01
5.915520478163540652e-01 3.228279769703483737e-01
5.925925967130195593e-01 3.085416812856962565e-01
5.936331456096848314e-01 3.539407542535712992e-01
5.946736945063503255e-01 3.929245777941510198e-01
5.957142434030155975e-01 3.541007160856679548e-01
5.967547922996810916e-01 2.574152911762901397e-01
5.977953411963463637e-01 2.371853926509608357e-01
5.988358900930118578e-01 2.399147984520730859e-01
5.998764389896771299e-01 3.942497547942664937e-01
