# q (1/Angstrom), Intensity (arb)
2.029070354705860696e-02 0.000000000000000000e+00
2.133125244372399004e-02 1.342121100542243539e+00
2.237180134038937659e-02 1.864921471809509512e+00
2.341235023705475968e-02 2.981907857066730116e+00
2.445289913372014276e-02 2.691421467094130549e+00
2.549344803038552584e-02 3.152819908666060655e+00
2.653399692705091240e-02 3.356380528605939162e+00
2.757454582371629548e-02 4.607474701692567010e+00
2.861509472038167856e-02 4.663622903530317387e+00
2.965564361704706164e-02 4.721700752733703155e+00
3.069619251371244473e-02 6.167983172532665037e+00
3.173674141037782781e-02 6.729901917466165173e+00
3.277729030704321089e-02 7.375348155236608250e+00
3.381783920370859398e-02 7.239525954968314636e+00
3.485838810037397706e-02 7.725529517761309251e+00
3.589893699703936014e-02 7.579551733661219259e+00
3.693948589370474322e-02 7.394559299373767658e+00
3.798003479037012631e-02 7.975825661998804605e+00
3.902058368703550939e-02 9.104359577245134005e+00
4.006113258370089247e-02 8.945243260012777142e+00
4.110168148036627556e-02 8.968675231425834227e+00
4.214223037703165864e-02 9.574767828790431423e+00
4.318277927369704866e-02 8.683466514552915072e+00
4.422332817036243174e-02 9.220427317250312171e+00
4.526387706702781483e-02 9.340490167705940650e+00
4.630442596369319791e-02 9.239911652369794837e+00
4.734497486035858099e-02 9.620339146231053462e+00
4.838552375702396408e-02 1.002174395706134646e+01
4.942607265368934716e-02 9.808125488524630953e+00
5.046662155035473024e-02 9.756074454173937482e+00
5.150717044702011332e-02 9.924353390867072022e+00
5.254771934368549641e-02 1.026084237381226671e+01
5.358826824035087949e-02 9.862578025004651749e+00
5.462881713701626257e-02 9.880388709180291329e+00
5.566936603368164566e-02 1.014566719196411881e+01
5.670991493034702874e-02 1.006262640079723170e+01
5.775046382701241182e-02 1.056471397775624155e+01
5.879101272367779490e-02 1.035945510053801399e+01
5.983156162034317799e-02 1.006606966302172168e+01
6.087211051700856107e-02 1.000258629468299532e+01
6.191265941367394415e-02 1.013272112854285112e+01
6.295320831033933417e-02 9.889670444145860273e+00
6.399375720700471726e-02 9.832937566096195070e+00
6.503430610367010034e-02 9.995533777268111209e+00
6.607485500033548342e-02 9.768295461352106912e+00
6.711540389700086651e-02 9.498821247311376226e+00
6.815595279366624959e-02 9.954110439485855721e+00
6.919650169033163267e-02 9.839534497872605812e+00
7.023705058699701576e-02 9.881488843349480078e+00
7.127759948366239884e-02 9.760414479740077809e+00
7.231814838032778192e-02 9.378454876863798972e+00
7.335869727699316500e-02 8.800977221918504512e+00
7.439924617365854809e-02 8.705487038086101137e+00
7.543979507032393117e-02 8.985527168172133372e+00
7.648034396698931425e-02 9.074533711783793422e+00
7.752089286365469734e-02 8.928132493386339519e+00
7.856144176032008042e-02 9.137415185331210665e+00
7.960199065698546350e-02 8.859823799050683846e+00
8.064253955365084658e-02 8.785874593522397191e+00
8.168308845031622967e-02 8.516875562996201410e+00
8.272363734698161275e-02 8.205255469141114588e+00
8.376418624364699583e-02 8.468672373079641602e+00
8.480473514031239279e-02 8.637721066325561026e+00
8.584528403697777588e-02 8.555982944470390095e+00
8.688583293364315896e-02 9.080541976172177954e+00
8.792638183030854204e-02 8.914042471940732071e+00
8.896693072697392513e-02 8.641569807663326941e+00
9.000747962363930821e-02 8.644042978428096546e+00
9.104802852030469129e-02 8.831975486718153689e+00
9.208857741697007437e-02 8.352142745245618727e+00
9.312912631363545746e-02 8.026845191822687298e+00
9.416967521030084054e-02 8.343624468998626753e+00
9.521022410696622362e-02 8.855407801303815774e+00
9.625077300363160671e-02 8.667482202644212208e+00
9.729132190029698979e-02 8.817445706770136837e+00
9.833187079696237287e-02 9.136840395702428452e+00
9.937241969362775595e-02 9.145044615308520974e+00
1.004129685902931390e-01 9.150867973076881157e+00
1.014535174869585221e-01 9.206424911655560095e+00
1.024940663836239052e-01 9.434668585025605125e+00
1.035346152802892883e-01 9.144552714461912757e+00
1.045751641769546714e-01 8.722613149739387950e+00
1.056157130736200545e-01 8.638980579987382669e+00
1.066562619702854375e-01 8.555362765064792541e+00
1.076968108669508206e-01 8.658307987905224934e+00
1.087373597636162037e-01 8.584131578419462727e+00
1.097779086602815868e-01 8.405232420054399967e+00
1.108184575569469699e-01 8.316724844811393069e+00
1.118590064536123529e-01 8.158408878935755837e+00
1.128995553502777360e-01 8.222606422935061943e+00
1.139401042469431191e-01 7.937200857127319154e+00
1.149806531436085022e-01 7.647681447311057923e+00
1.160212020402738853e-01 7.675965993894909190e+00
1.170617509369392684e-01 7.900432486610544203e+00
1.181022998336046514e-01 7.554536828387099945e+00
1.191428487302700345e-01 7.841815278310704684e+00
1.201833976269354176e-01 7.954423701388073198e+00
1.212239465236008007e-01 7.955638067259165780e+00
1.222644954202661838e-01 7.923376991120907320e+00
1.233050443169315669e-01 8.000792444407196058e+00
1.243455932135969499e-01 7.675354816290649751e+00
1.253861421102623330e-01 7.734776369455978795e+00
1.264266910069277161e-01 7.735030856433063207e+00
1.274672399035930992e-01 8.051285477758614917e+00
1.285077888002584823e-01 8.119570277342845088e+00
1.295483376969238654e-01 7.932564237662774076e+00
1.305888865935892484e-01 7.706162109944468597e+00
1.316294354902546315e-01 7.799777115425118978e+00
1.326699843869200146e-01 8.044341174041331755e+00
1.337105332835853977e-01 8.127326213884906281e+00
1.347510821802507808e-01 8.032389261641970535e+00
1.357916310769161639e-01 7.908338222217668800e+00
1.368321799735815469e-01 7.874515501514956384e+00
1.378727288702469300e-01 7.773501855143862826e+00
1.389132777669123131e-01 8.035840935152936737e+00
1.399538266635776962e-01 8.157126126227176144e+00
1.409943755602430793e-01 8.114899124823956811e+00
1.420349244569084624e-01 8.128516805124796463e+00
1.430754733535738454e-01 7.841882173560659197e+00
1.441160222502392285e-01 7.722402404178346558e+00
1.451565711469046116e-01 7.725737029051522597e+00
1.461971200435699947e-01 7.940660212184997846e+00
1.472376689402353778e-01 7.858627907147571534e+00
1.482782178369007609e-01 7.832644720778212388e+00
1.493187667335661439e-01 7.660241883077542724e+00
1.503593156302315270e-01 7.545547041379265352e+00
1.513998645268969101e-01 8.096455415177576498e+00
1.524404134235622932e-01 8.188552578963189887e+00
1.534809623202276763e-01 7.861141722273575994e+00
1.545215112168930593e-01 7.574804262989406567e+00
1.555620601135584424e-01 7.854150601694374956e+00
1.566026090102238255e-01 8.068028396611175879e+00
1.576431579068892086e-01 8.187110638027675691e+00
1.586837068035545917e-01 8.355550639403215740e+00
1.597242557002199748e-01 8.201760424165094321e+00
1.607648045968853578e-01 8.124715570635753892e+00
1.618053534935507409e-01 8.456127982661833187e+00
1.628459023902161240e-01 8.217967939354164031e+00
1.638864512868815071e-01 7.921729830934847172e+00
1.649270001835468902e-01 8.145695431282984345e+00
1.659675490802122733e-01 8.289414524960761810e+00
1.670080979768776563e-01 8.001732640099671556e+00
1.680486468735430672e-01 7.668189652665212463e+00
1.690891957702084503e-01 8.008734065952996417e+00
1.701297446668738333e-01 8.246816518187497280e+00
1.711702935635392164e-01 7.941657694670677614e+00
1.722108424602045995e-01 8.055436247725225485e+00
1.732513913568699826e-01 8.426396875171398904e+00
1.742919402535353657e-01 8.252163123325676253e+00
1.753324891502007488e-01 8.276304156870356366e+00
1.763730380468661318e-01 8.269021709531532593e+00
1.774135869435315149e-01 8.216651670414691466e+00
1.784541358401968980e-01 8.060820258603875743e+00
1.794946847368622811e-01 8.152274888722292445e+00
1.805352336335276642e-01 8.510686287461002308e+00
1.815757825301930473e-01 8.257023969432225385e+00
1.826163314268584303e-01 7.858822899834628117e+00
1.836568803235238134e-01 7.952765531179785796e+00
1.846974292201891965e-01 7.933474024732891650e+00
1.857379781168545796e-01 7.899748813372205802e+00
1.867785270135199627e-01 7.966281171433525543e+00
1.878190759101853458e-01 8.325216450187813422e+00
1.888596248068507288e-01 8.352958227898238164e+00
1.899001737035161119e-01 8.387227161670232078e+00
1.909407226001814950e-01 8.411088630711869740e+00
1.919812714968468781e-01 8.216957240555569086e+00
1.930218203935122612e-01 8.044794239961085225e+00
1.940623692901776443e-01 8.301672496008695390e+00
1.951029181868430273e-01 8.361857560545342238e+00
1.961434670835084104e-01 8.285839249977680510e+00
1.971840159801737935e-01 8.456169604601981860e+00
1.982245648768391766e-01 8.141040189768602886e+00
1.992651137735045597e-01 8.383131822495464291e+00
2.003056626701699428e-01 8.582722702727199504e+00
2.013462115668353813e-01 8.308352872035666081e+00
2.023867604635007644e-01 8.149335059470015352e+00
2.034273093601661475e-01 8.081513099766155506e+00
2.044678582568315306e-01 8.072595653814055083e+00
2.055084071534969137e-01 8.279936687163079512e+00
2.065489560501622968e-01 8.313137448584484446e+00
2.075895049468276798e-01 8.390302817676580815e+00
2.086300538434930629e-01 8.224449910801009622e+00
2.096706027401584460e-01 8.197826790127901830e+00
2.107111516368238291e-01 8.261705509033788530e+00
2.117517005334892122e-01 8.131216853556949786e+00
2.127922494301545953e-01 8.166544404468879748e+00
2.138327983268199783e-01 8.036901141732219145e+00
2.148733472234853614e-01 8.061848651523877862e+00
2.159138961201507445e-01 8.172667718821760019e+00
2.169544450168161276e-01 8.014852469082494935e+00
2.179949939134815107e-01 7.997429150915138507e+00
2.190355428101468938e-01 8.331063914400932191e+00
2.200760917068122768e-01 8.066750127119377112e+00
2.211166406034776599e-01 8.051857264828949923e+00
2.221571895001430430e-01 8.149674196966671502e+00
2.231977383968084261e-01 8.081520552052609219e+00
2.242382872934738092e-01 8.201092281221637137e+00
2.252788361901391923e-01 8.425275438026783803e+00
2.263193850868045753e-01 8.406988384987513996e+00
2.273599339834699584e-01 8.190066702174753743e+00
2.284004828801353415e-01 8.142835067087496270e+00
2.294410317768007246e-01 8.285483192712156608e+00
2.304815806734661077e-01 8.013230622803053649e+00
2.315221295701314908e-01 8.194059589262842280e+00
2.325626784667968738e-01 8.373040451752046920e+00
2.336032273634622569e-01 8.332443398846255178e+00
2.346437762601276400e-01 8.403148426830711060e+00
2.356843251567930231e-01 8.345041368856698227e+00
2.367248740534584062e-01 8.001171774014590454e+00
2.377654229501237892e-01 7.915376927383615424e+00
2.388059718467891723e-01 7.901462853605529801e+00
2.398465207434545554e-01 8.102890820901194502e+00
2.408870696401199385e-01 8.198988383228765997e+00
2.419276185367853216e-01 8.216554784572469572e+00
2.429681674334507047e-01 8.129032347964827210e+00
2.440087163301160877e-01 8.171881561485641043e+00
2.450492652267814708e-01 8.263208911377422083e+00
2.460898141234468539e-01 8.240051012896177696e+00
2.471303630201122370e-01 8.119658771489838500e+00
2.481709119167776201e-01 7.975965973913854867e+00
2.492114608134430032e-01 8.041299021354561205e+00
2.502520097101083585e-01 8.297931474615651837e+00
2.512925586067737416e-01 8.202232550774521513e+00
2.523331075034391247e-01 8.151203914812853668e+00
2.533736564001045077e-01 7.983871276480744683e+00
2.544142052967698908e-01 7.965549177852917495e+00
2.554547541934352739e-01 8.072372014716947319e+00
2.564953030901006570e-01 8.346125336595612509e+00
2.575358519867660401e-01 8.403646870286682002e+00
2.585764008834314231e-01 7.918361635197655346e+00
2.596169497800968062e-01 8.070938410995513124e+00
2.606574986767621893e-01 8.097330494119923117e+00
2.616980475734275724e-01 7.869272382103186914e+00
2.627385964700929555e-01 7.996288544536216847e+00
2.637791453667583386e-01 8.087765457861816998e+00
2.648196942634237216e-01 7.883650319872383960e+00
2.658602431600891047e-01 7.944178537929680317e+00
2.669007920567544878e-01 8.056125021974970934e+00
2.679413409534198709e-01 7.974537918009957593e+00
2.689818898500852540e-01 7.946496745321272925e+00
2.700224387467506371e-01 7.930080976572913443e+00
2.710629876434160201e-01 7.868347545636463991e+00
2.721035365400814032e-01 8.034348830444386635e+00
2.731440854367467863e-01 8.114762808071233735e+00
2.741846343334121694e-01 7.931957218029864976e+00
2.752251832300775525e-01 8.034553603180270898e+00
2.762657321267429356e-01 8.034747891756428118e+00
2.773062810234083186e-01 8.089070255264978471e+00
2.783468299200737017e-01 7.969327179594145605e+00
2.793873788167390848e-01 7.970716313921137441e+00
2.804279277134044679e-01 7.968469000913117384e+00
2.814684766100698510e-01 7.750612061306433986e+00
2.825090255067352341e-01 7.641248422382322047e+00
2.835495744034006171e-01 7.570497525966107588e+00
2.845901233000660002e-01 7.647335130251558866e+00
2.856306721967313833e-01 7.661189120118681473e+00
2.866712210933967664e-01 7.651041392585298695e+00
2.877117699900621495e-01 7.757777073175706306e+00
2.887523188867275326e-01 7.876234445279468588e+00
2.897928677833929156e-01 7.892075177186374191e+00
2.908334166800582987e-01 7.838584877860906630e+00
2.918739655767236818e-01 7.943113127764640069e+00
2.929145144733890649e-01 7.790280391719321074e+00
2.939550633700544480e-01 7.865079032256801383e+00
2.949956122667198311e-01 7.779982202295801841e+00
2.960361611633852141e-01 7.722854804956416075e+00
2.970767100600505972e-01 7.830460350377784096e+00
2.981172589567159803e-01 7.795091782357200572e+00
2.991578078533813634e-01 7.631155334460817841e+00
3.001983567500468020e-01 7.847030798559543996e+00
3.012389056467121851e-01 7.824543851520122217e+00
3.022794545433775681e-01 7.601354251770921167e+00
3.033200034400429512e-01 7.678601632663617949e+00
3.043605523367083343e-01 7.794453514300819563e+00
3.054011012333737174e-01 7.732814237915029310e+00
3.064416501300391005e-01 7.739144377310722689e+00
3.074821990267044836e-01 7.697384116236261065e+00
3.085227479233698666e-01 7.650787904743840073e+00
3.095632968200352497e-01 7.776868191346622439e+00
3.106038457167006328e-01 7.816474113682602365e+00
3.116443946133660159e-01 7.779328132030027376e+00
3.126849435100313990e-01 7.584791212385383119e+00
3.137254924066967821e-01 7.462071217465624073e+00
3.147660413033621651e-01 7.514270081638397158e+00
3.158065902000275482e-01 7.547439240715831943e+00
3.168471390966929313e-01 7.356905567517518563e+00
3.178876879933583144e-01 7.492074004654131869e+00
3.189282368900236975e-01 7.505841512799861448e+00
3.199687857866890806e-01 7.349604749058858744e+00
3.210093346833544636e-01 7.432730849645185600e+00
3.220498835800198467e-01 7.391859680991448300e+00
3.230904324766852298e-01 7.234389475889855703e+00
3.241309813733506129e-01 7.193587146996556214e+00
3.251715302700159960e-01 7.410355299062899803e+00
3.262120791666813790e-01 7.456596621964653337e+00
3.272526280633467621e-01 7.203036823546760559e+00
3.282931769600121452e-01 7.265366740792472910e+00
3.293337258566775283e-01 7.398693752879950125e+00
3.303742747533429114e-01 7.450237250994401705e+00
3.314148236500082945e-01 7.339174676328827474e+00
3.324553725466736775e-01 7.425454053956205058e+00
3.334959214433390606e-01 7.452758328800236143e+00
3.345364703400044437e-01 7.434207537348509476e+00
3.355770192366698268e-01 7.938010530897276595e+00
3.366175681333352099e-01 7.741290692165865295e+00
3.376581170300005930e-01 7.359817380609793958e+00
3.386986659266659760e-01 7.275858305254448766e+00
3.397392148233313591e-01 7.294985955354640339e+00
3.407797637199967422e-01 7.388762952953836560e+00
3.418203126166621253e-01 7.314608806502299387e+00
3.428608615133275084e-01 7.295730447371781224e+00
3.439014104099928915e-01 7.119315177439617059e+00
3.449419593066582745e-01 7.189072322302504148e+00
3.459825082033236576e-01 7.345016179535004852e+00
3.470230570999890407e-01 7.363415717995732024e+00
3.480636059966544238e-01 7.188476008837849207e+00
3.491041548933198069e-01 7.105480925291256966e+00
3.501447037899851900e-01 7.057499961462355031e+00
3.511852526866505730e-01 7.005845721237744073e+00
3.522258015833159561e-01 7.135532497048128420e+00
3.532663504799813392e-01 7.153868791818581485e+00
3.543068993766467223e-01 7.028107272130970529e+00
3.553474482733121054e-01 7.051415006757579818e+00
3.563879971699774885e-01 7.218764024325000861e+00
3.574285460666428715e-01 7.242313447625122080e+00
3.584690949633082546e-01 7.151005240167791044e+00
3.595096438599736377e-01 7.089174351889937498e+00
3.605501927566390208e-01 7.006044045391025321e+00
3.615907416533044039e-01 6.947877901765128428e+00
3.626312905499697870e-01 6.803488371721197581e+00
3.636718394466351700e-01 6.941620563249109921e+00
3.647123883433005531e-01 6.920720782521353698e+00
3.657529372399659362e-01 6.773589589470692118e+00
3.667934861366313193e-01 6.663618593109195132e+00
3.678340350332967024e-01 6.744412149932706768e+00
3.688745839299620854e-01 6.786513264821916636e+00
3.699151328266274685e-01 6.934747873366035265e+00
3.709556817232928516e-01 6.884916680981699955e+00
3.719962306199582347e-01 6.850007301063616438e+00
3.730367795166236178e-01 6.830782629984593513e+00
3.740773284132890009e-01 6.821091614078000021e+00
3.751178773099543839e-01 6.986662152648335677e+00
3.761584262066197670e-01 7.047742367785765794e+00
3.771989751032851501e-01 6.958789119097378517e+00
3.782395239999505332e-01 6.880231601806688246e+00
3.792800728966159163e-01 6.883903580374795439e+00
3.803206217932812994e-01 6.857811615732835264e+00
3.813611706899466824e-01 6.801491449908105835e+00
3.824017195866120655e-01 6.886498230648193442e+00
3.834422684832774486e-01 6.930773815164283036e+00
3.844828173799428317e-01 6.925155979061603517e+00
3.855233662766082148e-01 6.854271747649228530e+00
3.865639151732735979e-01 6.794043242228170243e+00
3.876044640699389809e-01 6.679563943328286513e+00
3.886450129666043640e-01 6.678089813491844495e+00
3.896855618632697471e-01 6.740870380629246483e+00
3.907261107599351302e-01 6.832342169670525323e+00
3.917666596566005133e-01 6.790341086760310674e+00
3.928072085532658964e-01 6.786444681244116595e+00
3.938477574499312794e-01 6.794255824595236248e+00
3.948883063465966625e-01 6.680569360456544814e+00
3.959288552432620456e-01 6.643013570176115934e+00
3.969694041399274287e-01 6.595888404992791720e+00
3.980099530365928118e-01 6.588447367686310230e+00
3.990505019332581949e-01 6.651217172740366834e+00
4.000910508299235779e-01 6.608639883437291473e+00
4.011315997265889610e-01 6.634791518776385288e+00
4.021721486232543441e-01 6.752058152204284625e+00
4.032126975199197272e-01 6.693520842742607613e+00
4.042532464165851103e-01 6.762699386465964579e+00
4.052937953132504934e-01 6.662428057167424811e+00
4.063343442099158764e-01 6.562299832955549306e+00
4.073748931065812595e-01 6.746238457676366096e+00
4.084154420032466426e-01 6.715904332816844402e+00
4.094559908999120257e-01 6.636779564354366556e+00
4.104965397965774088e-01 6.660477476151601905e+00
4.115370886932427918e-01 6.560332825465380324e+00
4.125776375899081749e-01 6.506563280582135178e+00
4.136181864865735580e-01 6.330018914471825298e+00
4.146587353832389411e-01 6.297686690582892766e+00
4.156992842799043242e-01 6.444307874018694093e+00
4.167398331765697073e-01 6.405738193695398763e+00
4.177803820732350903e-01 6.487184058901142691e+00
4.188209309699004734e-01 6.550887771467859721e+00
4.198614798665658565e-01 6.492001779215804902e+00
4.209020287632312396e-01 6.495443823677646833e+00
4.219425776598966227e-01 6.511778755968133936e+00
4.229831265565620058e-01 6.561687200999294589e+00
4.240236754532273888e-01 6.576046396501546099e+00
4.250642243498927719e-01 6.387029994125562382e+00
4.261047732465581550e-01 6.330230523072145843e+00
4.271453221432235381e-01 6.429418805544955262e+00
4.281858710398889212e-01 6.401907941603209196e+00
4.292264199365543043e-01 6.408492765578333916e+00
4.302669688332196873e-01 6.579369143534254505e+00
4.313075177298850704e-01 6.433169264722248926e+00
4.323480666265504535e-01 6.220459308940306187e+00
4.333886155232158366e-01 6.276480681521999117e+00
4.344291644198812197e-01 6.343119429053363234e+00
4.354697133165466028e-01 6.263348732937046748e+00
4.365102622132119858e-01 6.395460723607783393e+00
4.375508111098773689e-01 6.567530821736550450e+00
4.385913600065427520e-01 6.458347118640844542e+00
4.396319089032081351e-01 6.427315765509700185e+00
4.406724577998735182e-01 6.374197422775139898e+00
4.417130066965389013e-01 6.352554931741007493e+00
4.427535555932042843e-01 6.559068053169752943e+00
4.437941044898696674e-01 6.484545591247925955e+00
4.448346533865350505e-01 6.118810564322107126e+00
4.458752022832004336e-01 6.174402128495025011e+00
4.469157511798658167e-01 6.175201979300993571e+00
4.479563000765311997e-01 6.283427564026904832e+00
4.489968489731965828e-01 6.375500117318686932e+00
4.500373978698619659e-01 6.312166124479926310e+00
4.510779467665273490e-01 6.410242687914966098e+00
4.521184956631927321e-01 6.317387094685809501e+00
4.531590445598581152e-01 6.275009783638040517e+00
4.541995934565234982e-01 6.277198281437144090e+00
4.552401423531888813e-01 6.298803298522589245e+00
4.562806912498542644e-01 6.303097307322889975e+00
4.573212401465196475e-01 6.381112648659414077e+00
4.583617890431850306e-01 6.348994830834705283e+00
4.594023379398504137e-01 6.254567210099356345e+00
4.604428868365157967e-01 6.235932064334086533e+00
4.614834357331811798e-01 6.165678326303549284e+00
4.625239846298465629e-01 6.169312325748908421e+00
4.635645335265119460e-01 6.284088106120904627e+00
4.646050824231773291e-01 6.275342588160409463e+00
4.656456313198427122e-01 6.086438868317582518e+00
4.666861802165080952e-01 6.222101994852682338e+00
4.677267291131734783e-01 6.185089250991673282e+00
4.687672780098388614e-01 6.166494764250824545e+00
4.698078269065042445e-01 6.176106361172465142e+00
4.708483758031696276e-01 6.212531012909586536e+00
4.718889246998350107e-01 6.241967880681215775e+00
4.729294735965003937e-01 6.170878600000552439e+00
4.739700224931657768e-01 6.118687136475902122e+00
4.750105713898311599e-01 6.194935805479676816e+00
4.760511202864965430e-01 6.217952114219635007e+00
4.770916691831619261e-01 6.145526301526260227e+00
4.781322180798273092e-01 6.158038963484454342e+00
4.791727669764926922e-01 6.214566410598106216e+00
4.802133158731580753e-01 6.315248162742932436e+00
4.812538647698234584e-01 6.195522791225101855e+00
4.822944136664888415e-01 6.174172726516268028e+00
4.833349625631542246e-01 6.076706459144382677e+00
4.843755114598196077e-01 6.094809755906815951e+00
4.854160603564849907e-01 6.127519688128678865e+00
4.864566092531503738e-01 6.075115373289552423e+00
4.874971581498157569e-01 6.087040289497082313e+00
4.885377070464811400e-01 6.089003054501571199e+00
4.895782559431465231e-01 5.903348997474868298e+00
4.906188048398119061e-01 6.058244386269134196e+00
4.916593537364772892e-01 6.084798274896989767e+00
4.926999026331426723e-01 6.035030989309145610e+00
4.937404515298080554e-01 6.133880702438947452e+00
4.947810004264734385e-01 6.521720795370086421e+00
4.958215493231388216e-01 6.345423261650250168e+00
4.968620982198042046e-01 6.019318992833806448e+00
4.979026471164695877e-01 6.040167585599501621e+00
4.989431960131349708e-01 6.069412235456766780e+00
4.999837449098003539e-01 6.002402946427032759e+00
5.010242938064657370e-01 6.128310659024005957e+00
5.020648427031311201e-01 6.102022909041032506e+00
5.031053915997965031e-01 6.100927162781221824e+00
5.041459404964618862e-01 6.186058317601553114e+00
5.051864893931272693e-01 6.186473928950587009e+00
5.062270382897926524e-01 6.134628807987684951e+00
5.072675871864580355e-01 6.087930899676262442e+00
5.083081360831234186e-01 6.169480139740127100e+00
5.093486849797888016e-01 6.160945889017984456e+00
5.103892338764541847e-01 6.084644859404459538e+00
5.114297827731195678e-01 6.022628674232400670e+00
5.124703316697849509e-01 5.990984786156644759e+00
5.135108805664503340e-01 5.990831032068836492e+00
5.145514294631157171e-01 5.889033704266765312e+00
5.155919783597811001e-01 6.021019164420327030e+00
5.166325272564464832e-01 5.965279563717189149e+00
5.176730761531118663e-01 5.866406662811250783e+00
5.187136250497772494e-01 5.918407444205278978e+00
5.197541739464426325e-01 6.012851813786507904e+00
5.207947228431080156e-01 5.883567563059720840e+00
5.218352717397733986e-01 5.921261310945304501e+00
5.228758206364387817e-01 5.991425775710229829e+00
5.239163695331041648e-01 6.016882384072463452e+00
5.249569184297695479e-01 5.916516524017279011e+00
5.259974673264349310e-01 5.904647580133417506e+00
5.270380162231003141e-01 5.908476176458687945e+00
5.280785651197656971e-01 5.960513402615635670e+00
5.291191140164310802e-01 6.018087778201451243e+00
5.301596629130964633e-01 5.968494838581364093e+00
5.312002118097618464e-01 6.016775065565155955e+00
5.322407607064272295e-01 6.040251408083236129e+00
5.332813096030926125e-01 6.013977131945239307e+00
5.343218584997581067e-01 5.931633970279111878e+00
5.353624073964233787e-01 5.975770619160236663e+00
5.364029562930888728e-01 5.757879630510732483e+00
5.374435051897541449e-01 5.866972560656090963e+00
5.384840540864196390e-01 5.865876989541352060e+00
5.395246029830849110e-01 5.807287132138931440e+00
5.405651518797504052e-01 5.913993138188509135e+00
5.416057007764156772e-01 5.899512036306340690e+00
5.426462496730811713e-01 5.841335835496760609e+00
5.436867985697464434e-01 5.901395427288463225e+00
5.447273474664119375e-01 5.933723769719851049e+00
5.457678963630772095e-01 5.784842645219303137e+00
5.468084452597427036e-01 5.815757496293855411e+00
5.478489941564079757e-01 5.868475075675572583e+00
5.488895430530734698e-01 5.949317483715105936e+00
5.499300919497387419e-01 5.860505750495192956e+00
5.509706408464042360e-01 5.845792406966598520e+00
5.520111897430695080e-01 5.794998906016832763e+00
5.530517386397350021e-01 5.799627406154005627e+00
5.540922875364002742e-01 5.830311810274633189e+00
5.551328364330657683e-01 5.678348382883047663e+00
5.561733853297310404e-01 5.646073353312015541e+00
5.572139342263965345e-01 5.666308507142993278e+00
5.582544831230618065e-01 5.728111683840623414e+00
5.592950320197273006e-01 5.733196981636851319e+00
5.603355809163925727e-01 5.886960958218981688e+00
5.613761298130580668e-01 5.857863394780736144e+00
5.624166787097233389e-01 5.707724166522034182e+00
5.634572276063888330e-01 5.774986878386449973e+00
5.644977765030541050e-01 5.757482950343803196e+00
5.655383253997195991e-01 5.734361554095706026e+00
5.665788742963848712e-01 5.816613064198129734e+00
5.676194231930503653e-01 5.879146329314757224e+00
5.686599720897156374e-01 5.751790687387131840e+00
5.697005209863811315e-01 5.711451003916984348e+00
5.707410698830464035e-01 5.686690049925129387e+00
5.717816187797118976e-01 5.707767299850470266e+00
5.728221676763771697e-01 5.631407582990785698e+00
5.738627165730426638e-01 5.517943097661270002e+00
5.749032654697079359e-01 5.637055299014583909e+00
5.759438143663734300e-01 5.635905576965004826e+00
5.769843632630387020e-01 5.569206276592129967e+00
5.780249121597041961e-01 5.631922074696209535e+00
5.790654610563694682e-01 5.674904450995864380e+00
5.801060099530349623e-01 5.744428597247463131e+00
5.811465588497002344e-01 5.692674874416574937e+00
5.821871077463657285e-01 5.692103367865573915e+00
5.832276566430310005e-01 5.690788443067752667e+00
5.842682055396964946e-01 5.689025721333621277e+00
5.853087544363617667e-01 5.618617031608618362e+00
5.863493033330272608e-01 5.672556285203587123e+00
5.873898522296925329e-01 5.577258857903725442e+00
5.884304011263580270e-01 5.599354719141320658e+00
5.894709500230232990e-01 5.605267282481744218e+00
5.905114989196887931e-01 5.555490928670963058e+00
5.915520478163540652e-01 5.476724015962940229e+00
5.925925967130195593e-01 5.543913310243706150e+00
5.936331456096848314e-01 5.603477220306221085e+00
5.946736945063503255e-01 5.564597119145823001e+00
5.957142434030155975e-01 5.552262521227309122e+00
5.967547922996810916e-01 5.515374107368781864e+00
5.977953411963463637e-01 5.470486742202329111e+00
5.988358900930118578e-01 5.539224776804566375e+00
5.998764389896771299e-01 5.515046903050876637e+00
