# q (1/Angstrom), Intensity (arb)
2.029070354705860696e-02 2.154511729218285154e+02
2.133125244372399004e-02 1.879477445771927364e+02
2.237180134038937659e-02 1.688135056010351889e+02
2.341235023705475968e-02 1.489534000258637718e+02
2.445289913372014276e-02 1.335768917995484344e+02
2.549344803038552584e-02 1.225204490083749249e+02
2.653399692705091240e-02 1.137780876909988450e+02
2.757454582371629548e-02 1.060177698890821176e+02
2.861509472038167856e-02 1.001458307654310005e+02
2.965564361704706164e-02 9.396842437782427737e+01
3.069619251371244473e-02 8.869510554658010903e+01
3.173674141037782781e-02 8.319692047572361560e+01
3.277729030704321089e-02 8.010106892719079497e+01
3.381783920370859398e-02 7.803403158534180761e+01
3.485838810037397706e-02 7.595379819372391239e+01
3.589893699703936014e-02 7.412913695466579611e+01
3.693948589370474322e-02 7.332833830385460772e+01
3.798003479037012631e-02 7.209259621676139318e+01
3.902058368703550939e-02 7.270588827457990533e+01
4.006113258370089247e-02 7.311500070982748412e+01
4.110168148036627556e-02 7.272919043061872912e+01
4.214223037703165864e-02 7.353028564391320288e+01
4.318277927369704866e-02 7.518730508546461522e+01
4.422332817036243174e-02 7.652509523391934465e+01
4.526387706702781483e-02 8.060448486839391080e+01
4.630442596369319791e-02 8.501099140880633342e+01
4.734497486035858099e-02 8.856573497990402188e+01
4.838552375702396408e-02 9.425271899054655478e+01
4.942607265368934716e-02 1.035455756003662344e+02
5.046662155035473024e-02 1.144285789441379535e+02
5.150717044702011332e-02 1.293638582864324462e+02
5.254771934368549641e-02 1.503630212806026520e+02
5.358826824035087949e-02 1.824885323564853365e+02
5.462881713701626257e-02 2.319359601312478674e+02
5.566936603368164566e-02 3.165145603183747198e+02
5.670991493034702874e-02 4.475401402319112094e+02
5.775046382701241182e-02 6.227856104892283611e+02
5.879101272367779490e-02 8.398031193826952858e+02
5.983156162034317799e-02 1.021379358547882021e+03
6.087211051700856107e-02 1.076482508909323315e+03
6.191265941367394415e-02 1.018750293888402439e+03
6.295320831033933417e-02 9.042572402642892939e+02
6.399375720700471726e-02 7.655674453472804544e+02
6.503430610367010034e-02 6.299056447022692282e+02
6.607485500033548342e-02 5.132185777586245194e+02
6.711540389700086651e-02 4.172337448444715733e+02
6.815595279366624959e-02 3.386080696985549707e+02
6.919650169033163267e-02 2.730603793550107525e+02
7.023705058699701576e-02 2.175868521393855701e+02
7.127759948366239884e-02 1.713264301905952891e+02
7.231814838032778192e-02 1.325615135848597674e+02
7.335869727699316500e-02 1.017111193840010515e+02
7.439924617365854809e-02 7.726324750458182677e+01
7.543979507032393117e-02 5.903831918063227135e+01
7.648034396698931425e-02 4.554764679225509383e+01
7.752089286365469734e-02 3.539622625361283781e+01
7.856144176032008042e-02 2.804426184534418809e+01
7.960199065698546350e-02 2.224247153172377978e+01
8.064253955365084658e-02 1.845376637860297109e+01
8.168308845031622967e-02 1.579097473229751358e+01
8.272363734698161275e-02 1.417631010109968059e+01
8.376418624364699583e-02 1.250364485743560294e+01
8.480473514031239279e-02 1.182634797868351484e+01
8.584528403697777588e-02 1.111710385976157767e+01
8.688583293364315896e-02 1.069209680781952443e+01
8.792638183030854204e-02 1.068023661823079351e+01
8.896693072697392513e-02 1.054454377109345842e+01
9.000747962363930821e-02 1.138494821575335436e+01
9.104802852030469129e-02 1.326480918664304909e+01
9.208857741697007437e-02 1.431068170471015577e+01
9.312912631363545746e-02 1.648892620033230116e+01
9.416967521030084054e-02 2.068775695896504629e+01
9.521022410696622362e-02 2.623396441377777677e+01
9.625077300363160671e-02 3.359569980865516214e+01
9.729132190029698979e-02 4.115946116411544153e+01
9.833187079696237287e-02 4.601404388849579874e+01
9.937241969362775595e-02 4.791621330140785773e+01
1.004129685902931390e-01 4.789421712298098299e+01
1.014535174869585221e-01 4.765931535387891671e+01
1.024940663836239052e-01 4.573694691406380741e+01
1.035346152802892883e-01 4.315030238778771121e+01
1.045751641769546714e-01 4.133151873478392702e+01
1.056157130736200545e-01 3.901761670316495412e+01
1.066562619702854375e-01 3.725287296403381276e+01
1.076968108669508206e-01 3.663826624121185915e+01
1.087373597636162037e-01 3.610399050668564769e+01
1.097779086602815868e-01 3.666001863363864288e+01
1.108184575569469699e-01 3.854444634441674111e+01
1.118590064536123529e-01 4.194481923547254354e+01
1.128995553502777360e-01 4.709170262671380414e+01
1.139401042469431191e-01 5.151840112839304453e+01
1.149806531436085022e-01 5.414971299544833272e+01
1.160212020402738853e-01 5.323372551781940842e+01
1.170617509369392684e-01 5.105170527408029102e+01
1.181022998336046514e-01 4.868098670102183689e+01
1.191428487302700345e-01 4.595947113927409333e+01
1.201833976269354176e-01 4.233325548653647985e+01
1.212239465236008007e-01 3.792964160752600833e+01
1.222644954202661838e-01 3.342377393878567915e+01
1.233050443169315669e-01 2.946146532937205365e+01
1.243455932135969499e-01 2.578934950424125105e+01
1.253861421102623330e-01 2.256550637025899420e+01
1.264266910069277161e-01 1.965642753482286054e+01
1.274672399035930992e-01 1.670200537429575860e+01
1.285077888002584823e-01 1.431532166754458046e+01
1.295483376969238654e-01 1.233944815360138847e+01
1.305888865935892484e-01 1.048309966152964279e+01
1.316294354902546315e-01 8.405677193112289558e+00
1.326699843869200146e-01 7.501668111273495754e+00
1.337105332835853977e-01 6.654960022582550039e+00
1.347510821802507808e-01 5.627595311011106105e+00
1.357916310769161639e-01 5.209431236216147454e+00
1.368321799735815469e-01 4.448643299952934171e+00
1.378727288702469300e-01 3.808385215192608086e+00
1.389132777669123131e-01 3.591726300317183984e+00
1.399538266635776962e-01 3.528313825375775536e+00
1.409943755602430793e-01 3.465743572414837104e+00
1.420349244569084624e-01 3.473404306790655482e+00
1.430754733535738454e-01 3.562999279971705846e+00
1.441160222502392285e-01 3.461058226538085592e+00
1.451565711469046116e-01 3.421709649610370718e+00
1.461971200435699947e-01 4.041877731644234473e+00
1.472376689402353778e-01 4.765984029883334472e+00
1.482782178369007609e-01 5.541673451330417777e+00
1.493187667335661439e-01 6.322267930194442442e+00
1.503593156302315270e-01 6.863819682424754376e+00
1.513998645268969101e-01 7.676401581716497446e+00
1.524404134235622932e-01 8.922471639924765441e+00
1.534809623202276763e-01 9.782450101181908053e+00
1.545215112168930593e-01 9.692530665056651173e+00
1.555620601135584424e-01 9.476443048522732227e+00
1.566026090102238255e-01 9.258724905052250875e+00
1.576431579068892086e-01 9.095485559850878587e+00
1.586837068035545917e-01 8.681416731800553066e+00
1.597242557002199748e-01 8.428161271947793409e+00
1.607648045968853578e-01 8.066782132652161152e+00
1.618053534935507409e-01 7.584388951552572422e+00
1.628459023902161240e-01 7.424379491644305773e+00
1.638864512868815071e-01 7.033176737391492850e+00
1.649270001835468902e-01 6.927013305039476876e+00
1.659675490802122733e-01 6.857980227111195148e+00
1.670080979768776563e-01 6.904254864481021770e+00
1.680486468735430672e-01 6.719666952753126310e+00
1.690891957702084503e-01 6.729769004739452498e+00
1.701297446668738333e-01 6.778547814301941088e+00
1.711702935635392164e-01 6.165286270608781649e+00
1.722108424602045995e-01 6.024845198197553486e+00
1.732513913568699826e-01 6.040492072981432869e+00
1.742919402535353657e-01 5.906179054921953053e+00
1.753324891502007488e-01 5.376542199460200067e+00
1.763730380468661318e-01 5.324629940529558070e+00
1.774135869435315149e-01 5.252713084829320422e+00
1.784541358401968980e-01 4.919340912930092458e+00
1.794946847368622811e-01 4.374108876864713835e+00
1.805352336335276642e-01 3.781639471942739306e+00
1.815757825301930473e-01 3.855576949832354217e+00
1.826163314268584303e-01 3.652056176906381069e+00
1.836568803235238134e-01 3.455890042359406777e+00
1.846974292201891965e-01 3.170600959419687115e+00
1.857379781168545796e-01 3.407514317404711335e+00
1.867785270135199627e-01 3.341759273798082575e+00
1.878190759101853458e-01 2.763934747329685138e+00
1.888596248068507288e-01 2.309778922087033948e+00
1.899001737035161119e-01 2.662778340570902458e+00
1.909407226001814950e-01 2.738193414355418298e+00
1.919812714968468781e-01 2.653407994902455158e+00
1.930218203935122612e-01 2.441769267010940325e+00
1.940623692901776443e-01 2.143376821766960205e+00
1.951029181868430273e-01 2.104567125346378020e+00
1.961434670835084104e-01 2.016869601639033505e+00
1.971840159801737935e-01 2.122472680097612141e+00
1.982245648768391766e-01 2.114795332399808103e+00
1.992651137735045597e-01 2.366715605870027161e+00
2.003056626701699428e-01 2.531617674317502065e+00
2.013462115668353813e-01 2.682979965171472969e+00
2.023867604635007644e-01 2.193558896511937917e+00
2.034273093601661475e-01 2.122233568342988264e+00
2.044678582568315306e-01 2.147717784788543582e+00
2.055084071534969137e-01 2.287034169503179726e+00
2.065489560501622968e-01 2.349808326779644574e+00
2.075895049468276798e-01 2.215968686613429384e+00
2.086300538434930629e-01 2.153131896752373819e+00
2.096706027401584460e-01 2.074858126894639554e+00
2.107111516368238291e-01 2.332362639623493550e+00
2.117517005334892122e-01 2.377864571852107645e+00
2.127922494301545953e-01 2.374614647073144624e+00
2.138327983268199783e-01 2.173339809301861436e+00
2.148733472234853614e-01 2.245578299227464214e+00
2.159138961201507445e-01 1.940075508266769333e+00
2.169544450168161276e-01 1.744324030026568551e+00
2.179949939134815107e-01 1.873578397572803311e+00
2.190355428101468938e-01 1.967702407207330140e+00
2.200760917068122768e-01 2.012264958751337929e+00
2.211166406034776599e-01 1.975750743259588660e+00
2.221571895001430430e-01 2.081531799030102547e+00
2.231977383968084261e-01 2.175913674784432317e+00
2.242382872934738092e-01 2.092893241796318193e+00
2.252788361901391923e-01 2.056942689624769116e+00
2.263193850868045753e-01 1.810838014147371666e+00
2.273599339834699584e-01 1.789942534261069085e+00
2.284004828801353415e-01 2.008798544321095392e+00
2.294410317768007246e-01 1.763981110561896770e+00
2.304815806734661077e-01 1.932714802452675684e+00
2.315221295701314908e-01 2.085729049436665150e+00
2.325626784667968738e-01 1.836225472682542659e+00
2.336032273634622569e-01 1.621442761944177136e+00
2.346437762601276400e-01 1.687111585284469584e+00
2.356843251567930231e-01 1.389679276024665455e+00
2.367248740534584062e-01 1.363237292150905944e+00
2.377654229501237892e-01 1.472817661157250768e+00
2.388059718467891723e-01 1.394844615439474467e+00
2.398465207434545554e-01 1.288743167639026410e+00
2.408870696401199385e-01 1.268244251253918264e+00
2.419276185367853216e-01 1.239866029132759451e+00
2.429681674334507047e-01 1.220344710843495051e+00
2.440087163301160877e-01 9.714930713248932648e-01
2.450492652267814708e-01 7.584680811716495441e-01
2.460898141234468539e-01 8.266387257805867250e-01
2.471303630201122370e-01 9.081514434161945815e-01
2.481709119167776201e-01 1.014365374858979152e+00
2.492114608134430032e-01 1.072543207989923530e+00
2.502520097101083585e-01 1.090884712278405999e+00
2.512925586067737416e-01 1.097154203103585246e+00
2.523331075034391247e-01 1.211218854430043734e+00
2.533736564001045077e-01 9.778487788604586228e-01
2.544142052967698908e-01 1.082415341373092588e+00
2.554547541934352739e-01 1.022565636967549096e+00
2.564953030901006570e-01 1.044268985517430082e+00
2.575358519867660401e-01 7.323923698928602732e-01
2.585764008834314231e-01 8.062506253187038396e-01
2.596169497800968062e-01 1.034626663348976905e+00
2.606574986767621893e-01 9.535452857068023036e-01
2.616980475734275724e-01 8.889493690213292609e-01
2.627385964700929555e-01 8.514861142887433232e-01
2.637791453667583386e-01 1.232618107038963018e+00
2.648196942634237216e-01 9.985690235668656101e-01
2.658602431600891047e-01 1.012772645528784210e+00
2.669007920567544878e-01 1.088411521471940091e+00
2.679413409534198709e-01 1.057378843817676994e+00
2.689818898500852540e-01 9.994472131352267752e-01
2.700224387467506371e-01 9.291218376196077600e-01
2.710629876434160201e-01 1.043097767331850889e+00
2.721035365400814032e-01 9.780823916488756709e-01
2.731440854367467863e-01 1.123873689128561892e+00
2.741846343334121694e-01 1.083902533192009798e+00
2.752251832300775525e-01 1.065296742100073857e+00
2.762657321267429356e-01 9.417886417800751531e-01
2.773062810234083186e-01 7.312965030582141424e-01
2.783468299200737017e-01 7.423824492624220284e-01
2.793873788167390848e-01 8.537649449429451920e-01
2.804279277134044679e-01 1.173856891506037670e+00
2.814684766100698510e-01 1.204580504009523878e+00
2.825090255067352341e-01 1.043351606744177928e+00
2.835495744034006171e-01 1.031688377519504485e+00
2.845901233000660002e-01 9.687059123418215734e-01
2.856306721967313833e-01 7.301115079294397958e-01
2.866712210933967664e-01 9.026034485256460016e-01
2.877117699900621495e-01 1.028329960338165705e+00
2.887523188867275326e-01 7.435205308296524152e-01
2.897928677833929156e-01 6.954094435465663082e-01
2.908334166800582987e-01 5.780225833940981772e-01
2.918739655767236818e-01 6.504368246387670638e-01
2.929145144733890649e-01 7.445618636190260986e-01
2.939550633700544480e-01 7.546381456787507602e-01
2.949956122667198311e-01 1.022849340992660672e+00
2.960361611633852141e-01 1.161004337306238199e+00
2.970767100600505972e-01 8.750980519795241719e-01
2.981172589567159803e-01 7.107589488169203662e-01
2.991578078533813634e-01 5.845596497384981660e-01
3.001983567500468020e-01 8.291167054179275908e-01
3.012389056467121851e-01 1.003866382525313128e+00
3.022794545433775681e-01 1.224751912394264508e+00
3.033200034400429512e-01 9.467092806436596675e-01
3.043605523367083343e-01 6.322850636432306715e-01
3.054011012333737174e-01 7.087294029268100815e-01
3.064416501300391005e-01 8.119135614974801740e-01
3.074821990267044836e-01 6.066290350663656739e-01
3.085227479233698666e-01 7.595415749285585605e-01
3.095632968200352497e-01 8.245035132882776452e-01
3.106038457167006328e-01 8.387627571638489599e-01
3.116443946133660159e-01 5.288187171824851873e-01
3.126849435100313990e-01 3.717624762077278433e-01
3.137254924066967821e-01 5.548707427369734546e-01
3.147660413033621651e-01 6.243226821256868675e-01
3.158065902000275482e-01 6.179750080415260527e-01
3.168471390966929313e-01 8.059040752833794841e-01
3.178876879933583144e-01 8.142655629632216119e-01
3.189282368900236975e-01 5.484145761598036017e-01
3.199687857866890806e-01 5.132571485530661448e-01
3.210093346833544636e-01 3.021992784373992436e-01
3.220498835800198467e-01 2.750178626243027225e-01
3.230904324766852298e-01 4.610215105876385167e-01
3.241309813733506129e-01 4.806194461240487215e-01
3.251715302700159960e-01 3.114281044007576327e-01
3.262120791666813790e-01 4.309105330284452862e-01
3.272526280633467621e-01 7.284653730383325865e-01
3.282931769600121452e-01 5.301644872293991284e-01
3.293337258566775283e-01 4.038519932249400313e-01
3.303742747533429114e-01 6.186641159114039112e-01
3.314148236500082945e-01 7.047826800110676970e-01
3.324553725466736775e-01 5.953457422719026226e-01
3.334959214433390606e-01 7.001722356785826662e-01
3.345364703400044437e-01 5.541800234345686249e-01
3.355770192366698268e-01 5.668819260866584386e-01
3.366175681333352099e-01 7.434458553688187976e-01
3.376581170300005930e-01 6.703762692561561209e-01
3.386986659266659760e-01 3.952092984110713303e-01
3.397392148233313591e-01 3.823277544303174125e-01
3.407797637199967422e-01 7.670372029229746147e-01
3.418203126166621253e-01 5.002579760755061500e-01
3.428608615133275084e-01 4.269360720773534013e-01
3.439014104099928915e-01 4.522744982297162153e-01
3.449419593066582745e-01 5.511074158923747746e-01
3.459825082033236576e-01 6.517187903951473515e-01
3.470230570999890407e-01 5.284108183689433247e-01
3.480636059966544238e-01 3.668378359083490636e-01
3.491041548933198069e-01 3.516363308148839906e-01
3.501447037899851900e-01 4.953289804558949072e-01
3.511852526866505730e-01 3.796628738681633308e-01
3.522258015833159561e-01 5.146725292815723662e-01
3.532663504799813392e-01 3.093425483006697618e-01
3.543068993766467223e-01 4.904206179372074814e-01
3.553474482733121054e-01 4.896541706287642626e-01
3.563879971699774885e-01 3.905560656512570006e-01
3.574285460666428715e-01 5.865151214448722783e-01
3.584690949633082546e-01 4.299377006372147036e-01
3.595096438599736377e-01 4.565821928151017062e-01
3.605501927566390208e-01 5.503769991129310313e-01
3.615907416533044039e-01 4.134522561571358779e-01
3.626312905499697870e-01 4.134997227679662046e-01
3.636718394466351700e-01 5.132398860950111441e-01
3.647123883433005531e-01 4.766928939109931207e-01
3.657529372399659362e-01 2.874526078893495651e-01
3.667934861366313193e-01 3.389046966319746446e-01
3.678340350332967024e-01 3.250005360848753355e-01
3.688745839299620854e-01 3.550704633911685448e-01
3.699151328266274685e-01 3.837368414018484941e-01
3.709556817232928516e-01 5.563229913988365638e-01
3.719962306199582347e-01 5.674703680378385684e-01
3.730367795166236178e-01 6.020570986519864221e-01
3.740773284132890009e-01 4.084155828315942927e-01
3.751178773099543839e-01 3.474782328230254791e-01
3.761584262066197670e-01 5.854539351502587863e-01
3.771989751032851501e-01 5.528595009967851581e-01
3.782395239999505332e-01 4.414292323940856022e-01
3.792800728966159163e-01 2.992153409487698923e-01
3.803206217932812994e-01 2.850061508294317036e-01
3.813611706899466824e-01 2.885959863852889384e-01
3.824017195866120655e-01 3.412401959202355783e-01
3.834422684832774486e-01 4.316076607854988367e-01
3.844828173799428317e-01 4.913590923902084739e-01
3.855233662766082148e-01 5.384937308850616944e-01
3.865639151732735979e-01 3.394438585775958472e-01
3.876044640699389809e-01 3.438954931652808966e-01
3.886450129666043640e-01 4.337289895283724661e-01
3.896855618632697471e-01 5.214212544491552137e-01
3.907261107599351302e-01 4.586650394972373590e-01
3.917666596566005133e-01 3.741037910153899304e-01
3.928072085532658964e-01 3.423034825632811362e-01
3.938477574499312794e-01 3.476095108580423698e-01
3.948883063465966625e-01 2.788527151744126797e-01
3.959288552432620456e-01 4.113349029452706418e-01
3.969694041399274287e-01 6.338722778715499828e-01
3.980099530365928118e-01 4.737999421025698155e-01
3.990505019332581949e-01 5.328450996620581748e-01
4.000910508299235779e-01 4.638786778715058290e-01
4.011315997265889610e-01 4.608604762388850418e-01
4.021721486232543441e-01 3.433571173408687116e-01
4.032126975199197272e-01 3.736717108318288183e-01
4.042532464165851103e-01 3.415695607335429429e-01
4.052937953132504934e-01 4.620703570754152167e-01
4.063343442099158764e-01 3.836238371112479228e-01
4.073748931065812595e-01 3.497925233026677461e-01
4.084154420032466426e-01 3.229754179700208283e-01
4.094559908999120257e-01 3.235456914386247718e-01
4.104965397965774088e-01 3.824183682329440614e-01
4.115370886932427918e-01 4.597673760800375931e-01
4.125776375899081749e-01 6.475525805577220240e-01
4.136181864865735580e-01 6.112372612806815653e-01
4.146587353832389411e-01 5.741607140922440067e-01
4.156992842799043242e-01 2.574382997635069614e-01
4.167398331765697073e-01 4.576181180221219336e-01
4.177803820732350903e-01 5.640979143767133053e-01
4.188209309699004734e-01 5.290147800367854813e-01
4.198614798665658565e-01 5.547479622703122004e-01
4.209020287632312396e-01 3.106932934749302433e-01
4.219425776598966227e-01 3.047491464555918128e-02
4.229831265565620058e-01 0.000000000000000000e+00
4.240236754532273888e-01 3.212648770594590530e-01
4.250642243498927719e-01 5.441909216081484146e-01
4.261047732465581550e-01 6.320489044481085728e-01
4.271453221432235381e-01 4.510736407066744391e-01
4.281858710398889212e-01 2.836006573789582319e-01
4.292264199365543043e-01 3.206602850616668832e-01
4.302669688332196873e-01 1.873461839334744639e-01
4.313075177298850704e-01 1.969265702502092097e-01
4.323480666265504535e-01 2.158823375566818470e-01
4.333886155232158366e-01 2.924509855921648693e-01
4.344291644198812197e-01 2.031046435342318546e-01
4.354697133165466028e-01 2.985075574899695994e-01
4.365102622132119858e-01 3.788509606608592151e-01
4.375508111098773689e-01 3.759342491914665629e-01
4.385913600065427520e-01 2.983468396093442720e-01
4.396319089032081351e-01 5.647754113449501290e-01
4.406724577998735182e-01 4.745168492071734079e-01
4.417130066965389013e-01 4.265333789313814350e-01
4.427535555932042843e-01 2.623608380410615837e-01
4.437941044898696674e-01 1.240828187391258552e-01
4.448346533865350505e-01 2.619079862821180882e-01
4.458752022832004336e-01 3.853688813225879528e-01
4.469157511798658167e-01 2.020226213321265618e-01
4.479563000765311997e-01 2.821409181958500767e-01
4.489968489731965828e-01 4.272500304785715741e-01
4.500373978698619659e-01 4.394328369549853619e-01
4.510779467665273490e-01 3.893092368340411724e-01
4.521184956631927321e-01 3.635103035202256194e-01
4.531590445598581152e-01 3.708552951285462029e-01
4.541995934565234982e-01 3.461421314661166093e-01
4.552401423531888813e-01 4.487548717333993409e-01
4.562806912498542644e-01 6.135627170527122587e-01
4.573212401465196475e-01 7.070628018882523236e-01
4.583617890431850306e-01 6.132533088980167690e-01
4.594023379398504137e-01 5.861101979782290528e-01
4.604428868365157967e-01 5.243731198356513801e-01
4.614834357331811798e-01 5.845875223388468100e-01
4.625239846298465629e-01 4.714154157242909093e-01
4.635645335265119460e-01 4.223942302860699272e-01
4.646050824231773291e-01 5.151117719481526080e-01
4.656456313198427122e-01 4.937543891818521047e-01
4.666861802165080952e-01 4.303992486503531723e-01
4.677267291131734783e-01 3.792320809855738162e-01
4.687672780098388614e-01 2.610269029641685279e-01
4.698078269065042445e-01 3.575790461489596339e-01
4.708483758031696276e-01 2.858836834372269209e-01
4.718889246998350107e-01 2.622064507389794130e-01
4.729294735965003937e-01 1.566757847197273179e-01
4.739700224931657768e-01 2.493859639097983916e-01
4.750105713898311599e-01 3.564295063198024138e-01
4.760511202864965430e-01 4.058776932174197327e-01
4.770916691831619261e-01 4.279913806540385224e-01
4.781322180798273092e-01 2.363413957920741382e-01
4.791727669764926922e-01 4.535834721693809968e-01
4.802133158731580753e-01 5.598607819934429131e-01
4.812538647698234584e-01 4.419624951814604685e-01
4.822944136664888415e-01 4.510671219442130564e-01
4.833349625631542246e-01 3.928420107858769939e-01
4.843755114598196077e-01 1.593897074540251424e-01
4.854160603564849907e-01 2.861420797715119591e-01
4.864566092531503738e-01 3.855494781293486994e-01
4.874971581498157569e-01 4.770366175674318754e-01
4.885377070464811400e-01 4.546557613451938096e-01
4.895782559431465231e-01 5.186556333692600163e-01
4.906188048398119061e-01 5.579306117647320207e-01
4.916593537364772892e-01 4.395020608630417769e-01
4.926999026331426723e-01 2.862300811201059503e-01
4.937404515298080554e-01 3.482022203559438367e-01
4.947810004264734385e-01 6.175064646724557349e-01
4.958215493231388216e-01 7.537320945125820515e-01
4.968620982198042046e-01 6.015462196171874609e-01
4.979026471164695877e-01 5.940477112700719431e-01
4.989431960131349708e-01 4.349373951526374071e-01
4.999837449098003539e-01 3.137761446631941453e-01
5.010242938064657370e-01 4.479796919300085278e-01
5.020648427031311201e-01 5.877428675491032095e-01
5.031053915997965031e-01 3.949308820684933607e-01
5.041459404964618862e-01 2.952981647525128039e-01
5.051864893931272693e-01 2.826914913330185186e-01
5.062270382897926524e-01 3.830845185627680394e-01
5.072675871864580355e-01 4.567949578700378765e-01
5.083081360831234186e-01 3.721414720913749363e-01
5.093486849797888016e-01 2.944343103481124047e-01
5.103892338764541847e-01 1.886592059344742722e-01
5.114297827731195678e-01 4.446203145955429648e-01
5.124703316697849509e-01 6.994645269066843696e-01
5.135108805664503340e-01 3.933635238143651236e-01
5.145514294631157171e-01 4.258276482792844320e-01
5.155919783597811001e-01 5.232495635734686346e-01
5.166325272564464832e-01 5.907553769932967214e-01
5.176730761531118663e-01 5.597917508662497710e-01
5.187136250497772494e-01 5.558947525598902928e-01
5.197541739464426325e-01 5.730486084278574310e-01
5.207947228431080156e-01 7.344562204271980477e-01
5.218352717397733986e-01 6.567434330845962620e-01
5.228758206364387817e-01 4.598541781012848162e-01
5.239163695331041648e-01 4.574819887582926015e-01
5.249569184297695479e-01 4.097567722920238964e-01
5.259974673264349310e-01 3.521567719349540937e-01
5.270380162231003141e-01 3.798372678067565289e-01
5.280785651197656971e-01 4.090823840148054558e-01
5.291191140164310802e-01 4.934526588272980518e-01
5.301596629130964633e-01 5.100187591549278920e-01
5.312002118097618464e-01 5.014556986534266514e-01
5.322407607064272295e-01 4.727668957380153358e-01
5.332813096030926125e-01 4.185170896440268962e-01
5.343218584997581067e-01 3.902693524718827689e-01
5.353624073964233787e-01 5.631119219335154469e-01
5.364029562930888728e-01 5.709254027983341473e-01
5.374435051897541449e-01 5.030643679053738992e-01
5.384840540864196390e-01 4.762249932424111876e-01
5.395246029830849110e-01 5.517218263597776229e-01
5.405651518797504052e-01 6.228216475358756554e-01
5.416057007764156772e-01 4.743504693783791026e-01
5.426462496730811713e-01 6.120888104302721899e-01
5.436867985697464434e-01 7.504919735987130025e-01
5.447273474664119375e-01 7.239051896633839078e-01
5.457678963630772095e-01 5.329864589677839604e-01
5.468084452597427036e-01 4.872885175839698491e-01
5.478489941564079757e-01 4.198168308816399019e-01
5.488895430530734698e-01 4.435989810428075941e-01
5.499300919497387419e-01 5.518786873869423459e-01
5.509706408464042360e-01 7.668756316850071642e-01
5.520111897430695080e-01 5.666555929178969109e-01
5.530517386397350021e-01 5.125256052248161609e-01
5.540922875364002742e-01 6.384814793071775796e-01
5.551328364330657683e-01 6.653437475971344384e-01
5.561733853297310404e-01 5.790804887158671477e-01
5.572139342263965345e-01 6.697649059387451587e-01
5.582544831230618065e-01 6.508920171761047868e-01
5.592950320197273006e-01 6.801107012927403161e-01
5.603355809163925727e-01 6.219095832877350460e-01
5.613761298130580668e-01 6.054603737399091301e-01
5.624166787097233389e-01 6.082475763050432249e-01
5.634572276063888330e-01 4.934509664187025635e-01
5.644977765030541050e-01 5.114932818047073226e-01
5.655383253997195991e-01 4.598962300018172300e-01
5.665788742963848712e-01 5.056827097865941312e-01
5.676194231930503653e-01 3.766256713799442934e-01
5.686599720897156374e-01 5.050000652327781836e-01
5.697005209863811315e-01 5.424416336547643880e-01
5.707410698830464035e-01 5.259334236478245828e-01
5.717816187797118976e-01 5.532367130322022319e-01
5.728221676763771697e-01 5.414535621054312742e-01
5.738627165730426638e-01 5.196670089975974349e-01
5.749032654697079359e-01 4.363200206870629927e-01
5.759438143663734300e-01 5.617449274220156497e-01
5.769843632630387020e-01 6.780079289794436193e-01
5.780249121597041961e-01 6.914331498912176244e-01
5.790654610563694682e-01 6.816969568370296884e-01
5.801060099530349623e-01 7.410825848430455665e-01
5.811465588497002344e-01 6.776778327919892320e-01
5.821871077463657285e-01 6.333104314608952734e-01
5.832276566430310005e-01 3.844591599850133434e-01
5.842682055396964946e-01 3.394259915779365144e-01
5.853087544363617667e-01 6.062873066136518219e-01
5.863493033330272608e-01 6.551592170895794709e-01
5.873898522296925329e-01 5.288008667305632571e-01
5.884304011263580270e-01 6.376045491074151528e-01
5.894709500230232990e-01 8.213200198158681076e-01
5.905114989196887931e-01 6.557435876133190789e-01
5.915520478163540652e-01 6.197896949833747726e-01
5.925925967130195593e-01 6.270423848330821670e-01
5.936331456096848314e-01 5.304427134706344305e-01
5.946736945063503255e-01 5.960729209319381994e-01
5.957142434030155975e-01 5.673715493435516066e-01
5.967547922996810916e-01 6.411830578015482729e-01
5.977953411963463637e-01 7.739634090344260642e-01
5.988358900930118578e-01 7.484603270610534764e-01
5.998764389896771299e-01 7.034636479164895206e-01
