# q (1/Angstrom), I (arb)
5.625383698728531057e-01 5.758599999999999852e+01
5.672606551264444130e-01 5.799900000000000233e+01
5.718704315179852227e-01 5.957999999999999829e+01
5.765925655666890304e-01 6.015800000000000125e+01
5.813146221580920425e-01 6.232500000000000284e+01
5.859241735107164617e-01 6.147599999999999909e+01
5.906460751662977460e-01 6.411499999999999488e+01
5.953678974766819509e-01 6.317300000000000182e+01
5.999772183054309371e-01 6.551399999999999579e+01
6.046988819492439271e-01 6.603700000000000614e+01
6.094204643600581450e-01 6.744299999999999784e+01
6.140295491802468808e-01 6.866500000000000625e+01
6.187509691939288015e-01 6.858899999999999864e+01
6.234723060869068467e-01 7.139199999999999591e+01
6.280811494141316231e-01 7.064499999999999602e+01
6.328023201796096897e-01 7.342600000000000193e+01
6.375234059367775874e-01 7.280800000000000693e+01
6.421320022869219102e-01 7.555899999999999750e+01
6.468529181864197675e-01 7.580299999999999727e+01
6.515737471901027478e-01 7.776099999999999568e+01
6.561820910793437767e-01 7.802400000000000091e+01
6.609027464953887154e-01 7.981900000000000261e+01
6.656233131282167648e-01 8.101800000000000068e+01
6.702313990730325299e-01 8.181399999999999295e+01
6.749517883884613711e-01 8.448099999999999454e+01
6.796720870333774478e-01 8.553000000000000114e+01
6.842799095505526230e-01 8.713200000000000500e+01
6.890000271485190453e-01 8.793099999999999739e+01
6.937200521887844085e-01 9.037199999999999989e+01
6.983276057954173055e-01 9.205899999999999750e+01
7.030474460593981734e-01 9.332099999999999795e+01
7.077671918786000438e-01 9.469400000000000261e+01
7.123744710921086076e-01 9.701099999999999568e+01
7.170940284059108549e-01 9.852299999999999613e+01
7.218134893879688541e-01 9.956999999999999318e+01
7.264204887260974353e-01 1.011620000000000061e+02
7.311397574738651706e-01 1.021889999999999930e+02
7.358589280030370938e-01 1.053220000000000027e+02
7.404656419838639980e-01 1.059270000000000067e+02
7.451846165500836117e-01 1.093460000000000036e+02
7.499034910109735330e-01 1.105220000000000056e+02
7.545099141529156839e-01 1.149260000000000019e+02
7.592285889224246187e-01 1.153679999999999950e+02
7.639471616999886638e-01 1.192770000000000010e+02
7.685532885218094856e-01 1.213679999999999950e+02
7.732716578798012330e-01 1.219740000000000038e+02
7.779899233593546848e-01 1.280240000000000009e+02
7.825957483801698755e-01 1.298079999999999927e+02
7.873138067122019690e-01 1.374559999999999889e+02
7.920317592794252626e-01 1.386850000000000023e+02
7.966372770187102326e-01 1.471220000000000141e+02
8.013550187107096878e-01 1.517379999999999995e+02
8.060726527516565154e-01 1.680620000000000118e+02
8.106778577292513832e-01 1.817270000000000039e+02
8.153952771675223588e-01 2.087860000000000014e+02
8.201125870686245545e-01 2.700910000000000082e+02
8.247174738047425846e-01 4.031190000000000282e+02
8.294345653759724879e-01 8.411169999999999618e+02
8.341515455240480215e-01 1.873446999999999889e+03
8.387561085392805094e-01 4.530256999999999607e+03
8.434728666305472133e-01 4.953684000000000196e+03
8.481895114128060742e-01 3.014364999999999782e+03
8.527937452281298958e-01 9.909850000000000136e+02
8.575101642269077340e-01 4.321379999999999768e+02
8.622264680309595919e-01 2.744590000000000032e+02
8.668303671677428657e-01 2.207249999999999943e+02
8.715464414619097377e-01 2.040209999999999866e+02
8.762623986757693828e-01 1.884159999999999968e+02
8.808659576557790194e-01 1.871370000000000005e+02
8.855816816336232744e-01 1.800970000000000084e+02
8.902972866457182777e-01 1.824370000000000118e+02
8.949004999911254199e-01 1.793520000000000039e+02
8.996158680413519626e-01 1.797760000000000105e+02
9.043311152405285602e-01 1.822299999999999898e+02
9.089339774739162436e-01 1.822359999999999900e+02
9.136489839856534179e-01 1.841610000000000014e+02
9.183638677611841716e-01 1.839449999999999932e+02
9.229663734055526536e-01 1.886910000000000025e+02
9.276810127683592366e-01 1.895440000000000111e+02
9.323955275099486961e-01 1.925759999999999934e+02
9.369976710887228943e-01 1.956939999999999884e+02
9.417119376925940921e-01 1.961359999999999957e+02
9.464260777903864552e-01 2.015269999999999868e+02
9.510278538274218318e-01 2.031699999999999875e+02
9.557417420627974947e-01 2.111519999999999868e+02
9.604555019073820477e-01 2.130680000000000121e+02
9.650569049269716038e-01 2.213600000000000136e+02
9.697704091847403340e-01 2.270540000000000020e+02
9.744837831671594452e-01 2.394519999999999982e+02
9.790848076940400491e-01 2.550879999999999939e+02
9.837979223655485272e-01 2.850860000000000127e+02
9.885109048773034202e-01 3.420330000000000155e+02
9.931115454366620243e-01 4.290620000000000118e+02
9.978242649137201159e-01 5.993590000000000373e+02
1.002536850346777531e+00 6.737010000000000218e+02
1.007137101464258500e+00 7.273310000000000173e+02
1.011849420139146138e+00 5.669410000000000309e+02
1.016561602885945881e+00 4.320149999999999864e+02
1.021161459087656764e+00 3.527090000000000032e+02
1.025873371353130503e+00 2.980280000000000200e+02
1.030585145806591552e+00 2.816250000000000000e+02
1.035184601619109301e+00 2.698519999999999754e+02
1.039896101868410527e+00 2.701429999999999723e+02
1.044607462421937027e+00 2.672710000000000150e+02
1.049206512372315547e+00 2.701150000000000091e+02
1.053917594999174812e+00 2.710330000000000155e+02
1.058628536046663848e+00 2.748910000000000196e+02
1.063227174662440433e+00 2.775439999999999827e+02
1.067937834061084557e+00 2.807520000000000095e+02
1.072648349996933037e+00 2.834950000000000045e+02
1.077246571806133257e+00 2.903460000000000036e+02
1.081956802371294879e+00 2.915240000000000009e+02
1.086666887590403974e+00 2.972139999999999986e+02
1.091264687121550558e+00 2.996580000000000155e+02
1.095974483248470577e+00 3.057200000000000273e+02
1.100684132146255045e+00 3.073530000000000086e+02
1.105281503928372322e+00 3.151000000000000227e+02
1.109990860012809666e+00 3.204900000000000091e+02
1.114700066985203630e+00 3.222110000000000127e+02
1.119297005547825519e+00 3.315389999999999873e+02
1.124005915986062476e+00 3.342919999999999732e+02
1.128714675429525416e+00 3.447450000000000045e+02
1.133311175302700091e+00 3.505849999999999795e+02
1.138019634491549192e+00 3.687019999999999982e+02
1.142727940803073050e+00 3.942429999999999950e+02
1.147323996517372713e+00 4.417300000000000182e+02
1.152031998854182948e+00 5.080869999999999891e+02
1.156739846431299235e+00 5.689410000000000309e+02
1.161335452517823219e+00 6.013519999999999754e+02
1.166042992400488032e+00 5.739759999999999991e+02
1.170750375641274044e+00 5.192960000000000491e+02
1.175345526631656590e+00 4.685969999999999800e+02
1.180052598458619206e+00 4.342749999999999773e+02
1.184759511761704465e+00 4.206009999999999991e+02
1.189354202188122045e+00 4.153489999999999895e+02
1.194060800358382801e+00 4.181650000000000205e+02
1.198767238122956602e+00 4.222239999999999895e+02
1.203361462518133251e+00 4.241639999999999873e+02
1.208067581431255588e+00 4.316510000000000105e+02
1.212773538057072331e+00 4.363279999999999745e+02
1.217367290954287196e+00 4.444610000000000127e+02
1.222072925010405209e+00 4.474139999999999873e+02
1.226778394897792390e+00 4.574139999999999873e+02
1.231371670830885057e+00 4.627570000000000050e+02
1.236076814430710380e+00 4.685950000000000273e+02
1.240781791980573923e+00 4.767660000000000196e+02
1.245374585483951746e+00 4.802629999999999768e+02
1.250079233028779102e+00 4.888690000000000282e+02
1.254783712642611349e+00 4.948890000000000100e+02
1.259376018251255669e+00 5.022280000000000086e+02
1.264080164142969753e+00 5.104470000000000027e+02
1.268784140222855683e+00 5.165209999999999582e+02
1.273375952472328265e+00 5.249519999999999982e+02
1.278079591113411073e+00 5.303250000000000455e+02
1.282783058062034964e+00 5.385320000000000391e+02
1.287374371488485103e+00 5.474360000000000355e+02
1.292077497282021037e+00 5.520800000000000409e+02
1.296780449502672461e+00 5.611789999999999736e+02
1.301371258642842754e+00 5.659270000000000209e+02
1.306073865992528837e+00 5.786140000000000327e+02
1.310776297889109543e+00 5.840779999999999745e+02
1.315366597280342331e+00 5.895399999999999636e+02
1.320068680590490651e+00 6.017870000000000346e+02
1.324770586567522335e+00 6.063049999999999500e+02
1.329360370747766584e+00 6.188429999999999609e+02
1.334061924423313839e+00 6.243719999999999573e+02
1.338763298885943920e+00 6.300119999999999436e+02
1.343352562393761662e+00 6.425330000000000155e+02
1.348053580840273380e+00 6.460760000000000218e+02
1.352754418194281660e+00 6.593890000000000100e+02
1.357343155568855098e+00 6.661499999999999773e+02
1.362043633192535186e+00 6.741029999999999518e+02
1.366743927844339179e+00 6.833079999999999927e+02
1.371332133625476457e+00 6.886409999999999627e+02
1.376032064833171198e+00 7.061580000000000155e+02
1.380731811189836789e+00 7.105940000000000509e+02
1.385319479917977548e+00 7.188360000000000127e+02
1.390018859117184258e+00 7.346770000000000209e+02
1.394718051586427698e+00 7.421889999999999645e+02
1.399305177802651512e+00 7.646720000000000255e+02
1.404003999401524094e+00 7.875009999999999764e+02
1.408702632391721332e+00 8.147150000000000318e+02
1.413289210637753701e+00 8.470339999999999918e+02
1.417987469045109084e+00 8.559180000000000064e+02
1.422685536965301978e+00 8.578460000000000036e+02
1.427271561783519438e+00 8.551409999999999627e+02
1.431969251408844901e+00 8.513450000000000273e+02
1.436666748668748106e+00 8.622240000000000464e+02
1.441252214602185777e+00 8.747060000000000173e+02
1.445949329855646281e+00 9.140040000000000191e+02
1.450646250865652132e+00 9.528990000000000009e+02
1.455231152458011268e+00 9.611369999999999436e+02
1.459927687750454339e+00 9.378650000000000091e+02
1.464624026921641731e+00 9.153110000000000355e+02
1.469208358717293939e+00 9.087849999999999682e+02
1.473904308460257218e+00 8.991710000000000491e+02
1.478600060204397826e+00 8.985090000000000146e+02
1.483183816748393280e+00 9.057250000000000227e+02
1.487879175354111183e+00 9.067119999999999891e+02
1.492574334083674792e+00 9.164489999999999554e+02
1.497157509921748231e+00 9.257440000000000282e+02
1.501852271803159278e+00 9.284980000000000473e+02
1.506546831931321773e+00 9.427079999999999700e+02
1.511129421609898715e+00 9.491280000000000427e+02
1.515823581180649970e+00 9.572820000000000391e+02
1.520517537121299556e+00 9.661660000000000537e+02
1.525099535187502742e+00 9.675180000000000291e+02
1.529793086861959583e+00 9.814950000000000045e+02
1.534486433029703445e+00 9.893899999999999864e+02
1.539067834031359938e+00 9.916680000000000064e+02
1.543760772224610278e+00 1.008090000000000032e+03
1.548453503034780576e+00 1.006855000000000018e+03
1.553034301520428206e+00 1.019035999999999945e+03
1.557726620648290261e+00 1.028636999999999944e+03
1.562418730516951682e+00 1.032006000000000085e+03
1.566998921035844372e+00 1.050509999999999991e+03
1.571690615514872880e+00 1.064444999999999936e+03
1.576382098858829517e+00 1.082082000000000107e+03
1.580961675960945279e+00 1.111134999999999991e+03
1.585652740208437717e+00 1.147096000000000004e+03
1.590343591445238847e+00 1.197814000000000078e+03
1.594922549681285329e+00 1.240488000000000056e+03
1.599612978115289685e+00 1.225712999999999965e+03
1.604303191663235983e+00 1.197647999999999911e+03
1.608881525584657801e+00 1.171273999999999887e+03
1.613571312623978571e+00 1.147762999999999920e+03
1.618260882902130771e+00 1.137226000000000113e+03
1.622838587061114390e+00 1.127738000000000056e+03
1.627527727125319235e+00 1.123587999999999965e+03
1.632216648553502791e+00 1.123634000000000015e+03
1.636793717502984524e+00 1.124740999999999985e+03
1.641482205012411377e+00 1.132042999999999893e+03
1.646170472011223795e+00 1.134242999999999938e+03
1.650746900304896014e+00 1.136970000000000027e+03
1.655434729680657968e+00 1.145685999999999922e+03
1.660122336671475685e+00 1.145624000000000024e+03
1.664698118863793042e+00 1.153359999999999900e+03
1.669385284527787672e+00 1.162692000000000007e+03
1.674072225932772495e+00 1.163692999999999984e+03
1.678647356578957917e+00 1.179434999999999945e+03
1.683333852953872167e+00 1.174295000000000073e+03
1.688020123195977718e+00 1.172455999999999904e+03
1.692594596852029953e+00 1.177260999999999967e+03
1.697280418361347021e+00 1.181185999999999922e+03
1.701966011864325168e+00 1.183715999999999894e+03
1.706539823087025010e+00 1.193455999999999904e+03
1.711224964155030781e+00 1.200442999999999984e+03
1.715909875343439417e+00 1.218768000000000029e+03
1.720483018690355470e+00 1.249506000000000085e+03
1.725167473742146740e+00 1.278082000000000107e+03
1.729851697041355330e+00 1.310671000000000049e+03
1.734424167070850453e+00 1.315718000000000075e+03
1.739107930532338253e+00 1.299345000000000027e+03
1.743791460368535384e+00 1.288363000000000056e+03
1.748363251639773797e+00 1.266262999999999920e+03
1.753046317937694276e+00 1.249125999999999976e+03
1.757729148737892100e+00 1.240951999999999998e+03
1.762300255810847149e+00 1.231821999999999889e+03
1.766982619372764018e+00 1.228638999999999896e+03
1.771664745564808241e+00 1.233354000000000042e+03
1.776235163000265516e+00 1.236526000000000067e+03
1.780916818254580702e+00 1.250613000000000056e+03
1.785598234267154361e+00 1.281029999999999973e+03
1.790167956626720125e+00 1.315752999999999929e+03
1.794848898002677107e+00 1.353660000000000082e+03
1.799529598265308783e+00 1.388714999999999918e+03
1.804098620111417972e+00 1.401257000000000062e+03
1.808778842039109547e+00 1.397265000000000100e+03
1.813458820982179809e+00 1.380095000000000027e+03
1.818027136878099137e+00 1.368368999999999915e+03
1.822706633788475195e+00 1.380403000000000020e+03
1.827385885843221258e+00 1.413747000000000071e+03
1.831953490353059211e+00 1.482722999999999956e+03
1.836632256677931618e+00 1.619319999999999936e+03
1.841310776276456895e+00 1.832471999999999980e+03
1.845877663965167503e+00 2.138007999999999811e+03
1.850555694137217433e+00 2.493637999999999920e+03
1.855233475712497748e+00 2.763237000000000080e+03
1.859799641145887028e+00 2.793231000000000222e+03
1.864476929598671173e+00 2.640505000000000109e+03
1.869153967584559428e+00 2.341840000000000146e+03
1.873719405329294929e+00 2.050224999999999909e+03
1.878395946497253499e+00 1.847832000000000107e+03
1.883072235328487221e+00 1.651229000000000042e+03
1.887636939952101134e+00 1.481490000000000009e+03
1.892312728270563404e+00 1.379259000000000015e+03
1.896988262382772072e+00 1.305548000000000002e+03
1.901552228453668114e+00 1.265231999999999971e+03
1.906227258358859311e+00 1.247851000000000113e+03
1.910902032188569466e+00 1.232772999999999911e+03
1.915465254276032869e+00 1.224753999999999905e+03
1.920139520205079497e+00 1.221750999999999976e+03
1.924813528189724288e+00 1.212880000000000109e+03
1.929376000863922025e+00 1.208747000000000071e+03
1.934049497254860528e+00 1.210327999999999975e+03
1.938722733832783041e+00 1.208021999999999935e+03
1.943284451664776480e+00 1.205438000000000102e+03
1.947957172956559235e+00 1.208023999999999887e+03
1.952629632567020490e+00 1.207311999999999898e+03
1.957190590128768060e+00 1.208586000000000013e+03
1.961862530761269596e+00 1.214849999999999909e+03
1.966534207844455429e+00 1.223763999999999896e+03
1.971094399708820388e+00 1.237336000000000013e+03
1.975765554122843382e+00 1.261944999999999936e+03
1.980436443119871326e+00 1.304647999999999911e+03
1.984995863860627763e+00 1.354685999999999922e+03
1.989666226497911916e+00 1.419963999999999942e+03
1.994336321850835647e+00 1.481016000000000076e+03
1.998894966042675803e+00 1.503852000000000089e+03
2.003564531345901845e+00 1.497776000000000067e+03
2.008233827497720281e+00 1.472566000000000031e+03
2.012791689716260990e+00 1.422933999999999969e+03
2.017460452129058002e+00 1.363666999999999916e+03
2.022128943523721745e+00 1.326061999999999898e+03
2.026686018345509321e+00 1.289099999999999909e+03
2.031353972312462286e+00 1.251409000000000106e+03
2.036021653394878950e+00 1.232507000000000062e+03
2.040577935397396292e+00 1.208330999999999904e+03
2.045245075364053200e+00 1.189596999999999980e+03
2.049911940580093628e+00 1.182718000000000075e+03
2.054467424341767323e+00 1.176769000000000005e+03
2.059133744754644280e+00 1.168627999999999929e+03
2.063799788551150982e+00 1.167298999999999978e+03
2.068354468651358857e+00 1.165243999999999915e+03
2.073019963957944967e+00 1.165365000000000009e+03
2.077685180782739671e+00 1.160426999999999907e+03
2.082239051801813901e+00 1.161544000000000096e+03
2.086903716450581925e+00 1.159359999999999900e+03
2.091568100752467796e+00 1.155921000000000049e+03
2.096121157271703783e+00 1.159046000000000049e+03
2.100784985712116359e+00 1.157973999999999933e+03
2.105448531940887325e+00 1.161673999999999978e+03
2.110000768542550809e+00 1.163364000000000033e+03
2.114663755225062669e+00 1.168468000000000075e+03
2.119326457831511412e+00 1.179587999999999965e+03
2.123877869098842464e+00 1.195480000000000018e+03
2.128540008474911538e+00 1.218589999999999918e+03
2.133201861910833941e+00 1.256164999999999964e+03
2.137752442428054511e+00 1.311318999999999960e+03
2.142413728950147700e+00 1.381864000000000033e+03
2.147074727668349059e+00 1.459646999999999935e+03
2.151624472020670531e+00 1.524648999999999887e+03
2.156284900142268146e+00 1.550487000000000080e+03
2.160945038596572054e+00 1.534541999999999916e+03
2.165493941370201014e+00 1.490721000000000004e+03
2.170153505545804773e+00 1.429840999999999894e+03
2.174812778191058005e+00 1.378510999999999967e+03
2.179360833973201572e+00 1.331277000000000044e+03
2.184019528658341258e+00 1.294699000000000069e+03
2.188677929950422207e+00 1.268467000000000098e+03
2.193225133329295584e+00 1.261510999999999967e+03
2.197882952980536597e+00 1.273875000000000000e+03
2.202540477376356609e+00 1.320961999999999989e+03
2.207086822941190185e+00 1.408349999999999909e+03
2.211743762016139314e+00 1.505307000000000016e+03
2.216400403973656896e+00 1.577611000000000104e+03
2.220945886314699802e+00 1.559163000000000011e+03
2.225601939272010110e+00 1.494076999999999998e+03
2.230257693250232265e+00 1.443497000000000071e+03
2.234802306958763030e+00 1.404791999999999916e+03
2.239457468258142736e+00 1.359699000000000069e+03
2.244112328717134286e+00 1.313538999999999987e+03
2.248656068385463946e+00 1.258173000000000002e+03
2.253310332487680867e+00 1.210501999999999953e+03
2.257964293888569340e+00 1.176109999999999900e+03
2.262507154110048102e+00 1.153698000000000093e+03
2.267160515476941196e+00 1.143258000000000038e+03
2.271813572281922156e+00 1.134928000000000111e+03
2.276355547650948719e+00 1.138346999999999980e+03
2.281008000745427200e+00 1.154240000000000009e+03
2.285660147417775345e+00 1.184107999999999947e+03
2.290201232529798681e+00 1.227801999999999907e+03
2.294852771815855341e+00 1.298875000000000000e+03
2.299504002819927173e+00 1.392340999999999894e+03
2.304044192271458513e+00 1.485390000000000100e+03
2.308694812214171943e+00 1.567018000000000029e+03
2.313345122015411981e+00 1.597409000000000106e+03
2.317884410404026152e+00 1.591290999999999940e+03
2.322534105469570065e+00 1.531593000000000075e+03
2.327183488534520173e+00 1.460388999999999896e+03
2.331721870458865364e+00 1.387278000000000020e+03
2.336370635114513483e+00 1.317721999999999980e+03
2.341019085910819530e+00 1.253884999999999991e+03
2.345556555970621293e+00 1.201244999999999891e+03
2.350204384684753567e+00 1.160423999999999978e+03
2.354851897681168982e+00 1.118277000000000044e+03
2.359388450477239552e+00 1.082498000000000047e+03
2.364035337719350149e+00 1.046155999999999949e+03
2.368681907385746577e+00 1.026136999999999944e+03
2.373217537519987541e+00 1.004511999999999944e+03
2.377863477760691513e+00 9.911979999999999791e+02
2.382509098568059702e+00 9.755170000000000528e+02
2.387043800643473546e+00 9.675960000000000036e+02
2.391688788354511708e+00 9.574619999999999891e+02
2.396333454774973948e+00 9.478479999999999563e+02
2.400867223395664496e+00 9.396019999999999754e+02
2.405511253049912312e+00 9.358379999999999654e+02
2.410154959556726428e+00 9.343300000000000409e+02
2.414687789327909950e+00 9.298569999999999709e+02
2.419330855399381530e+00 9.254890000000000327e+02
2.423973596466945324e+00 9.261430000000000291e+02
2.428505481994954973e+00 9.283690000000000282e+02
2.433147578958812840e+00 9.333849999999999909e+02
2.437789349062675193e+00 9.401040000000000418e+02
2.442320284954966780e+00 9.438859999999999673e+02
2.446961407287525425e+00 9.472100000000000364e+02
2.451602200904389850e+00 9.440570000000000164e+02
2.456132181769550726e+00 9.342939999999999827e+02
2.460772323948283713e+00 9.209719999999999800e+02
2.465412135556015905e+00 9.112949999999999591e+02
2.469941156003768068e+00 9.021979999999999791e+02
2.474580312507316915e+00 8.906739999999999782e+02
2.479219136584950078e+00 8.817140000000000555e+02
2.483747191226159501e+00 8.746079999999999472e+02
2.488385356534337678e+00 8.684510000000000218e+02
2.493023187562081855e+00 8.668400000000000318e+02
2.497550271008763367e+00 8.632789999999999964e+02
2.502187439602563401e+00 8.649759999999999991e+02
2.506824272061809022e+00 8.716900000000000546e+02
2.511350378927133420e+00 8.745430000000000064e+02
2.515986545288733556e+00 8.728429999999999609e+02
2.520622373662060323e+00 8.676250000000000000e+02
2.525147498560359693e+00 8.642519999999999527e+02
2.529782657173131888e+00 8.636000000000000227e+02
2.534417475944312770e+00 8.591539999999999964e+02
2.538941613491088045e+00 8.525430000000000064e+02
2.543575758839604628e+00 8.429489999999999554e+02
2.548209562493612967e+00 8.323959999999999582e+02
2.552732707305541471e+00 8.239829999999999472e+02
2.557365833875576477e+00 8.153479999999999563e+02
2.561998616898597536e+00 8.076670000000000300e+02
2.566520763593535204e+00 7.997319999999999709e+02
2.571152865872078142e+00 7.912169999999999845e+02
2.575784622751508657e+00 7.871960000000000264e+02
2.580305765948500252e+00 7.820739999999999554e+02
2.584936838423758765e+00 7.753120000000000118e+02
2.589567563648216719e+00 7.720430000000000064e+02
2.594087697967501605e+00 7.678719999999999573e+02
2.598717735128908135e+00 7.664729999999999563e+02
2.603347423188239418e+00 7.613329999999999700e+02
2.607866543251257330e+00 7.595069999999999482e+02
2.612495539589477112e+00 7.556989999999999554e+02
2.617124184974761736e+00 7.536009999999999991e+02
2.621642285404159001e+00 7.518529999999999518e+02
2.626270235411094056e+00 7.495199999999999818e+02
2.630897832614653709e+00 7.481939999999999600e+02
2.635414908034288128e+00 7.455199999999999818e+02
2.640041806203087482e+00 7.438469999999999800e+02
2.644668349718489964e+00 7.416960000000000264e+02
2.649184394753442362e+00 7.396209999999999809e+02
2.653810235578506482e+00 7.368060000000000400e+02
2.658435719900572813e+00 7.367309999999999945e+02
2.662950729177148368e+00 7.340389999999999873e+02
2.667575507154134051e+00 7.324460000000000264e+02
2.672199926778947354e+00 7.327179999999999609e+02
2.676713894924683146e+00 7.330040000000000191e+02
2.681337604550513731e+00 7.329030000000000200e+02
2.685960953975423227e+00 7.319470000000000027e+02
2.690473875619095789e+00 7.333070000000000164e+02
2.695096511391964711e+00 7.337160000000000082e+02
2.699718785115592823e+00 7.394089999999999918e+02
2.704230654887224805e+00 7.433390000000000555e+02
2.708852211306603586e+00 7.516050000000000182e+02
2.713473403828852604e+00 7.590080000000000382e+02
2.717984216359716765e+00 7.698540000000000418e+02
2.722604687926362566e+00 7.775199999999999818e+02
2.727224793748420861e+00 7.840280000000000200e+02
2.731734543671049398e+00 7.852910000000000537e+02
2.736353924887008127e+00 7.802450000000000045e+02
2.740972938511358148e+00 7.741849999999999454e+02
2.745481620459546690e+00 7.672749999999999773e+02
2.750099905828162772e+00 7.595320000000000391e+02
2.754717821758587259e+00 7.550639999999999645e+02
2.759225430367401977e+00 7.517849999999999682e+02
2.763842614393325015e+00 7.463600000000000136e+02
2.768459427134910111e+00 7.436879999999999882e+02
2.772965957040695262e+00 7.405499999999999545e+02
2.777582034229883146e+00 7.397849999999999682e+02
2.782197738289030831e+00 7.411599999999999682e+02
2.786703184129413646e+00 7.450929999999999609e+02
2.791318148989141879e+00 7.503300000000000409e+02
2.795932738873571299e+00 7.570610000000000355e+02
2.800437095287469980e+00 7.676539999999999964e+02
2.805050942326338781e+00 7.856100000000000136e+02
2.809664412545096024e+00 8.083490000000000464e+02
2.814167674172722844e+00 8.352549999999999955e+02
2.818780397900660706e+00 8.575199999999999818e+02
2.823392742964123681e+00 8.685529999999999973e+02
2.827894904446996094e+00 8.732939999999999827e+02
2.832506499375269993e+00 8.651440000000000055e+02
2.837117713795155538e+00 8.532759999999999536e+02
2.841618769776098841e+00 8.450430000000000064e+02
2.846229230417317346e+00 8.335049999999999955e+02
2.850839308706687447e+00 8.269009999999999536e+02
2.855339253829842328e+00 8.280670000000000073e+02
2.859948574697964929e+00 8.285789999999999509e+02
2.864557511371233378e+00 8.331810000000000400e+02
2.869056340282063022e+00 8.390910000000000082e+02
2.873664515892405458e+00 8.536119999999999663e+02
2.878272305465344072e+00 8.786250000000000000e+02
2.882770012810639493e+00 9.242910000000000537e+02
2.887377037679878633e+00 9.918690000000000282e+02
2.891983674669626581e+00 1.069423000000000002e+03
2.896480255097512835e+00 1.150346000000000004e+03
2.901086123743696898e+00 1.192224999999999909e+03
2.905691602668761142e+00 1.177913999999999987e+03
2.910187050828704436e+00 1.129891000000000076e+03
2.914791757771256986e+00 1.088520999999999958e+03
2.919396073151525162e+00 1.060045000000000073e+03
2.923890383694339512e+00 1.036817000000000007e+03
2.928493923454065673e+00 1.008826000000000022e+03
2.933097069810809199e+00 9.778590000000000373e+02
2.937590237388662207e+00 9.477670000000000528e+02
2.942192604487755325e+00 9.200449999999999591e+02
2.946794576343636507e+00 9.000520000000000209e+02
2.951286595610055574e+00 8.899829999999999472e+02
2.955887784572105659e+00 8.881549999999999727e+02
2.960488576451185239e+00 8.948160000000000309e+02
2.964979442061063342e+00 9.048079999999999927e+02
2.969579447411062390e+00 9.152079999999999700e+02
2.974179053838803544e+00 9.226520000000000437e+02
2.978668760448408559e+00 9.285689999999999600e+02
2.983267576712755886e+00 9.325520000000000209e+02
2.987865992216033106e+00 9.353010000000000446e+02
2.992354534483010031e+00 9.331739999999999782e+02
2.996952156189521155e+00 9.346920000000000073e+02
3.001549375296626465e+00 9.381839999999999691e+02
3.006036747880006743e+00 9.464260000000000446e+02
3.010633169557916933e+00 9.606520000000000437e+02
3.015229186798565220e+00 9.676609999999999445e+02
3.019715384358772070e+00 9.605309999999999491e+02
3.024310600538745675e+00 9.335249999999999773e+02
3.028905410444082680e+00 8.971079999999999472e+02
3.033390427642936871e+00 8.697920000000000300e+02
3.037984432857073092e+00 8.491380000000000337e+02
3.042578029959681185e+00 8.359310000000000400e+02
3.047061861460407695e+00 8.239070000000000391e+02
3.051654650242246802e+00 8.114650000000000318e+02
3.056247029076150312e+00 8.035810000000000173e+02
3.060729669543386766e+00 7.938070000000000164e+02
3.065321236427914098e+00 7.875890000000000555e+02
3.069912391528588191e+00 7.838250000000000455e+02
3.074393835628387972e+00 7.814539999999999509e+02
3.078984175152045921e+00 7.807469999999999573e+02
3.083574101056420602e+00 7.825990000000000464e+02
3.088054343456261286e+00 7.820370000000000346e+02
3.092643450156950635e+00 7.818060000000000400e+02
3.097232141403420957e+00 7.857119999999999891e+02
3.101711176772208312e+00 7.866119999999999663e+02
3.106299045189297559e+00 7.919719999999999800e+02
3.110886496317726291e+00 7.982780000000000200e+02
3.115364319325804487e+00 8.026209999999999809e+02
3.119950944000135618e+00 8.060080000000000382e+02
3.124537149551860793e+00 8.062000000000000455e+02
3.129013754871015962e+00 8.012240000000000464e+02
3.133599130344909778e+00 7.964030000000000200e+02
3.138184084862751799e+00 7.912419999999999618e+02
3.142659467166220466e+00 7.888830000000000382e+02
3.147243587983484581e+00 7.857000000000000455e+02
3.151827286011752882e+00 7.837150000000000318e+02
3.156301439974224188e+00 7.841159999999999854e+02
3.160884300680160575e+00 7.831399999999999864e+02
3.165466736764658062e+00 7.867190000000000509e+02
3.169939657062284866e+00 7.929500000000000455e+02
3.174521252203694743e+00 8.019479999999999791e+02
3.179102420891727565e+00 8.105220000000000482e+02
3.183574102202128664e+00 8.148160000000000309e+02
3.188154426327318269e+00 8.122060000000000173e+02
3.192734322167700700e+00 8.026100000000000136e+02
3.197204759169970600e+00 7.938669999999999618e+02
3.201783806828758738e+00 7.861190000000000282e+02
3.206362424371818509e+00 7.820470000000000255e+02
3.210831611746532310e+00 7.786810000000000400e+02
3.215409377490257015e+00 7.749160000000000537e+02
3.219986711287844638e+00 7.733099999999999454e+02
3.224454643717062918e+00 7.700019999999999527e+02
3.229031122098587225e+00 7.683469999999999800e+02
3.233607166704078661e+00 7.658060000000000400e+02
3.238073838871357690e+00 7.669089999999999918e+02
3.242649024445075856e+00 7.671989999999999554e+02
3.247223774413384056e+00 7.691069999999999709e+02
3.251689181003777573e+00 7.701739999999999782e+02
3.256263068325622623e+00 7.729080000000000155e+02
3.260836518213198421e+00 7.748229999999999791e+02
3.265300653913267404e+00 7.776369999999999436e+02
3.269873237540717348e+00 7.819769999999999754e+02
3.274445381905559227e+00 7.879080000000000155e+02
3.278908241403377222e+00 7.977649999999999864e+02
3.283479515895460832e+00 8.069779999999999518e+02
3.288050349297120700e+00 8.164210000000000491e+02
3.292511927282278705e+00 8.206979999999999791e+02
3.297081887199585282e+00 8.203840000000000146e+02
3.301651404199173800e+00 8.165510000000000446e+02
3.306111695362788261e+00 8.097609999999999673e+02
3.310680335267467189e+00 8.017459999999999809e+02
3.315248530427664431e+00 7.951670000000000300e+02
3.319707529462381679e+00 7.878869999999999436e+02
3.324274843918156641e+00 7.796109999999999900e+02
3.328841711803213421e+00 7.726920000000000073e+02
3.333299413403219003e+00 7.641309999999999718e+02
3.337865396975387533e+00 7.582219999999999800e+02
3.342430932151134293e+00 7.520019999999999527e+02
3.346887331012156963e+00 7.471609999999999445e+02
3.351451978267603771e+00 7.445810000000000173e+02
3.356016175301456794e+00 7.410589999999999691e+02
3.360471266120775624e+00 7.395560000000000400e+02
3.365034571627972149e+00 7.375240000000000009e+02
3.369597425088939779e+00 7.382369999999999663e+02
3.374051202565389929e+00 7.384279999999999973e+02
3.378613160894405887e+00 7.390069999999999482e+02
3.383174665353096522e+00 7.411929999999999836e+02
3.387627124187077232e+00 7.432089999999999463e+02
3.392187729909585059e+00 7.499439999999999600e+02
3.396747879938210701e+00 7.548300000000000409e+02
3.401199014831687073e+00 7.630829999999999700e+02
3.405758262520969915e+00 7.690950000000000273e+02
3.410317052693354167e+00 7.775689999999999600e+02
3.414766858349871370e+00 7.858849999999999909e+02
3.419324742580825305e+00 7.955009999999999764e+02
3.423882167472411364e+00 8.099020000000000437e+02
3.428330638597091973e+00 8.281190000000000282e+02
3.432887153946238890e+00 8.467999999999999545e+02
3.437443208134092654e+00 8.635480000000000018e+02
3.441890339433650414e+00 8.740309999999999491e+02
3.446445480479137569e+00 8.712889999999999873e+02
3.451000158541959184e+00 8.581749999999999545e+02
3.455445944724699014e+00 8.420339999999999918e+02
3.459999706046311907e+00 8.287540000000000191e+02
3.464553002564435769e+00 8.160750000000000455e+02
3.468997438340264416e+00 8.050280000000000200e+02
3.473549814519429901e+00 7.937229999999999563e+02
3.478101724074834422e+00 7.823279999999999745e+02
3.482544804155267570e+00 7.725529999999999973e+02
3.487095789775060517e+00 7.633029999999999973e+02
3.491646306951374346e+00 7.551230000000000473e+02
3.496088026049538833e+00 7.509070000000000391e+02
3.500637615694687454e+00 7.456040000000000418e+02
3.505186735077198357e+00 7.417450000000000045e+02
3.509627087907839726e+00 7.379479999999999791e+02
3.514175276164734019e+00 7.360220000000000482e+02
3.518722992340391542e+00 7.346250000000000000e+02
3.523161973619883813e+00 7.338999999999999773e+02
3.527708755076582214e+00 7.338479999999999563e+02
3.532255062634006126e+00 7.321490000000000009e+02
3.536692667080351793e+00 7.326960000000000264e+02
3.541238036326585181e+00 7.326299999999999955e+02
3.545782929856070798e+00 7.313830000000000382e+02
3.550219152188913263e+00 7.322709999999999582e+02
3.554763103816093395e+00 7.316069999999999709e+02
3.559306577909620461e+00 7.320819999999999936e+02
3.563741412850245815e+00 7.310750000000000455e+02
3.568283941451472874e+00 7.316770000000000209e+02
3.572825990702706012e+00 7.334489999999999554e+02
3.577259432974054576e+00 7.364769999999999754e+02
3.581800533144118948e+00 7.373440000000000509e+02
3.586341152148421862e+00 7.383500000000000227e+02
3.590773196475087747e+00 7.413350000000000364e+02
3.595312862810482013e+00 7.431250000000000000e+02
3.599852046164918828e+00 7.438740000000000236e+02
3.604282687273161478e+00 7.430380000000000109e+02
3.608820914372084854e+00 7.449180000000000064e+02
3.613358656675427660e+00 7.461180000000000518e+02
3.617787889293174963e+00 7.467219999999999800e+02
3.622324671755535963e+00 7.480510000000000446e+02
3.626860967608273256e+00 7.506599999999999682e+02
3.631288786465129537e+00 7.552709999999999582e+02
3.635824118892559298e+00 7.611459999999999582e+02
3.640358962896899975e+00 7.679850000000000136e+02
3.644785362724150879e+00 7.738220000000000027e+02
3.649319239720004493e+00 7.771380000000000337e+02
3.653852626479883625e+00 7.746839999999999691e+02
3.658277602010505003e+00 7.700570000000000164e+02
3.662810018179869065e+00 7.701019999999999754e+02
3.667341942300957225e+00 7.714859999999999900e+02
3.671765488269619127e+00 7.728890000000000100e+02
3.676296438219317952e+00 7.769629999999999654e+02
3.680826894309026542e+00 7.824840000000000373e+02
3.685249005452099436e+00 7.898990000000000009e+02
3.689778483790703500e+00 7.974180000000000064e+02
3.694307466458189637e+00 8.091820000000000164e+02
3.698728137513752401e+00 8.188949999999999818e+02
3.703256138851581891e+00 8.261250000000000000e+02
3.707783642707755511e+00 8.291730000000000018e+02
3.712202868415600321e+00 8.287409999999999854e+02
3.716729387364733128e+00 8.274519999999999982e+02
3.721255407022265427e+00 8.230080000000000382e+02
3.725673182123903970e+00 8.172089999999999463e+02
3.730198213298183685e+00 8.142659999999999627e+02
3.734722743371508891e+00 8.097599999999999909e+02
3.739139062610179476e+00 8.061920000000000073e+02
3.743662600625217163e+00 8.001730000000000018e+02
3.748185635730545862e+00 7.939660000000000082e+02
3.752600493851217855e+00 7.875389999999999873e+02
3.757122533324404490e+00 7.811760000000000446e+02
3.761644068079724512e+00 7.788490000000000464e+02
3.766057459829106335e+00 7.747219999999999800e+02
3.770577995379614133e+00 7.729610000000000127e+02
3.775098024404697217e+00 7.702680000000000291e+02
3.779509944531242560e+00 7.699829999999999472e+02
3.784028970780032974e+00 7.690339999999999918e+02
3.788547488696444532e+00 7.679529999999999745e+02
3.792957931950358574e+00 7.666530000000000200e+02
3.797475443520188954e+00 7.668730000000000473e+02
3.801992444951292960e+00 7.692899999999999636e+02
3.806401406084538142e+00 7.705140000000000100e+02
3.810917397599968837e+00 7.719890000000000327e+02
3.815432877170930492e+00 7.741130000000000564e+02
3.819840350937232287e+00 7.773369999999999891e+02
3.824354817024632425e+00 7.800339999999999918e+02
3.828868769362431923e+00 7.844909999999999854e+02
3.833274750517284168e+00 7.887970000000000255e+02
3.837787685804839199e+00 7.928759999999999764e+02
3.842300105538269506e+00 7.960739999999999554e+02
3.846704588838945504e+00 7.980019999999999527e+02
3.851215987956658982e+00 8.033229999999999791e+02
3.855726869716340932e+00 8.070890000000000555e+02
3.860129849921894341e+00 8.129679999999999609e+02
3.864639707501601684e+00 8.192820000000000391e+02
3.869149045919983543e+00 8.237229999999999563e+02
3.873550517791257253e+00 8.290750000000000455e+02
3.878058828466623975e+00 8.303379999999999654e+02
3.882566618177992535e+00 8.310529999999999973e+02
3.886966576477622226e+00 8.301029999999999518e+02
3.891473334884158142e+00 8.278369999999999891e+02
3.895979570524640501e+00 8.247659999999999627e+02
3.900378010017066188e+00 8.207699999999999818e+02
3.904883210792126746e+00 8.196589999999999918e+02
3.909387886999701411e+00 8.175700000000000500e+02
3.913784802451167000e+00 8.140710000000000264e+02
3.918288440233961722e+00 8.125190000000000055e+02
3.922791551648460384e+00 8.110929999999999609e+02
3.927186937827026103e+00 8.091340000000000146e+02
3.931689007258622581e+00 8.071730000000000018e+02
3.936190548521741661e+00 8.065879999999999654e+02
3.940584400197286286e+00 8.072999999999999545e+02
3.945084895920621282e+00 8.083170000000000073e+02
3.949584861675922820e+00 8.099619999999999891e+02
3.953977173620149888e+00 8.129249999999999545e+02
3.958476090280029780e+00 8.156620000000000346e+02
3.962974475172953426e+00 8.214120000000000346e+02
3.967365242159399674e+00 8.272930000000000064e+02
3.971862574402510671e+00 8.317279999999999518e+02
3.976359373080376791e+00 8.358319999999999936e+02
3.980748589884416599e+00 8.386409999999999627e+02
3.985244332359331398e+00 8.398469999999999800e+02
3.989739539471345076e+00 8.397630000000000337e+02
3.994127200870199346e+00 8.386939999999999600e+02
3.998621348227380690e+00 8.369779999999999518e+02
4.003114958424642822e+00 8.397359999999999900e+02
4.007501059197383420e+00 8.394470000000000027e+02
4.011993606089192532e+00 8.410829999999999700e+02
4.016485614024703388e+00 8.426119999999999663e+02
4.020870148952256251e+00 8.432580000000000382e+02
4.025361090032959943e+00 8.448269999999999982e+02
4.029851490361627597e+00 8.509039999999999964e+02
4.034234454226782951e+00 8.540750000000000455e+02
4.038723784152558061e+00 8.580629999999999882e+02
4.043212571531201505e+00 8.632960000000000491e+02
4.047593959118620077e+00 8.658630000000000564e+02
4.052081672547561020e+00 8.699610000000000127e+02
4.056568841634920375e+00 8.753980000000000246e+02
4.060948647731137839e+00 8.779800000000000182e+02
4.065434739323261049e+00 8.832849999999999682e+02
4.069920284780002007e+00 8.868999999999999773e+02
4.074298504173435198e+00 8.904909999999999854e+02
4.078782968590688007e+00 8.960990000000000464e+02
4.083266885079408048e+00 9.024890000000000327e+02
4.087643512560362957e+00 9.086839999999999691e+02
4.092126344466628929e+00 9.185470000000000255e+02
4.096608626651862650e+00 9.266979999999999791e+02
4.100983657012538863e+00 9.369429999999999836e+02
4.105464851073644894e+00 9.453139999999999645e+02
4.109945493621872004e+00 9.527939999999999827e+02
4.114318921656371586e+00 9.591150000000000091e+02
4.118798472540089683e+00 9.628350000000000364e+02
4.123277470119742105e+00 9.670800000000000409e+02
4.127649290624070488e+00 9.721789999999999736e+02
4.132127193000132870e+00 9.795109999999999673e+02
4.136604540281599185e+00 9.857190000000000509e+02
4.140974748053675825e+00 9.937540000000000191e+02
4.145450996593774917e+00 1.000251999999999953e+03
4.149926688249405693e+00 1.003429999999999950e+03
4.154295278089070287e+00 1.004605000000000018e+03
4.158769867466864945e+00 1.002923999999999978e+03
4.163243898170982504e+00 9.967500000000000000e+02
4.167610864879999433e+00 9.920059999999999718e+02
4.172083789771122042e+00 9.853640000000000327e+02
4.176556154200027571e+00 9.824819999999999709e+02
4.180921492582089449e+00 9.787899999999999636e+02
4.185392747664156587e+00 9.738690000000000282e+02
4.189863440496130131e+00 9.705420000000000300e+02
4.194227145356872022e+00 9.648559999999999945e+02
4.198696725309484457e+00 9.611960000000000264e+02
4.203165741224794694e+00 9.582229999999999563e+02
4.207527807371793216e+00 9.582759999999999536e+02
4.211995706876545675e+00 9.578010000000000446e+02
4.216463040557459685e+00 9.590589999999999691e+02
4.220823462800241010e+00 9.593519999999999754e+02
4.225289676540726624e+00 9.620180000000000291e+02
4.229755322671512552e+00 9.622259999999999991e+02
4.234114095821559509e+00 9.642709999999999582e+02
4.238578618483377802e+00 9.657720000000000482e+02
4.243042571750311964e+00 9.671989999999999554e+02
4.247399690621068480e+00 9.691180000000000518e+02
4.251862516891836030e+00 9.700919999999999845e+02
4.256324771983205579e+00 9.711349999999999909e+02
4.260680231390084671e+00 9.734569999999999936e+02
4.265141355959428893e+00 9.748999999999999773e+02
4.269601907565545140e+00 9.761849999999999454e+02
4.273955702325937800e+00 9.801009999999999991e+02
4.278415119885513818e+00 9.828390000000000555e+02
4.282873962698715786e+00 9.889039999999999964e+02
4.287226087631988314e+00 9.960599999999999454e+02
4.291683792875484293e+00 1.002578999999999951e+03
4.296140921590143158e+00 1.009985999999999990e+03
4.300491371517651373e+00 1.017833999999999946e+03
4.304947359140792074e+00 1.024383000000000038e+03
4.309402768453316490e+00 1.026105999999999995e+03
4.313751538198409285e+00 1.029021999999999935e+03
4.318205802898962276e+00 1.027848999999999933e+03
4.322659487507809928e+00 1.025433999999999969e+03
4.327006571895836373e+00 1.021245000000000005e+03
4.331459108373620026e+00 1.017576000000000022e+03
4.335911062979298514e+00 1.013336999999999989e+03
4.340256456837613186e+00 1.010051000000000045e+03
4.344707259794502896e+00 1.005417000000000030e+03
4.349157479099578616e+00 1.003145999999999958e+03
4.353501177257545152e+00 1.000373000000000047e+03
4.357950241397478663e+00 1.000373000000000047e+03
4.362398720106584804e+00 9.983730000000000473e+02
4.366740717395585669e+00 9.965099999999999909e+02
4.371188037424570183e+00 9.975819999999999936e+02
4.375634770244411165e+00 9.972630000000000337e+02
4.379975061497852096e+00 9.982150000000000318e+02
4.384420632123967820e+00 9.985410000000000537e+02
4.388865613763322848e+00 9.982060000000000173e+02
4.393204193816643510e+00 9.976069999999999709e+02
4.397648009750055209e+00 9.961660000000000537e+02
4.402091234919789819e+00 9.955220000000000482e+02
4.406428098610459365e+00 9.948590000000000373e+02
4.410870154563419021e+00 9.932409999999999854e+02
4.415311617976486858e+00 9.923049999999999500e+02
4.419646760144023467e+00 9.903540000000000418e+02
4.424087050830876500e+00 9.907469999999999573e+02
4.428526747202328195e+00 9.902440000000000282e+02
4.432860162688294636e+00 9.901409999999999627e+02
4.437298682825486118e+00 9.931699999999999591e+02
4.441736606872476401e+00 9.939959999999999809e+02
4.446068290520492461e+00 9.979339999999999691e+02
4.450505034826575113e+00 1.001908000000000015e+03
4.454941181268364581e+00 1.005534999999999968e+03
4.459271127924107070e+00 1.008331999999999994e+03
4.463706091119749253e+00 1.008581000000000017e+03
4.468140454677716811e+00 1.010317000000000007e+03
4.472468659188933771e+00 1.015482999999999947e+03
4.476901835996918599e+00 1.018086999999999989e+03
4.481334411394563233e+00 1.023291000000000054e+03
4.485660868611070384e+00 1.029346000000000004e+03
4.490092253756311713e+00 1.035675999999999931e+03
4.494523035719259596e+00 1.039614000000000033e+03
4.498847740492957215e+00 1.042175999999999931e+03
4.503277328702496973e+00 1.038278999999999996e+03
4.507706311958509460e+00 1.029971999999999980e+03
4.512029259143379711e+00 1.019230999999999995e+03
4.516457045146397675e+00 1.011215000000000032e+03
4.520884224425375741e+00 1.005520999999999958e+03
4.525205408877495117e+00 1.000306000000000040e+03
4.529631387405318677e+00 9.947089999999999463e+02
4.534056757439309138e+00 9.917670000000000528e+02
4.538376174016849340e+00 9.897930000000000064e+02
4.542800339802954390e+00 9.872980000000000018e+02
4.547223895326157894e+00 9.857359999999999900e+02
4.551541538889393834e+00 9.849740000000000464e+02
4.555963886669414542e+00 9.858590000000000373e+02
4.560385622418190898e+00 9.855679999999999836e+02
4.564701487829509574e+00 9.870099999999999909e+02
4.569122012341241046e+00 9.865059999999999718e+02
4.573541923054115443e+00 9.865689999999999600e+02
4.577856005178015941e+00 9.857670000000000528e+02
4.582274701161425767e+00 9.848350000000000364e+02
4.586692781579096767e+00 9.825249999999999773e+02
4.591005075282201808e+00 9.808179999999999836e+02
4.595421937479432728e+00 9.810309999999999491e+02
4.599838182344772264e+00 9.806219999999999573e+02
4.604148682495834422e+00 9.797960000000000491e+02
4.608563705651209652e+00 9.789500000000000455e+02
4.612978109709278129e+00 9.814740000000000464e+02
4.617286811179184269e+00 9.850480000000000018e+02
4.621699990039215500e+00 9.850000000000000000e+02
4.626112548037260019e+00 9.860919999999999845e+02
4.630419445699034853e+00 9.884529999999999745e+02
4.634830775012429349e+00 9.873450000000000273e+02
4.639241481699896141e+00 9.870359999999999445e+02
4.643546570428713771e+00 9.867870000000000346e+02
4.647956044946379706e+00 9.861190000000000282e+02
4.652364895074917683e+00 9.873700000000000045e+02
4.656668169748101604e+00 9.868210000000000264e+02
4.661075784223151608e+00 9.848949999999999818e+02
4.665482772546618584e+00 9.842859999999999445e+02
4.669784228043650565e+00 9.821359999999999673e+02
4.674189977231416826e+00 9.806319999999999482e+02
4.678595098505885730e+00 9.805729999999999791e+02
4.682894729708415582e+00 9.822290000000000418e+02
4.687298608366441854e+00 9.863079999999999927e+02
4.691701857350208726e+00 9.913289999999999509e+02
4.695999659142052529e+00 9.973390000000000555e+02
4.700401662030115446e+00 1.000927000000000021e+03
4.704803033483702102e+00 1.001964000000000055e+03
4.709099000750855524e+00 1.001623000000000047e+03
4.713499122630959270e+00 9.975449999999999591e+02
4.717898611317121293e+00 9.918060000000000400e+02
4.722192738947764035e+00 9.873039999999999736e+02
4.726590974584151006e+00 9.829640000000000555e+02
4.730988575267887519e+00 9.761820000000000164e+02
4.735280858152386863e+00 9.698479999999999563e+02
4.739677202311547433e+00 9.642999999999999545e+02
4.744072909760100210e+00 9.591549999999999727e+02
4.748363342791018127e+00 9.544310000000000400e+02
4.752757790241688873e+00 9.499759999999999991e+02
4.757151599224553884e+00 9.449349999999999454e+02
4.761440177296657694e+00 9.399410000000000309e+02
4.765832722809832944e+00 9.381040000000000418e+02
4.770224628098767461e+00 9.350529999999999973e+02
4.774511346109022725e+00 9.321349999999999909e+02
4.778901984457965213e+00 9.303200000000000500e+02
4.783291980826988699e+00 9.271169999999999618e+02
4.787576833674581422e+00 9.258890000000000100e+02
4.791965559634816962e+00 9.248329999999999700e+02
4.796353641860221728e+00 9.236069999999999709e+02
4.800636624446557477e+00 9.235900000000000318e+02
4.805023432795888283e+00 9.225729999999999791e+02
4.809409595656244818e+00 9.226180000000000518e+02
4.813690702884949602e+00 9.218880000000000337e+02
4.818075588403464948e+00 9.215800000000000409e+02
4.822459826679625472e+00 9.221660000000000537e+02
4.826739053456561734e+00 9.230729999999999791e+02
4.831122010926631738e+00 9.235330000000000155e+02
4.835504319401741746e+00 9.256050000000000182e+02
4.839781660635006588e+00 9.257649999999999864e+02
4.844162684841300859e+00 9.260990000000000464e+02
4.848543058300799125e+00 9.261630000000000109e+02
4.852818508900734962e+00 9.257830000000000155e+02
4.857197594630221715e+00 9.250750000000000455e+02
4.861576027861848281e+00 9.265900000000000318e+02
4.865849582741046397e+00 9.259109999999999445e+02
4.870226724783000449e+00 9.260940000000000509e+02
4.874603212576809064e+00 9.266810000000000400e+02
4.878874866650116715e+00 9.257269999999999754e+02
4.883250059796124809e+00 9.250019999999999527e+02
4.887624596944482036e+00 9.242490000000000236e+02
4.891894345129006894e+00 9.249030000000000200e+02
4.896267584172976584e+00 9.219009999999999536e+02
4.900640165470569798e+00 9.220639999999999645e+02
4.904908002685688828e+00 9.193669999999999618e+02
4.909279282423851143e+00 9.207119999999999891e+02
4.913649902667693858e+00 9.173920000000000528e+02
4.917915823835058653e+00 9.156820000000000164e+02
4.922285139065975201e+00 9.151570000000000391e+02
4.926653793055415953e+00 9.132050000000000409e+02
4.930917793098957169e+00 9.131820000000000164e+02
4.935285138623532575e+00 9.122000000000000455e+02
4.939651821160257583e+00 9.118869999999999436e+02
4.943913895006191161e+00 9.114009999999999536e+02
4.948279265627666845e+00 9.103690000000000282e+02
4.952643971515710675e+00 9.109740000000000464e+02
4.956904114092545832e+00 9.101599999999999682e+02
4.961267504616516888e+00 9.118930000000000291e+02
4.965630228662265111e+00 9.120579999999999927e+02
4.969888434900808782e+00 9.128269999999999982e+02
4.974249840135226641e+00 9.156219999999999573e+02
4.978610577147421168e+00 9.174439999999999600e+02
4.982866841980782446e+00 9.178700000000000045e+02
4.987226256735960206e+00 9.219429999999999836e+02
4.991585001525711718e+00 9.231570000000000391e+02
4.995839319889313401e+00 9.245589999999999691e+02
5.000196738977931155e+00 9.271760000000000446e+02
5.004553486358715553e+00 9.284869999999999663e+02
5.008805853190293256e+00 9.305839999999999463e+02
5.013161271427407861e+00 9.338379999999999654e+02
5.017516016215084917e+00 9.389410000000000309e+02
5.021766426454696841e+00 9.397440000000000282e+02
5.026119838657746364e+00 9.387129999999999654e+02
5.030472575670549951e+00 9.358790000000000191e+02
5.034721024260584876e+00 9.347079999999999700e+02
5.039072425249391252e+00 9.321979999999999791e+02
5.043423149307951547e+00 9.312430000000000518e+02
5.047669631193130613e+00 9.288179999999999836e+02
5.052019015789912082e+00 9.272870000000000346e+02
5.056367721717250241e+00 9.265819999999999936e+02
5.060612231844634934e+00 9.247350000000000136e+02
5.064959594874007820e+00 9.256019999999999754e+02
5.069306277495548407e+00 9.255420000000000300e+02
5.073548810814545895e+00 9.260520000000000209e+02
5.077894147103533484e+00 9.260779999999999745e+02
5.082238801247108029e+00 9.264120000000000346e+02
5.086479352709480040e+00 9.243460000000000036e+02
5.090822657087512582e+00 9.228899999999999864e+02
5.095165277583365793e+00 9.205729999999999791e+02
5.099403842143228616e+00 9.164160000000000537e+02
5.103745109442161976e+00 9.126749999999999545e+02
5.108085691122960625e+00 9.085620000000000118e+02
5.112322263736796657e+00 9.064289999999999736e+02
5.116661488790905210e+00 9.052519999999999527e+02
5.121000026491737245e+00 9.005510000000000446e+02
5.125234602118400318e+00 8.977920000000000300e+02
5.129571779764386719e+00 8.969439999999999600e+02
5.133908268322780799e+00 8.949470000000000027e+02
5.138140841923498847e+00 8.928849999999999909e+02
5.142475967000506465e+00 8.910320000000000391e+02
5.146810401256418643e+00 8.910940000000000509e+02
5.151040967794806136e+00 8.902580000000000382e+02
5.155374035144419054e+00 8.874539999999999509e+02
5.159706409940257643e+00 8.852039999999999509e+02
5.163934964382312032e+00 8.853260000000000218e+02
5.168265968848562153e+00 8.841849999999999454e+02
5.172596279029184174e+00 8.836330000000000382e+02
5.176822816343297440e+00 8.825270000000000437e+02
5.181151752772673369e+00 8.808609999999999900e+02
5.185479993185392544e+00 8.813540000000000418e+02
5.189704508342360079e+00 8.817540000000000191e+02
5.194031371583808010e+00 8.819260000000000446e+02
5.198357537078399204e+00 8.800890000000000555e+02
5.202580025051423362e+00 8.808750000000000000e+02
5.206904809956357738e+00 8.792069999999999936e+02
5.211228895385066728e+00 8.794239999999999782e+02
5.215449351149755941e+00 8.809800000000000182e+02
5.219772052572067444e+00 8.808750000000000000e+02
5.224094052789616249e+00 8.802989999999999782e+02
5.228312471324001898e+00 8.797820000000000391e+02
5.232633084120053901e+00 8.797920000000000300e+02
5.236952993983642557e+00 8.781390000000000100e+02
5.241169370268181638e+00 8.769370000000000118e+02
5.245487889296828854e+00 8.759009999999999536e+02
5.249805703666145185e+00 8.746870000000000118e+02
5.254020032683719421e+00 8.738830000000000382e+02
5.258336452806307015e+00 8.724930000000000518e+02
5.262652166543531962e+00 8.721380000000000337e+02
5.266864443279463792e+00 8.710049999999999955e+02
5.271178759359832711e+00 8.686839999999999691e+02
5.275492367329650101e+00 8.671470000000000482e+02
5.279702586771700901e+00 8.652980000000000018e+02
5.284014793676194977e+00 8.632210000000000036e+02
5.288326290745792413e+00 8.615170000000000528e+02
5.292534447884173154e+00 8.609349999999999454e+02
5.296844540481646213e+00 8.585800000000000409e+02
5.301153921520724843e+00 8.573930000000000291e+02
5.305360011348099647e+00 8.559619999999999891e+02
5.309667984509922611e+00 8.552749999999999773e+02
5.313975244390698016e+00 8.528089999999999691e+02
5.318179261902193034e+00 8.532469999999999573e+02
5.322485110502258365e+00 8.533419999999999845e+02
5.326790244099471217e+00 8.503959999999999582e+02
5.330992184292675518e+00 8.505860000000000127e+02
5.335295903207404322e+00 8.502599999999999909e+02
5.339598905398326600e+00 8.487250000000000227e+02
5.343798763273302832e+00 8.472450000000000045e+02
5.348100347381649300e+00 8.472920000000000300e+02
5.352401213046086959e+00 8.470009999999999764e+02
5.356598983605377562e+00 8.450979999999999563e+02
5.360898427788835185e+00 8.450099999999999909e+02
5.365197151809139697e+00 8.447910000000000537e+02
5.369392830057766020e+00 8.425520000000000209e+02
5.373690129200377363e+00 8.425789999999999509e+02
5.377986706461446609e+00 8.414160000000000537e+02
5.382180287406921337e+00 8.411130000000000564e+02
5.386475436395282479e+00 8.404809999999999945e+02
5.390769861784565187e+00 8.386180000000000518e+02
5.394961340436901231e+00 8.377939999999999827e+02
5.399254334160160873e+00 8.361739999999999782e+02
5.403546602567673496e+00 8.351180000000000518e+02
5.407735973939376883e+00 8.324479999999999791e+02
5.412026807289252339e+00 8.323049999999999500e+02
5.416316913607576389e+00 8.310529999999999973e+02
5.420504172713667579e+00 8.287740000000000009e+02
5.424792840584446552e+00 8.265199999999999818e+02
5.429080779708730375e+00 8.270339999999999918e+02
5.433265921566740708e+00 8.247580000000000382e+02
5.437552418855286618e+00 8.239510000000000218e+02
5.441838185683264939e+00 8.250599999999999454e+02
5.446021205313244629e+00 8.250280000000000200e+02
5.450305526919005494e+00 8.245620000000000118e+02
5.454589116350992306e+00 8.232820000000000391e+02
5.458770008775517546e+00 8.245599999999999454e+02
5.463052149600526874e+00 8.230750000000000455e+02
5.467333556539429651e+00 8.219880000000000564e+02
5.471512316783608831e+00 8.201330000000000382e+02
5.475792271732498939e+00 8.194070000000000391e+02
5.480071491083822188e+00 8.175009999999999764e+02
5.484248114175298561e+00 8.153099999999999454e+02
5.488525878155299687e+00 8.142609999999999673e+02
5.492802904827149391e+00 8.114880000000000564e+02
5.496977385796109949e+00 8.095489999999999782e+02
5.501252953717063576e+00 8.091820000000000164e+02
5.505527782620156074e+00 8.061359999999999673e+02
5.509700116499337774e+00 8.029420000000000073e+02
5.513973483273693077e+00 8.002820000000000391e+02
5.518246109321358617e+00 7.998509999999999991e+02
5.522416291146054590e+00 7.975549999999999500e+02
5.526687451688882646e+00 7.962329999999999472e+02
5.530957869797076043e+00 7.963079999999999927e+02
5.535125894605134711e+00 7.951180000000000518e+02
5.539394843834133830e+00 7.922450000000000045e+02
5.543663048921430914e+00 7.913260000000000218e+02
5.547828911753272862e+00 7.898460000000000036e+02
5.552095644588768586e+00 7.897390000000000327e+02
5.556361631576386628e+00 7.880499999999999545e+02
5.560525327475002833e+00 7.863920000000000528e+02
5.564789838839959479e+00 7.844790000000000418e+02
5.569053602651749202e+00 7.837359999999999900e+02
5.573215126662707242e+00 7.824170000000000300e+02
5.577477411482735015e+00 7.819919999999999618e+02
5.581738947045192134e+00 7.823390000000000555e+02
5.585898294216650406e+00 7.806589999999999918e+02
5.590158347420006280e+00 7.803469999999999800e+02
5.594417649662280390e+00 7.785299999999999727e+02
5.598574815044978337e+00 7.779489999999999554e+02
5.602832631562574051e+00 7.774239999999999782e+02
5.607089695416473951e+00 7.772849999999999682e+02
5.611244674063755156e+00 7.758650000000000091e+02
5.615500248829166985e+00 7.761530000000000200e+02
5.619755069229161570e+00 7.762749999999999773e+02
5.623907856196967536e+00 7.760589999999999691e+02
5.628161184146433627e+00 7.754500000000000455e+02
5.632413756029660767e+00 7.765019999999999527e+02
5.636564346376542467e+00 7.755489999999999782e+02
5.640815422448981487e+00 7.767730000000000246e+02
5.645065740755258687e+00 7.759700000000000273e+02
5.649214129542379226e+00 7.758460000000000036e+02
5.653462948679385036e+00 7.745049999999999955e+02
5.657711008351206772e+00 7.739470000000000027e+02
5.661857190642351156e+00 7.739710000000000036e+02
5.666103747788205247e+00 7.720860000000000127e+02
5.670349543770756284e+00 7.700860000000000127e+02
5.674493514632331426e+00 7.680080000000000382e+02
5.678737804734006467e+00 7.680769999999999982e+02
5.682981331975164530e+00 7.678220000000000027e+02
5.687123086476212563e+00 7.657300000000000182e+02
5.691365104483375958e+00 7.651449999999999818e+02
5.695606357933719721e+00 7.636559999999999491e+02
5.699745891145918897e+00 7.634890000000000327e+02
5.703985632010945217e+00 7.636539999999999964e+02
5.708224606623756081e+00 7.625470000000000255e+02
5.712361913621426091e+00 7.623790000000000191e+02
5.716599372299397963e+00 7.612359999999999900e+02
5.720836063030672491e+00 7.611609999999999445e+02
5.724971138890784239e+00 7.620059999999999718e+02
5.729206310339499453e+00 7.616730000000000018e+02
5.733440712147949370e+00 7.622190000000000509e+02
5.737573551950127637e+00 7.584829999999999472e+02
5.741806431130107136e+00 7.586209999999999809e+02
5.746038538977165544e+00 7.588189999999999600e+02
5.750169137803697872e+00 7.581770000000000209e+02
5.754399719678188418e+00 7.580280000000000200e+02
5.758629528528023123e+00 7.589170000000000300e+02
5.762757881463860699e+00 7.574840000000000373e+02
5.766986160998842870e+00 7.582229999999999563e+02
5.771213665818355487e+00 7.589790000000000418e+02
5.775339767951121139e+00 7.578849999999999909e+02
5.779565740115318206e+00 7.616810000000000400e+02
5.783790935874149497e+00 7.628350000000000364e+02
5.787914782294147464e+00 7.660960000000000036e+02
5.792138442059025394e+00 7.662540000000000191e+02
5.796361323729565918e+00 7.682939999999999827e+02
5.800482909529782738e+00 7.679779999999999518e+02
5.804704251869557297e+00 7.644829999999999472e+02
5.808924814426953631e+00 7.634460000000000264e+02
5.813044134703066135e+00 7.621009999999999991e+02
5.817263154594715324e+00 7.600480000000000018e+02
5.821481393016866512e+00 7.615789999999999509e+02
5.825598442867248927e+00 7.616609999999999445e+02
5.829815135290508543e+00 7.611340000000000146e+02
5.834031044558087409e+00 7.597970000000000255e+02
5.838145819083813137e+00 7.602119999999999891e+02
5.842360179021193645e+00 7.589310000000000400e+02
5.846573754117638799e+00 7.602690000000000055e+02
5.850686248422487523e+00 7.606530000000000200e+02
5.854898270859273168e+00 7.606580000000000155e+02
5.859109506770802334e+00 7.603830000000000382e+02
5.863219715961271561e+00 7.597870000000000346e+02
5.867429395885527477e+00 7.571130000000000564e+02
5.871638287601141037e+00 7.547240000000000464e+02
5.875746206786445214e+00 7.551140000000000327e+02
5.879953539189021861e+00 7.542699999999999818e+02
5.884160081700510858e+00 7.535769999999999982e+02
5.888265705992588472e+00 7.532440000000000282e+02
5.892470685867134961e+00 7.540529999999999973e+02
5.896674874169086422e+00 7.541849999999999454e+02
5.900778198682605336e+00 7.554139999999999873e+02
5.904980821025564985e+00 7.555660000000000309e+02
5.909182650115365476e+00 7.569479999999999791e+02
5.913283669967733580e+00 7.563310000000000173e+02
5.917483929778358132e+00 7.577809999999999491e+02
5.921683394656202637e+00 7.572599999999999909e+02
5.925782104967567854e+00 7.586820000000000164e+02
5.929979997247919243e+00 7.584859999999999900e+02
5.934177092916812946e+00 7.578980000000000246e+02
5.938273488810073886e+00 7.608360000000000127e+02
5.942469008565030464e+00 7.494230000000000018e+02
5.946663730030802952e+00 7.454719999999999800e+02
5.950757806631608027e+00 7.460829999999999700e+02
