# q (1/Angstrom), I (arb)
5.625383698728531057e-01 6.064200000000000301e+01
5.672606551264444130e-01 6.101800000000000068e+01
5.718704315179852227e-01 6.266299999999999670e+01
5.765925655666890304e-01 6.293699999999999761e+01
5.813146221580920425e-01 6.591400000000000148e+01
5.859241735107164617e-01 6.462900000000000489e+01
5.906460751662977460e-01 6.662199999999999989e+01
5.953678974766819509e-01 6.588899999999999579e+01
5.999772183054309371e-01 6.876800000000000068e+01
6.046988819492439271e-01 6.909699999999999420e+01
6.094204643600581450e-01 7.029099999999999682e+01
6.140295491802468808e-01 7.151900000000000546e+01
6.187509691939288015e-01 7.160099999999999909e+01
6.234723060869068467e-01 7.364400000000000546e+01
6.280811494141316231e-01 7.273000000000000398e+01
6.328023201796096897e-01 7.606100000000000705e+01
6.375234059367775874e-01 7.594199999999999307e+01
6.421320022869219102e-01 7.796800000000000352e+01
6.468529181864197675e-01 7.789700000000000557e+01
6.515737471901027478e-01 8.039300000000000068e+01
6.561820910793437767e-01 8.090699999999999648e+01
6.609027464953887154e-01 8.270199999999999818e+01
6.656233131282167648e-01 8.345699999999999363e+01
6.702313990730325299e-01 8.360299999999999443e+01
6.749517883884613711e-01 8.585899999999999466e+01
6.796720870333774478e-01 8.618399999999999750e+01
6.842799095505526230e-01 8.754800000000000182e+01
6.890000271485190453e-01 8.793699999999999761e+01
6.937200521887844085e-01 9.021899999999999409e+01
6.983276057954173055e-01 9.200300000000000011e+01
7.030474460593981734e-01 9.381799999999999784e+01
7.077671918786000438e-01 9.431999999999999318e+01
7.123744710921086076e-01 9.647599999999999909e+01
7.170940284059108549e-01 9.769199999999999307e+01
7.218134893879688541e-01 9.841299999999999670e+01
7.264204887260974353e-01 1.001250000000000000e+02
7.311397574738651706e-01 1.014069999999999965e+02
7.358589280030370938e-01 1.038080000000000069e+02
7.404656419838639980e-01 1.039920000000000044e+02
7.451846165500836117e-01 1.064200000000000017e+02
7.499034910109735330e-01 1.076009999999999991e+02
7.545099141529156839e-01 1.107810000000000059e+02
7.592285889224246187e-01 1.102819999999999965e+02
7.639471616999886638e-01 1.139110000000000014e+02
7.685532885218094856e-01 1.148850000000000051e+02
7.732716578798012330e-01 1.153910000000000053e+02
7.779899233593546848e-01 1.192890000000000015e+02
7.825957483801698755e-01 1.191640000000000015e+02
7.873138067122019690e-01 1.232019999999999982e+02
7.920317592794252626e-01 1.231779999999999973e+02
7.966372770187102326e-01 1.276140000000000043e+02
8.013550187107096878e-01 1.284879999999999995e+02
8.060726527516565154e-01 1.323000000000000114e+02
8.106778577292513832e-01 1.357419999999999902e+02
8.153952771675223588e-01 1.401090000000000089e+02
8.201125870686245545e-01 1.447620000000000005e+02
8.247174738047425846e-01 1.445960000000000036e+02
8.294345653759724879e-01 1.483750000000000000e+02
8.341515455240480215e-01 1.477319999999999993e+02
8.387561085392805094e-01 1.522990000000000066e+02
8.434728666305472133e-01 1.517369999999999948e+02
8.481895114128060742e-01 1.570020000000000095e+02
8.527937452281298958e-01 1.576740000000000066e+02
8.575101642269077340e-01 1.619850000000000136e+02
8.622264680309595919e-01 1.646670000000000016e+02
8.668303671677428657e-01 1.676750000000000114e+02
8.715464414619097377e-01 1.735409999999999968e+02
8.762623986757693828e-01 1.762510000000000048e+02
8.808659576557790194e-01 1.868329999999999984e+02
8.855816816336232744e-01 1.963240000000000123e+02
8.902972866457182777e-01 2.334809999999999945e+02
8.949004999911254199e-01 3.359649999999999750e+02
8.996158680413519626e-01 6.777789999999999964e+02
9.043311152405285602e-01 1.143808999999999969e+03
9.089339774739162436e-01 8.481159999999999854e+02
9.136489839856534179e-01 4.515590000000000259e+02
9.183638677611841716e-01 2.720419999999999732e+02
9.229663734055526536e-01 2.341289999999999907e+02
9.276810127683592366e-01 2.207620000000000005e+02
9.323955275099486961e-01 2.224610000000000127e+02
9.369976710887228943e-01 2.251750000000000114e+02
9.417119376925940921e-01 2.280749999999999886e+02
9.464260777903864552e-01 2.382390000000000043e+02
9.510278538274218318e-01 2.426459999999999866e+02
9.557417420627974947e-01 2.599119999999999777e+02
9.604555019073820477e-01 2.685799999999999841e+02
9.650569049269716038e-01 2.986929999999999836e+02
9.697704091847403340e-01 3.305840000000000032e+02
9.744837831671594452e-01 4.052069999999999936e+02
9.790848076940400491e-01 5.582069999999999936e+02
9.837979223655485272e-01 9.049959999999999809e+02
9.885109048773034202e-01 1.756432000000000016e+03
9.931115454366620243e-01 2.991018000000000029e+03
9.978242649137201159e-01 4.428815999999999804e+03
1.002536850346777531e+00 2.842711999999999989e+03
1.007137101464258500e+00 1.810269999999999982e+03
1.011849420139146138e+00 8.797849999999999682e+02
1.016561602885945881e+00 5.200760000000000218e+02
1.021161459087656764e+00 4.012549999999999955e+02
1.025873371353130503e+00 3.413740000000000236e+02
1.030585145806591552e+00 3.248539999999999850e+02
1.035184601619109301e+00 3.055579999999999927e+02
1.039896101868410527e+00 3.054150000000000205e+02
1.044607462421937027e+00 2.973029999999999973e+02
1.049206512372315547e+00 2.971560000000000059e+02
1.053917594999174812e+00 2.970559999999999832e+02
1.058628536046663848e+00 2.967099999999999795e+02
1.063227174662440433e+00 2.991680000000000064e+02
1.067937834061084557e+00 3.013020000000000209e+02
1.072648349996933037e+00 3.046320000000000050e+02
1.077246571806133257e+00 3.087719999999999914e+02
1.081956802371294879e+00 3.086390000000000100e+02
1.086666887590403974e+00 3.145059999999999718e+02
1.091264687121550558e+00 3.168210000000000264e+02
1.095974483248470577e+00 3.224279999999999973e+02
1.100684132146255045e+00 3.239080000000000155e+02
1.105281503928372322e+00 3.308090000000000259e+02
1.109990860012809666e+00 3.348240000000000123e+02
1.114700066985203630e+00 3.366630000000000109e+02
1.119297005547825519e+00 3.449580000000000268e+02
1.124005915986062476e+00 3.462730000000000246e+02
1.128714675429525416e+00 3.554569999999999936e+02
1.133311175302700091e+00 3.551770000000000209e+02
1.138019634491549192e+00 3.637919999999999732e+02
1.142727940803073050e+00 3.673369999999999891e+02
1.147323996517372713e+00 3.736999999999999886e+02
1.152031998854182948e+00 3.788129999999999882e+02
1.156739846431299235e+00 3.800769999999999982e+02
1.161335452517823219e+00 3.892259999999999991e+02
1.166042992400488032e+00 3.942500000000000000e+02
1.170750375641274044e+00 4.002690000000000055e+02
1.175345526631656590e+00 4.058009999999999877e+02
1.180052598458619206e+00 4.102730000000000246e+02
1.184759511761704465e+00 4.171630000000000109e+02
1.189354202188122045e+00 4.229030000000000200e+02
1.194060800358382801e+00 4.305939999999999941e+02
1.198767238122956602e+00 4.373990000000000009e+02
1.203361462518133251e+00 4.404839999999999804e+02
1.208067581431255588e+00 4.483369999999999891e+02
1.212773538057072331e+00 4.547280000000000086e+02
1.217367290954287196e+00 4.629440000000000168e+02
1.222072925010405209e+00 4.659970000000000141e+02
1.226778394897792390e+00 4.766309999999999718e+02
1.231371670830885057e+00 4.808330000000000268e+02
1.236076814430710380e+00 4.882749999999999773e+02
1.240781791980573923e+00 4.953589999999999804e+02
1.245374585483951746e+00 5.006030000000000086e+02
1.250079233028779102e+00 5.110649999999999977e+02
1.254783712642611349e+00 5.162680000000000291e+02
1.259376018251255669e+00 5.222029999999999745e+02
1.264080164142969753e+00 5.326849999999999454e+02
1.268784140222855683e+00 5.398089999999999691e+02
1.273375952472328265e+00 5.472559999999999718e+02
1.278079591113411073e+00 5.533719999999999573e+02
1.282783058062034964e+00 5.610480000000000018e+02
1.287374371488485103e+00 5.692259999999999991e+02
1.292077497282021037e+00 5.758039999999999736e+02
1.296780449502672461e+00 5.867089999999999463e+02
1.301371258642842754e+00 5.902400000000000091e+02
1.306073865992528837e+00 6.028899999999999864e+02
1.310776297889109543e+00 6.095800000000000409e+02
1.315366597280342331e+00 6.150629999999999882e+02
1.320068680590490651e+00 6.274239999999999782e+02
1.324770586567522335e+00 6.322730000000000246e+02
1.329360370747766584e+00 6.448360000000000127e+02
1.334061924423313839e+00 6.500710000000000264e+02
1.338763298885943920e+00 6.572599999999999909e+02
1.343352562393761662e+00 6.702259999999999991e+02
1.348053580840273380e+00 6.746580000000000155e+02
1.352754418194281660e+00 6.879299999999999500e+02
1.357343155568855098e+00 6.963519999999999754e+02
1.362043633192535186e+00 7.050560000000000400e+02
1.366743927844339179e+00 7.130670000000000073e+02
1.371332133625476457e+00 7.217580000000000382e+02
1.376032064833171198e+00 7.414990000000000236e+02
1.380731811189836789e+00 7.514890000000000327e+02
1.385319479917977548e+00 7.686180000000000518e+02
1.390018859117184258e+00 8.045140000000000100e+02
1.394718051586427698e+00 8.500149999999999864e+02
1.399305177802651512e+00 9.336150000000000091e+02
1.404003999401524094e+00 1.040423999999999978e+03
1.408702632391721332e+00 1.103289999999999964e+03
1.413289210637753701e+00 1.051595000000000027e+03
1.417987469045109084e+00 9.663559999999999945e+02
1.422685536965301978e+00 9.250960000000000036e+02
1.427271561783519438e+00 8.944809999999999945e+02
1.431969251408844901e+00 8.692939999999999827e+02
1.436666748668748106e+00 8.673210000000000264e+02
1.441252214602185777e+00 8.639740000000000464e+02
1.445949329855646281e+00 8.741259999999999764e+02
1.450646250865652132e+00 8.788569999999999709e+02
1.455231152458011268e+00 8.860879999999999654e+02
1.459927687750454339e+00 8.980399999999999636e+02
1.464624026921641731e+00 9.026499999999999773e+02
1.469208358717293939e+00 9.146209999999999809e+02
1.473904308460257218e+00 9.192809999999999491e+02
1.478600060204397826e+00 9.264840000000000373e+02
1.483183816748393280e+00 9.427910000000000537e+02
1.487879175354111183e+00 9.462809999999999491e+02
1.492574334083674792e+00 9.565320000000000391e+02
1.497157509921748231e+00 9.676219999999999573e+02
1.501852271803159278e+00 9.720499999999999545e+02
1.506546831931321773e+00 9.851849999999999454e+02
1.511129421609898715e+00 9.891670000000000300e+02
1.515823581180649970e+00 9.988450000000000273e+02
1.520517537121299556e+00 1.008422000000000025e+03
1.525099535187502742e+00 1.011605000000000018e+03
1.529793086861959583e+00 1.024828999999999951e+03
1.534486433029703445e+00 1.033888999999999896e+03
1.539067834031359938e+00 1.037010999999999967e+03
1.543760772224610278e+00 1.052311999999999898e+03
1.548453503034780576e+00 1.052227000000000089e+03
1.553034301520428206e+00 1.062569999999999936e+03
1.557726620648290261e+00 1.073330999999999904e+03
1.562418730516951682e+00 1.072994999999999891e+03
1.566998921035844372e+00 1.086469000000000051e+03
1.571690615514872880e+00 1.093653000000000020e+03
1.576382098858829517e+00 1.098416999999999916e+03
1.580961675960945279e+00 1.107128999999999905e+03
1.585652740208437717e+00 1.112455999999999904e+03
1.590343591445238847e+00 1.122479000000000042e+03
1.594922549681285329e+00 1.132593000000000075e+03
1.599612978115289685e+00 1.133226000000000113e+03
1.604303191663235983e+00 1.146847999999999956e+03
1.608881525584657801e+00 1.162859999999999900e+03
1.613571312623978571e+00 1.168319999999999936e+03
1.618260882902130771e+00 1.184092000000000098e+03
1.622838587061114390e+00 1.192979000000000042e+03
1.627527727125319235e+00 1.193301999999999907e+03
1.632216648553502791e+00 1.193414999999999964e+03
1.636793717502984524e+00 1.194250000000000000e+03
1.641482205012411377e+00 1.203019999999999982e+03
1.646170472011223795e+00 1.204217000000000098e+03
1.650746900304896014e+00 1.206453999999999951e+03
1.655434729680657968e+00 1.213604000000000042e+03
1.660122336671475685e+00 1.211994999999999891e+03
1.664698118863793042e+00 1.216387999999999920e+03
1.669385284527787672e+00 1.225205999999999904e+03
1.674072225932772495e+00 1.227365000000000009e+03
1.678647356578957917e+00 1.247630000000000109e+03
1.683333852953872167e+00 1.254255000000000109e+03
1.688020123195977718e+00 1.261923000000000002e+03
1.692594596852029953e+00 1.277215999999999894e+03
1.697280418361347021e+00 1.300632000000000062e+03
1.701966011864325168e+00 1.337380000000000109e+03
1.706539823087025010e+00 1.406020999999999958e+03
1.711224964155030781e+00 1.511880000000000109e+03
1.715909875343439417e+00 1.670502999999999929e+03
1.720483018690355470e+00 1.834344000000000051e+03
1.725167473742146740e+00 1.895260999999999967e+03
1.729851697041355330e+00 1.756455999999999904e+03
1.734424167070850453e+00 1.594251999999999953e+03
1.739107930532338253e+00 1.497017000000000053e+03
1.743791460368535384e+00 1.438538999999999987e+03
1.748363251639773797e+00 1.367279999999999973e+03
1.753046317937694276e+00 1.314006000000000085e+03
1.757729148737892100e+00 1.289907999999999902e+03
1.762300255810847149e+00 1.276811999999999898e+03
1.766982619372764018e+00 1.273563000000000102e+03
1.771664745564808241e+00 1.274587999999999965e+03
1.776235163000265516e+00 1.271063000000000102e+03
1.780916818254580702e+00 1.270903000000000020e+03
1.785598234267154361e+00 1.277680000000000064e+03
1.790167956626720125e+00 1.281673000000000002e+03
1.794848898002677107e+00 1.284692000000000007e+03
1.799529598265308783e+00 1.299034000000000106e+03
1.804098620111417972e+00 1.306042999999999893e+03
1.808778842039109547e+00 1.302150000000000091e+03
1.813458820982179809e+00 1.292307999999999993e+03
1.818027136878099137e+00 1.288042999999999893e+03
1.822706633788475195e+00 1.291320999999999913e+03
1.827385885843221258e+00 1.287713999999999942e+03
1.831953490353059211e+00 1.284742999999999938e+03
1.836632256677931618e+00 1.290915999999999940e+03
1.841310776276456895e+00 1.287433999999999969e+03
1.845877663965167503e+00 1.282903999999999996e+03
1.850555694137217433e+00 1.285342000000000098e+03
1.855233475712497748e+00 1.283272999999999911e+03
1.859799641145887028e+00 1.280194999999999936e+03
1.864476929598671173e+00 1.282305000000000064e+03
1.869153967584559428e+00 1.281778000000000020e+03
1.873719405329294929e+00 1.276740000000000009e+03
1.878395946497253499e+00 1.279968000000000075e+03
1.883072235328487221e+00 1.279174999999999955e+03
1.887636939952101134e+00 1.274740999999999985e+03
1.892312728270563404e+00 1.279592000000000098e+03
1.896988262382772072e+00 1.277768000000000029e+03
1.901552228453668114e+00 1.276768000000000029e+03
1.906227258358859311e+00 1.280349999999999909e+03
1.910902032188569466e+00 1.279644999999999982e+03
1.915465254276032869e+00 1.283618999999999915e+03
1.920139520205079497e+00 1.287528000000000020e+03
1.924813528189724288e+00 1.286258000000000038e+03
1.929376000863922025e+00 1.290041999999999916e+03
1.934049497254860528e+00 1.303152000000000044e+03
1.938722733832783041e+00 1.315604000000000042e+03
1.943284451664776480e+00 1.330511999999999944e+03
1.947957172956559235e+00 1.353104000000000042e+03
1.952629632567020490e+00 1.378596000000000004e+03
1.957190590128768060e+00 1.426002999999999929e+03
1.961862530761269596e+00 1.509503999999999905e+03
1.966534207844455429e+00 1.628843000000000075e+03
1.971094399708820388e+00 1.809577999999999975e+03
1.975765554122843382e+00 2.141632000000000062e+03
1.980436443119871326e+00 2.675927999999999884e+03
1.984995863860627763e+00 3.206802999999999884e+03
1.989666226497911916e+00 3.420728000000000065e+03
1.994336321850835647e+00 3.005358999999999924e+03
1.998894966042675803e+00 2.470208000000000084e+03
2.003564531345901845e+00 2.193210000000000036e+03
2.008233827497720281e+00 2.003863000000000056e+03
2.012791689716260990e+00 1.813266000000000076e+03
2.017460452129058002e+00 1.611527000000000044e+03
2.022128943523721745e+00 1.467821999999999889e+03
2.026686018345509321e+00 1.370561999999999898e+03
2.031353972312462286e+00 1.312356999999999971e+03
2.036021653394878950e+00 1.293346999999999980e+03
2.040577935397396292e+00 1.279856999999999971e+03
2.045245075364053200e+00 1.266548999999999978e+03
2.049911940580093628e+00 1.264060999999999922e+03
2.054467424341767323e+00 1.258508000000000038e+03
2.059133744754644280e+00 1.250827999999999975e+03
2.063799788551150982e+00 1.249051999999999907e+03
2.068354468651358857e+00 1.245202999999999975e+03
2.073019963957944967e+00 1.245875999999999976e+03
2.077685180782739671e+00 1.239232999999999947e+03
2.082239051801813901e+00 1.238423000000000002e+03
2.086903716450581925e+00 1.235541999999999916e+03
2.091568100752467796e+00 1.226943999999999960e+03
2.096121157271703783e+00 1.227897999999999911e+03
2.100784985712116359e+00 1.223318999999999960e+03
2.105448531940887325e+00 1.221567000000000007e+03
2.110000768542550809e+00 1.214333000000000084e+03
2.114663755225062669e+00 1.210950000000000045e+03
2.119326457831511412e+00 1.209415999999999940e+03
2.123877869098842464e+00 1.203050999999999931e+03
2.128540008474911538e+00 1.199815000000000055e+03
2.133201861910833941e+00 1.198615000000000009e+03
2.137752442428054511e+00 1.193519000000000005e+03
2.142413728950147700e+00 1.192290999999999940e+03
2.147074727668349059e+00 1.189209000000000060e+03
2.151624472020670531e+00 1.188607999999999947e+03
2.156284900142268146e+00 1.186423999999999978e+03
2.160945038596572054e+00 1.188343000000000075e+03
2.165493941370201014e+00 1.186662000000000035e+03
2.170153505545804773e+00 1.185479000000000042e+03
2.174812778191058005e+00 1.192429000000000087e+03
2.179360833973201572e+00 1.201913000000000011e+03
2.184019528658341258e+00 1.221612000000000080e+03
2.188677929950422207e+00 1.246992999999999938e+03
2.193225133329295584e+00 1.283211000000000013e+03
2.197882952980536597e+00 1.331818999999999960e+03
2.202540477376356609e+00 1.416199000000000069e+03
2.207086822941190185e+00 1.567924999999999955e+03
2.211743762016139314e+00 1.795862000000000080e+03
2.216400403973656896e+00 2.079175999999999931e+03
2.220945886314699802e+00 2.301186000000000149e+03
2.225601939272010110e+00 2.252146000000000186e+03
2.230257693250232265e+00 1.934806000000000040e+03
2.234802306958763030e+00 1.718217000000000098e+03
2.239457468258142736e+00 1.588771999999999935e+03
2.244112328717134286e+00 1.496125000000000000e+03
2.248656068385463946e+00 1.396230000000000018e+03
2.253310332487680867e+00 1.302286000000000058e+03
2.257964293888569340e+00 1.219692000000000007e+03
2.262507154110048102e+00 1.159188000000000102e+03
2.267160515476941196e+00 1.125221999999999980e+03
2.271813572281922156e+00 1.104634999999999991e+03
2.276355547650948719e+00 1.095609999999999900e+03
2.281008000745427200e+00 1.088619999999999891e+03
2.285660147417775345e+00 1.083324000000000069e+03
2.290201232529798681e+00 1.075775000000000091e+03
2.294852771815855341e+00 1.071982999999999947e+03
2.299504002819927173e+00 1.066361000000000104e+03
2.304044192271458513e+00 1.060173000000000002e+03
2.308694812214171943e+00 1.055200000000000045e+03
2.313345122015411981e+00 1.050946999999999889e+03
2.317884410404026152e+00 1.049556000000000040e+03
2.322534105469570065e+00 1.041743999999999915e+03
2.327183488534520173e+00 1.037219000000000051e+03
2.331721870458865364e+00 1.033394000000000005e+03
2.336370635114513483e+00 1.032349999999999909e+03
2.341019085910819530e+00 1.022625000000000000e+03
2.345556555970621293e+00 1.019256999999999948e+03
2.350204384684753567e+00 1.018208999999999946e+03
2.354851897681168982e+00 1.011243000000000052e+03
2.359388450477239552e+00 1.009500000000000000e+03
2.364035337719350149e+00 1.002230000000000018e+03
2.368681907385746577e+00 1.000764999999999986e+03
2.373217537519987541e+00 9.945850000000000364e+02
2.377863477760691513e+00 9.933269999999999982e+02
2.382509098568059702e+00 9.854279999999999973e+02
2.387043800643473546e+00 9.869500000000000455e+02
2.391688788354511708e+00 9.858400000000000318e+02
2.396333454774973948e+00 9.855969999999999800e+02
2.400867223395664496e+00 9.851259999999999764e+02
2.405511253049912312e+00 9.889510000000000218e+02
2.410154959556726428e+00 9.963319999999999936e+02
2.414687789327909950e+00 1.006195000000000050e+03
2.419330855399381530e+00 1.026246000000000095e+03
2.423973596466945324e+00 1.059919000000000096e+03
2.428505481994954973e+00 1.097628999999999905e+03
2.433147578958812840e+00 1.125453999999999951e+03
2.437789349062675193e+00 1.119284000000000106e+03
2.442320284954966780e+00 1.070536000000000058e+03
2.446961407287525425e+00 1.030335000000000036e+03
2.451602200904389850e+00 1.005943999999999960e+03
2.456132181769550726e+00 9.847480000000000473e+02
2.460772323948283713e+00 9.654710000000000036e+02
2.465412135556015905e+00 9.497390000000000327e+02
2.469941156003768068e+00 9.338039999999999736e+02
2.474580312507316915e+00 9.153429999999999609e+02
2.479219136584950078e+00 9.042309999999999945e+02
2.483747191226159501e+00 8.951109999999999900e+02
2.488385356534337678e+00 8.895320000000000391e+02
2.493023187562081855e+00 8.843300000000000409e+02
2.497550271008763367e+00 8.778920000000000528e+02
2.502187439602563401e+00 8.735779999999999745e+02
2.506824272061809022e+00 8.726900000000000546e+02
2.511350378927133420e+00 8.673700000000000045e+02
2.515986545288733556e+00 8.613740000000000236e+02
2.520622373662060323e+00 8.583060000000000400e+02
2.525147498560359693e+00 8.526390000000000100e+02
2.529782657173131888e+00 8.505309999999999491e+02
2.534417475944312770e+00 8.453460000000000036e+02
2.538941613491088045e+00 8.421109999999999900e+02
2.543575758839604628e+00 8.386130000000000564e+02
2.548209562493612967e+00 8.344669999999999845e+02
2.552732707305541471e+00 8.306929999999999836e+02
2.557365833875576477e+00 8.280579999999999927e+02
2.561998616898597536e+00 8.247219999999999800e+02
2.566520763593535204e+00 8.211929999999999836e+02
2.571152865872078142e+00 8.166059999999999945e+02
2.575784622751508657e+00 8.147390000000000327e+02
2.580305765948500252e+00 8.121660000000000537e+02
2.584936838423758765e+00 8.086789999999999736e+02
2.589567563648216719e+00 8.071789999999999736e+02
2.594087697967501605e+00 8.009800000000000182e+02
2.598717735128908135e+00 8.001779999999999973e+02
2.603347423188239418e+00 7.964310000000000400e+02
2.607866543251257330e+00 7.952169999999999845e+02
2.612495539589477112e+00 7.911349999999999909e+02
2.617124184974761736e+00 7.886470000000000482e+02
2.621642285404159001e+00 7.883769999999999527e+02
2.626270235411094056e+00 7.862469999999999573e+02
2.630897832614653709e+00 7.846689999999999827e+02
2.635414908034288128e+00 7.819600000000000364e+02
2.640041806203087482e+00 7.797300000000000182e+02
2.644668349718489964e+00 7.784160000000000537e+02
2.649184394753442362e+00 7.766609999999999445e+02
2.653810235578506482e+00 7.744869999999999663e+02
2.658435719900572813e+00 7.737730000000000246e+02
2.662950729177148368e+00 7.715839999999999463e+02
2.667575507154134051e+00 7.705879999999999654e+02
2.672199926778947354e+00 7.715720000000000027e+02
2.676713894924683146e+00 7.728540000000000418e+02
2.681337604550513731e+00 7.748390000000000555e+02
2.685960953975423227e+00 7.792670000000000528e+02
2.690473875619095789e+00 7.880589999999999691e+02
2.695096511391964711e+00 7.997849999999999682e+02
2.699718785115592823e+00 8.216430000000000291e+02
2.704230654887224805e+00 8.210860000000000127e+02
2.708852211306603586e+00 8.021979999999999791e+02
2.713473403828852604e+00 7.889339999999999691e+02
2.717984216359716765e+00 7.863740000000000236e+02
2.722604687926362566e+00 7.836789999999999736e+02
2.727224793748420861e+00 7.882240000000000464e+02
2.731734543671049398e+00 7.918840000000000146e+02
2.736353924887008127e+00 7.966639999999999873e+02
2.740972938511358148e+00 8.071620000000000346e+02
2.745481620459546690e+00 8.268319999999999936e+02
2.750099905828162772e+00 8.487970000000000255e+02
2.754717821758587259e+00 8.757010000000000218e+02
2.759225430367401977e+00 8.837419999999999618e+02
2.763842614393325015e+00 8.732459999999999809e+02
2.768459427134910111e+00 8.679729999999999563e+02
2.772965957040695262e+00 8.763300000000000409e+02
2.777582034229883146e+00 8.983680000000000518e+02
2.782197738289030831e+00 9.273730000000000473e+02
2.786703184129413646e+00 9.753859999999999673e+02
2.791318148989141879e+00 1.060006000000000085e+03
2.795932738873571299e+00 1.181131000000000085e+03
2.800437095287469980e+00 1.335685999999999922e+03
2.805050942326338781e+00 1.505102000000000089e+03
2.809664412545096024e+00 1.623790999999999940e+03
2.814167674172722844e+00 1.587430000000000064e+03
2.818780397900660706e+00 1.391128999999999905e+03
2.823392742964123681e+00 1.247760999999999967e+03
2.827894904446996094e+00 1.167503999999999905e+03
2.832506499375269993e+00 1.109300999999999931e+03
2.837117713795155538e+00 1.057935999999999922e+03
2.841618769776098841e+00 1.013279999999999973e+03
2.846229230417317346e+00 9.594339999999999691e+02
2.850839308706687447e+00 9.105919999999999845e+02
2.855339253829842328e+00 8.727319999999999709e+02
2.859948574697964929e+00 8.465599999999999454e+02
2.864557511371233378e+00 8.350040000000000191e+02
2.869056340282063022e+00 8.294779999999999518e+02
2.873664515892405458e+00 8.310330000000000155e+02
2.878272305465344072e+00 8.312200000000000273e+02
2.882770012810639493e+00 8.316820000000000164e+02
2.887377037679878633e+00 8.304710000000000036e+02
2.891983674669626581e+00 8.326549999999999727e+02
2.896480255097512835e+00 8.377910000000000537e+02
2.901086123743696898e+00 8.361369999999999436e+02
2.905691602668761142e+00 8.287369999999999663e+02
2.910187050828704436e+00 8.221190000000000282e+02
2.914791757771256986e+00 8.176739999999999782e+02
2.919396073151525162e+00 8.173229999999999791e+02
2.923890383694339512e+00 8.213590000000000373e+02
2.928493923454065673e+00 8.245900000000000318e+02
2.933097069810809199e+00 8.309199999999999591e+02
2.937590237388662207e+00 8.405430000000000064e+02
2.942192604487755325e+00 8.480180000000000291e+02
2.946794576343636507e+00 8.614170000000000300e+02
2.951286595610055574e+00 8.800380000000000109e+02
2.955887784572105659e+00 9.095729999999999791e+02
2.960488576451185239e+00 9.565499999999999545e+02
2.964979442061063342e+00 1.025089999999999918e+03
2.969579447411062390e+00 1.113085000000000036e+03
2.974179053838803544e+00 1.208011999999999944e+03
2.978668760448408559e+00 1.278138999999999896e+03
2.983267576712755886e+00 1.269892000000000053e+03
2.987865992216033106e+00 1.168653999999999996e+03
2.992354534483010031e+00 1.078221000000000004e+03
2.996952156189521155e+00 1.027851000000000113e+03
3.001549375296626465e+00 9.933740000000000236e+02
3.006036747880006743e+00 9.657100000000000364e+02
3.010633169557916933e+00 9.411929999999999836e+02
3.015229186798565220e+00 9.114790000000000418e+02
3.019715384358772070e+00 8.813930000000000291e+02
3.024310600538745675e+00 8.546589999999999918e+02
3.028905410444082680e+00 8.342949999999999591e+02
3.033390427642936871e+00 8.201299999999999955e+02
3.037984432857073092e+00 8.108060000000000400e+02
3.042578029959681185e+00 8.085589999999999691e+02
3.047061861460407695e+00 8.050439999999999827e+02
3.051654650242246802e+00 8.027240000000000464e+02
3.056247029076150312e+00 8.037880000000000109e+02
3.060729669543386766e+00 8.012119999999999891e+02
3.065321236427914098e+00 8.008010000000000446e+02
3.069912391528588191e+00 8.000119999999999436e+02
3.074393835628387972e+00 7.984189999999999827e+02
3.078984175152045921e+00 7.979220000000000255e+02
3.083574101056420602e+00 7.991670000000000300e+02
3.088054343456261286e+00 7.986290000000000191e+02
3.092643450156950635e+00 7.972659999999999627e+02
3.097232141403420957e+00 7.978600000000000136e+02
3.101711176772208312e+00 7.966219999999999573e+02
3.106299045189297559e+00 7.964420000000000073e+02
3.110886496317726291e+00 7.966040000000000418e+02
3.115364319325804487e+00 7.978569999999999709e+02
3.119950944000135618e+00 7.988750000000000000e+02
3.124537149551860793e+00 8.028220000000000027e+02
3.129013754871015962e+00 8.056449999999999818e+02
3.133599130344909778e+00 8.096710000000000491e+02
3.138184084862751799e+00 8.130710000000000264e+02
3.142659467166220466e+00 8.146369999999999436e+02
3.147243587983484581e+00 8.074429999999999836e+02
3.151827286011752882e+00 8.020249999999999773e+02
3.156301439974224188e+00 7.979840000000000373e+02
3.160884300680160575e+00 7.950910000000000082e+02
3.165466736764658062e+00 7.938740000000000236e+02
3.169939657062284866e+00 7.915299999999999727e+02
3.174521252203694743e+00 7.909139999999999873e+02
3.179102420891727565e+00 7.901000000000000227e+02
3.183574102202128664e+00 7.888730000000000473e+02
3.188154426327318269e+00 7.885520000000000209e+02
3.192734322167700700e+00 7.866349999999999909e+02
3.197204759169970600e+00 7.882400000000000091e+02
3.201783806828758738e+00 7.858759999999999764e+02
3.206362424371818509e+00 7.855789999999999509e+02
3.210831611746532310e+00 7.856459999999999582e+02
3.215409377490257015e+00 7.849320000000000164e+02
3.219986711287844638e+00 7.857419999999999618e+02
3.224454643717062918e+00 7.840140000000000100e+02
3.229031122098587225e+00 7.823899999999999864e+02
3.233607166704078661e+00 7.796950000000000500e+02
3.238073838871357690e+00 7.795299999999999727e+02
3.242649024445075856e+00 7.783690000000000282e+02
3.247223774413384056e+00 7.791649999999999636e+02
3.251689181003777573e+00 7.781399999999999864e+02
3.256263068325622623e+00 7.795320000000000391e+02
3.260836518213198421e+00 7.785460000000000491e+02
3.265300653913267404e+00 7.811430000000000291e+02
3.269873237540717348e+00 7.847569999999999482e+02
3.274445381905559227e+00 7.886480000000000246e+02
3.278908241403377222e+00 7.969149999999999636e+02
3.283479515895460832e+00 8.061720000000000255e+02
3.288050349297120700e+00 8.163909999999999627e+02
3.292511927282278705e+00 8.250839999999999463e+02
3.297081887199585282e+00 8.212350000000000136e+02
3.301651404199173800e+00 8.087419999999999618e+02
3.306111695362788261e+00 7.988189999999999600e+02
3.310680335267467189e+00 7.929840000000000373e+02
3.315248530427664431e+00 7.902599999999999909e+02
3.319707529462381679e+00 7.877839999999999918e+02
3.324274843918156641e+00 7.839869999999999663e+02
3.328841711803213421e+00 7.826499999999999773e+02
3.333299413403219003e+00 7.773129999999999882e+02
3.337865396975387533e+00 7.754310000000000400e+02
3.342430932151134293e+00 7.717740000000000009e+02
3.346887331012156963e+00 7.700199999999999818e+02
3.351451978267603771e+00 7.719809999999999945e+02
3.356016175301456794e+00 7.714959999999999809e+02
3.360471266120775624e+00 7.722849999999999682e+02
3.365034571627972149e+00 7.712849999999999682e+02
3.369597425088939779e+00 7.726040000000000418e+02
3.374051202565389929e+00 7.731820000000000164e+02
3.378613160894405887e+00 7.749130000000000109e+02
3.383174665353096522e+00 7.794199999999999591e+02
3.387627124187077232e+00 7.830259999999999536e+02
3.392187729909585059e+00 7.905389999999999873e+02
3.396747879938210701e+00 7.941589999999999918e+02
3.401199014831687073e+00 8.005330000000000155e+02
3.405758262520969915e+00 8.033819999999999482e+02
3.410317052693354167e+00 8.114149999999999636e+02
3.414766858349871370e+00 8.245940000000000509e+02
3.419324742580825305e+00 8.457930000000000064e+02
3.423882167472411364e+00 8.772870000000000346e+02
3.428330638597091973e+00 9.152659999999999627e+02
3.432887153946238890e+00 9.572740000000000009e+02
3.437443208134092654e+00 9.940040000000000191e+02
3.441890339433650414e+00 1.007462999999999965e+03
3.446445480479137569e+00 9.779669999999999845e+02
3.451000158541959184e+00 9.274429999999999836e+02
3.455445944724699014e+00 8.905710000000000264e+02
3.459999706046311907e+00 8.689020000000000437e+02
3.464553002564435769e+00 8.546420000000000528e+02
3.468997438340264416e+00 8.430579999999999927e+02
3.473549814519429901e+00 8.311409999999999627e+02
3.478101724074834422e+00 8.187050000000000409e+02
3.482544804155267570e+00 8.058949999999999818e+02
3.487095789775060517e+00 7.930339999999999918e+02
3.491646306951374346e+00 7.820610000000000355e+02
3.496088026049538833e+00 7.759579999999999700e+02
3.500637615694687454e+00 7.714139999999999873e+02
3.505186735077198357e+00 7.685729999999999791e+02
3.509627087907839726e+00 7.681109999999999900e+02
3.514175276164734019e+00 7.677119999999999891e+02
3.518722992340391542e+00 7.662540000000000191e+02
3.523161973619883813e+00 7.674729999999999563e+02
3.527708755076582214e+00 7.694769999999999754e+02
3.532255062634006126e+00 7.708780000000000427e+02
3.536692667080351793e+00 7.720869999999999891e+02
3.541238036326585181e+00 7.748260000000000218e+02
3.545782929856070798e+00 7.780109999999999673e+02
3.550219152188913263e+00 7.822319999999999709e+02
3.554763103816093395e+00 7.887459999999999809e+02
3.559306577909620461e+00 8.014420000000000073e+02
3.563741412850245815e+00 8.147939999999999827e+02
3.568283941451472874e+00 8.337089999999999463e+02
3.572825990702706012e+00 8.564779999999999518e+02
3.577259432974054576e+00 8.790289999999999964e+02
3.581800533144118948e+00 8.885339999999999918e+02
3.586341152148421862e+00 8.735049999999999955e+02
3.590773196475087747e+00 8.575779999999999745e+02
3.595312862810482013e+00 8.548859999999999673e+02
3.599852046164918828e+00 8.524420000000000073e+02
3.604282687273161478e+00 8.364270000000000209e+02
3.608820914372084854e+00 8.213990000000000009e+02
3.613358656675427660e+00 8.117119999999999891e+02
3.617787889293174963e+00 8.034260000000000446e+02
3.622324671755535963e+00 7.950919999999999845e+02
3.626860967608273256e+00 7.887219999999999800e+02
3.631288786465129537e+00 7.831499999999999773e+02
3.635824118892559298e+00 7.794790000000000418e+02
3.640358962896899975e+00 7.764589999999999463e+02
3.644785362724150879e+00 7.737659999999999627e+02
3.649319239720004493e+00 7.725349999999999682e+02
3.653852626479883625e+00 7.720969999999999800e+02
3.658277602010505003e+00 7.714379999999999882e+02
3.662810018179869065e+00 7.729089999999999918e+02
3.667341942300957225e+00 7.744349999999999454e+02
3.671765488269619127e+00 7.759919999999999618e+02
3.676296438219317952e+00 7.765620000000000118e+02
3.680826894309026542e+00 7.777709999999999582e+02
3.685249005452099436e+00 7.801269999999999527e+02
3.689778483790703500e+00 7.827039999999999509e+02
3.694307466458189637e+00 7.890059999999999718e+02
3.698728137513752401e+00 7.960190000000000055e+02
3.703256138851581891e+00 8.040359999999999445e+02
3.707783642707755511e+00 8.122350000000000136e+02
3.712202868415600321e+00 8.206130000000000564e+02
3.716729387364733128e+00 8.248869999999999436e+02
3.721255407022265427e+00 8.172949999999999591e+02
3.725673182123903970e+00 8.056929999999999836e+02
3.730198213298183685e+00 8.005030000000000427e+02
3.734722743371508891e+00 7.962430000000000518e+02
3.739139062610179476e+00 7.959800000000000182e+02
3.743662600625217163e+00 7.942469999999999573e+02
3.748185635730545862e+00 7.922240000000000464e+02
3.752600493851217855e+00 7.903440000000000509e+02
3.757122533324404490e+00 7.891509999999999536e+02
3.761644068079724512e+00 7.886449999999999818e+02
3.766057459829106335e+00 7.866979999999999791e+02
3.770577995379614133e+00 7.846810000000000400e+02
3.775098024404697217e+00 7.826749999999999545e+02
3.779509944531242560e+00 7.846159999999999854e+02
3.784028970780032974e+00 7.845599999999999454e+02
3.788547488696444532e+00 7.855460000000000491e+02
3.792957931950358574e+00 7.854550000000000409e+02
3.797475443520188954e+00 7.863419999999999845e+02
3.801992444951292960e+00 7.886490000000000009e+02
3.806401406084538142e+00 7.891739999999999782e+02
3.810917397599968837e+00 7.904070000000000391e+02
3.815432877170930492e+00 7.914600000000000364e+02
3.819840350937232287e+00 7.931169999999999618e+02
3.824354817024632425e+00 7.939089999999999918e+02
3.828868769362431923e+00 7.956530000000000200e+02
3.833274750517284168e+00 7.980480000000000018e+02
3.837787685804839199e+00 8.024769999999999754e+02
3.842300105538269506e+00 8.088450000000000273e+02
3.846704588838945504e+00 8.144279999999999973e+02
3.851215987956658982e+00 8.240439999999999827e+02
3.855726869716340932e+00 8.322490000000000236e+02
3.860129849921894341e+00 8.310439999999999827e+02
3.864639707501601684e+00 8.223269999999999982e+02
3.869149045919983543e+00 8.168959999999999582e+02
3.873550517791257253e+00 8.150670000000000073e+02
3.878058828466623975e+00 8.146839999999999691e+02
3.882566618177992535e+00 8.153300000000000409e+02
3.886966576477622226e+00 8.145629999999999882e+02
3.891473334884158142e+00 8.155900000000000318e+02
3.895979570524640501e+00 8.154800000000000182e+02
3.900378010017066188e+00 8.153429999999999609e+02
3.904883210792126746e+00 8.171180000000000518e+02
3.909387886999701411e+00 8.179149999999999636e+02
3.913784802451167000e+00 8.184439999999999600e+02
3.918288440233961722e+00 8.207409999999999854e+02
3.922791551648460384e+00 8.247770000000000437e+02
3.927186937827026103e+00 8.262740000000000009e+02
3.931689007258622581e+00 8.265620000000000118e+02
3.936190548521741661e+00 8.312599999999999909e+02
3.940584400197286286e+00 8.347000000000000455e+02
3.945084895920621282e+00 8.402519999999999527e+02
3.949584861675922820e+00 8.486660000000000537e+02
3.953977173620149888e+00 8.591470000000000482e+02
3.958476090280029780e+00 8.719550000000000409e+02
3.962974475172953426e+00 8.900570000000000164e+02
3.967365242159399674e+00 9.080359999999999445e+02
3.971862574402510671e+00 9.100449999999999591e+02
3.976359373080376791e+00 8.928319999999999936e+02
3.980748589884416599e+00 8.813239999999999554e+02
3.985244332359331398e+00 8.743200000000000500e+02
3.989739539471345076e+00 8.711989999999999554e+02
3.994127200870199346e+00 8.671130000000000564e+02
3.998621348227380690e+00 8.629109999999999445e+02
4.003114958424642822e+00 8.652000000000000455e+02
4.007501059197383420e+00 8.637999999999999545e+02
4.011993606089192532e+00 8.642089999999999463e+02
4.016485614024703388e+00 8.637390000000000327e+02
4.020870148952256251e+00 8.630789999999999509e+02
4.025361090032959943e+00 8.638600000000000136e+02
4.029851490361627597e+00 8.711109999999999900e+02
4.034234454226782951e+00 8.768859999999999673e+02
4.038723784152558061e+00 8.841829999999999927e+02
4.043212571531201505e+00 8.924189999999999827e+02
4.047593959118620077e+00 8.983120000000000118e+02
4.052081672547561020e+00 9.064089999999999918e+02
4.056568841634920375e+00 9.150539999999999736e+02
4.060948647731137839e+00 9.236799999999999500e+02
4.065434739323261049e+00 9.371140000000000327e+02
4.069920284780002007e+00 9.585700000000000500e+02
4.074298504173435198e+00 9.851699999999999591e+02
4.078782968590688007e+00 1.019476999999999975e+03
4.083266885079408048e+00 1.058455999999999904e+03
4.087643512560362957e+00 1.104292999999999893e+03
4.092126344466628929e+00 1.144948000000000093e+03
4.096608626651862650e+00 1.121076999999999998e+03
4.100983657012538863e+00 1.073133000000000038e+03
4.105464851073644894e+00 1.039634999999999991e+03
4.109945493621872004e+00 1.020071000000000026e+03
4.114318921656371586e+00 1.012341999999999985e+03
4.118798472540089683e+00 1.003605999999999995e+03
4.123277470119742105e+00 9.975599999999999454e+02
4.127649290624070488e+00 9.907269999999999754e+02
4.132127193000132870e+00 9.830510000000000446e+02
4.136604540281599185e+00 9.741749999999999545e+02
4.140974748053675825e+00 9.666269999999999527e+02
4.145450996593774917e+00 9.602210000000000036e+02
4.149926688249405693e+00 9.548450000000000273e+02
4.154295278089070287e+00 9.520940000000000509e+02
4.158769867466864945e+00 9.516860000000000355e+02
4.163243898170982504e+00 9.530420000000000300e+02
4.167610864879999433e+00 9.559130000000000109e+02
4.172083789771122042e+00 9.571739999999999782e+02
4.176556154200027571e+00 9.618519999999999754e+02
4.180921492582089449e+00 9.648669999999999618e+02
4.185392747664156587e+00 9.701820000000000164e+02
4.189863440496130131e+00 9.793279999999999745e+02
4.194227145356872022e+00 9.902930000000000064e+02
4.198696725309484457e+00 1.002791000000000054e+03
4.203165741224794694e+00 1.014817999999999984e+03
4.207527807371793216e+00 1.034500000000000000e+03
4.211995706876545675e+00 1.043375999999999976e+03
4.216463040557459685e+00 1.030676999999999907e+03
4.220823462800241010e+00 1.013937999999999988e+03
4.225289676540726624e+00 1.008054999999999950e+03
4.229755322671512552e+00 1.002147000000000048e+03
4.234114095821559509e+00 9.997409999999999854e+02
4.238578618483377802e+00 9.967010000000000218e+02
4.243042571750311964e+00 9.954500000000000455e+02
4.247399690621068480e+00 9.940720000000000027e+02
4.251862516891836030e+00 9.918450000000000273e+02
4.256324771983205579e+00 9.892350000000000136e+02
4.260680231390084671e+00 9.858980000000000246e+02
4.265141355959428893e+00 9.829070000000000391e+02
4.269601907565545140e+00 9.835629999999999882e+02
4.273955702325937800e+00 9.830209999999999582e+02
4.278415119885513818e+00 9.834959999999999809e+02
4.282873962698715786e+00 9.832759999999999536e+02
4.287226087631988314e+00 9.839890000000000327e+02
4.291683792875484293e+00 9.846059999999999945e+02
4.296140921590143158e+00 9.860119999999999436e+02
4.300491371517651373e+00 9.876090000000000373e+02
4.304947359140792074e+00 9.889600000000000364e+02
4.309402768453316490e+00 9.886799999999999500e+02
4.313751538198409285e+00 9.918809999999999718e+02
4.318205802898962276e+00 9.930059999999999718e+02
4.322659487507809928e+00 9.969470000000000027e+02
4.327006571895836373e+00 9.968550000000000182e+02
4.331459108373620026e+00 1.000005999999999972e+03
4.335911062979298514e+00 9.999400000000000546e+02
4.340256456837613186e+00 1.001515999999999963e+03
4.344707259794502896e+00 1.002738000000000056e+03
4.349157479099578616e+00 1.002503000000000043e+03
4.353501177257545152e+00 1.002599000000000046e+03
4.357950241397478663e+00 1.003302000000000021e+03
4.362398720106584804e+00 1.006099000000000046e+03
4.366740717395585669e+00 1.009111999999999966e+03
4.371188037424570183e+00 1.012912000000000035e+03
4.375634770244411165e+00 1.014013000000000034e+03
4.379975061497852096e+00 1.016589000000000055e+03
4.384420632123967820e+00 1.018495000000000005e+03
4.388865613763322848e+00 1.020267000000000053e+03
4.393204193816643510e+00 1.024660000000000082e+03
4.397648009750055209e+00 1.026910000000000082e+03
4.402091234919789819e+00 1.032708000000000084e+03
4.406428098610459365e+00 1.038935999999999922e+03
4.410870154563419021e+00 1.048175999999999931e+03
4.415311617976486858e+00 1.064798000000000002e+03
4.419646760144023467e+00 1.086536000000000058e+03
4.424087050830876500e+00 1.113218000000000075e+03
4.428526747202328195e+00 1.145675999999999931e+03
4.432860162688294636e+00 1.187183999999999969e+03
4.437298682825486118e+00 1.231588999999999942e+03
4.441736606872476401e+00 1.221545000000000073e+03
4.446068290520492461e+00 1.168145999999999958e+03
4.450505034826575113e+00 1.131593000000000075e+03
4.454941181268364581e+00 1.109675999999999931e+03
4.459271127924107070e+00 1.096323000000000093e+03
4.463706091119749253e+00 1.086596999999999980e+03
4.468140454677716811e+00 1.078355000000000018e+03
4.472468659188933771e+00 1.070723999999999933e+03
4.476901835996918599e+00 1.063578999999999951e+03
4.481334411394563233e+00 1.054835000000000036e+03
4.485660868611070384e+00 1.047651000000000067e+03
4.490092253756311713e+00 1.040575000000000045e+03
4.494523035719259596e+00 1.035090999999999894e+03
4.498847740492957215e+00 1.033835000000000036e+03
4.503277328702496973e+00 1.035758000000000038e+03
4.507706311958509460e+00 1.038932000000000016e+03
4.512029259143379711e+00 1.046787000000000035e+03
4.516457045146397675e+00 1.059042999999999893e+03
4.520884224425375741e+00 1.078967000000000098e+03
4.525205408877495117e+00 1.108053000000000111e+03
4.529631387405318677e+00 1.140832000000000107e+03
4.534056757439309138e+00 1.163265000000000100e+03
4.538376174016849340e+00 1.164900000000000091e+03
4.542800339802954390e+00 1.184445999999999913e+03
4.547223895326157894e+00 1.216049999999999955e+03
4.551541538889393834e+00 1.208689000000000078e+03
4.555963886669414542e+00 1.158174999999999955e+03
4.560385622418190898e+00 1.120395999999999958e+03
4.564701487829509574e+00 1.100770999999999958e+03
4.569122012341241046e+00 1.084865999999999985e+03
4.573541923054115443e+00 1.073836000000000013e+03
4.577856005178015941e+00 1.063901000000000067e+03
4.582274701161425767e+00 1.055086999999999989e+03
4.586692781579096767e+00 1.044060999999999922e+03
4.591005075282201808e+00 1.034913000000000011e+03
4.595421937479432728e+00 1.023312999999999988e+03
4.599838182344772264e+00 1.014386999999999944e+03
4.604148682495834422e+00 1.005716000000000008e+03
4.608563705651209652e+00 9.995620000000000118e+02
4.612978109709278129e+00 9.966390000000000100e+02
4.617286811179184269e+00 9.945650000000000546e+02
4.621699990039215500e+00 9.903429999999999609e+02
4.626112548037260019e+00 9.894669999999999845e+02
4.630419445699034853e+00 9.888039999999999736e+02
4.634830775012429349e+00 9.889809999999999945e+02
4.639241481699896141e+00 9.884869999999999663e+02
4.643546570428713771e+00 9.881649999999999636e+02
4.647956044946379706e+00 9.891910000000000309e+02
4.652364895074917683e+00 9.891119999999999663e+02
4.656668169748101604e+00 9.913049999999999500e+02
4.661075784223151608e+00 9.875470000000000255e+02
4.665482772546618584e+00 9.857350000000000136e+02
4.669784228043650565e+00 9.837029999999999745e+02
4.674189977231416826e+00 9.816970000000000027e+02
4.678595098505885730e+00 9.803269999999999982e+02
4.682894729708415582e+00 9.778849999999999909e+02
4.687298608366441854e+00 9.785990000000000464e+02
4.691701857350208726e+00 9.768740000000000236e+02
4.695999659142052529e+00 9.762309999999999945e+02
4.700401662030115446e+00 9.740430000000000064e+02
4.704803033483702102e+00 9.734969999999999573e+02
4.709099000750855524e+00 9.735280000000000200e+02
4.713499122630959270e+00 9.727359999999999900e+02
4.717898611317121293e+00 9.711570000000000391e+02
4.722192738947764035e+00 9.705760000000000218e+02
4.726590974584151006e+00 9.703769999999999527e+02
4.730988575267887519e+00 9.684279999999999973e+02
4.735280858152386863e+00 9.678980000000000246e+02
4.739677202311547433e+00 9.681929999999999836e+02
4.744072909760100210e+00 9.679160000000000537e+02
4.748363342791018127e+00 9.680009999999999764e+02
4.752757790241688873e+00 9.675299999999999727e+02
4.757151599224553884e+00 9.691319999999999482e+02
4.761440177296657694e+00 9.682119999999999891e+02
4.765832722809832944e+00 9.676100000000000136e+02
4.770224628098767461e+00 9.683680000000000518e+02
4.774511346109022725e+00 9.682169999999999845e+02
4.778901984457965213e+00 9.659030000000000200e+02
4.783291980826988699e+00 9.645729999999999791e+02
4.787576833674581422e+00 9.633880000000000337e+02
4.791965559634816962e+00 9.625259999999999536e+02
4.796353641860221728e+00 9.624890000000000327e+02
4.800636624446557477e+00 9.648600000000000136e+02
4.805023432795888283e+00 9.660710000000000264e+02
4.809409595656244818e+00 9.648999999999999773e+02
4.813690702884949602e+00 9.659070000000000391e+02
4.818075588403464948e+00 9.676889999999999645e+02
4.822459826679625472e+00 9.690499999999999545e+02
4.826739053456561734e+00 9.694710000000000036e+02
4.831122010926631738e+00 9.731079999999999472e+02
4.835504319401741746e+00 9.797509999999999764e+02
4.839781660635006588e+00 9.876059999999999945e+02
4.844162684841300859e+00 9.970929999999999609e+02
4.848543058300799125e+00 1.009139999999999986e+03
4.852818508900734962e+00 1.023356999999999971e+03
4.857197594630221715e+00 1.043689000000000078e+03
4.861576027861848281e+00 1.064404999999999973e+03
4.865849582741046397e+00 1.059480000000000018e+03
4.870226724783000449e+00 1.034050999999999931e+03
4.874603212576809064e+00 1.015361999999999966e+03
4.878874866650116715e+00 1.003201999999999998e+03
4.883250059796124809e+00 9.945080000000000382e+02
4.887624596944482036e+00 9.878229999999999791e+02
4.891894345129006894e+00 9.831849999999999454e+02
4.896267584172976584e+00 9.794360000000000355e+02
4.900640165470569798e+00 9.743609999999999900e+02
4.904908002685688828e+00 9.694790000000000418e+02
4.909279282423851143e+00 9.637569999999999482e+02
4.913649902667693858e+00 9.586140000000000327e+02
4.917915823835058653e+00 9.528509999999999991e+02
4.922285139065975201e+00 9.529790000000000418e+02
4.926653793055415953e+00 9.517559999999999718e+02
4.930917793098957169e+00 9.503540000000000418e+02
4.935285138623532575e+00 9.512210000000000036e+02
4.939651821160257583e+00 9.543049999999999500e+02
4.943913895006191161e+00 9.576130000000000564e+02
4.948279265627666845e+00 9.621829999999999927e+02
4.952643971515710675e+00 9.679099999999999682e+02
4.956904114092545832e+00 9.760140000000000100e+02
4.961267504616516888e+00 9.847409999999999854e+02
4.965630228662265111e+00 9.817279999999999518e+02
4.969888434900808782e+00 9.717590000000000146e+02
4.974249840135226641e+00 9.639650000000000318e+02
4.978610577147421168e+00 9.586390000000000100e+02
4.982866841980782446e+00 9.545660000000000309e+02
4.987226256735960206e+00 9.533410000000000082e+02
4.991585001525711718e+00 9.503369999999999891e+02
4.995839319889313401e+00 9.484519999999999982e+02
5.000196738977931155e+00 9.481810000000000400e+02
5.004553486358715553e+00 9.461059999999999945e+02
5.008805853190293256e+00 9.441879999999999882e+02
5.013161271427407861e+00 9.424779999999999518e+02
5.017516016215084917e+00 9.409310000000000400e+02
5.021766426454696841e+00 9.408099999999999454e+02
5.026119838657746364e+00 9.422210000000000036e+02
5.030472575670549951e+00 9.433669999999999618e+02
5.034721024260584876e+00 9.435979999999999563e+02
5.039072425249391252e+00 9.472259999999999991e+02
5.043423149307951547e+00 9.521269999999999527e+02
5.047669631193130613e+00 9.565289999999999964e+02
5.052019015789912082e+00 9.624890000000000327e+02
5.056367721717250241e+00 9.703869999999999436e+02
5.060612231844634934e+00 9.753160000000000309e+02
5.064959594874007820e+00 9.689669999999999845e+02
5.069306277495548407e+00 9.577110000000000127e+02
5.073548810814545895e+00 9.511599999999999682e+02
5.077894147103533484e+00 9.462849999999999682e+02
5.082238801247108029e+00 9.441779999999999973e+02
5.086479352709480040e+00 9.400660000000000309e+02
5.090822657087512582e+00 9.362820000000000391e+02
5.095165277583365793e+00 9.348640000000000327e+02
5.099403842143228616e+00 9.342799999999999727e+02
5.103745109442161976e+00 9.315769999999999982e+02
5.108085691122960625e+00 9.292100000000000364e+02
5.112322263736796657e+00 9.248940000000000055e+02
5.116661488790905210e+00 9.237430000000000518e+02
5.121000026491737245e+00 9.218490000000000464e+02
5.125234602118400318e+00 9.204519999999999982e+02
5.129571779764386719e+00 9.196000000000000227e+02
5.133908268322780799e+00 9.200449999999999591e+02
5.138140841923498847e+00 9.185499999999999545e+02
5.142475967000506465e+00 9.177350000000000136e+02
5.146810401256418643e+00 9.174349999999999454e+02
5.151040967794806136e+00 9.181720000000000255e+02
5.155374035144419054e+00 9.159700000000000273e+02
5.159706409940257643e+00 9.141660000000000537e+02
5.163934964382312032e+00 9.152079999999999700e+02
5.168265968848562153e+00 9.134809999999999945e+02
5.172596279029184174e+00 9.113010000000000446e+02
5.176822816343297440e+00 9.120979999999999563e+02
5.181151752772673369e+00 9.103859999999999673e+02
5.185479993185392544e+00 9.097809999999999491e+02
5.189704508342360079e+00 9.093600000000000136e+02
5.194031371583808010e+00 9.100810000000000173e+02
5.198357537078399204e+00 9.077340000000000373e+02
5.202580025051423362e+00 9.072390000000000327e+02
5.206904809956357738e+00 9.061169999999999618e+02
5.211228895385066728e+00 9.061230000000000473e+02
5.215449351149755941e+00 9.045280000000000200e+02
5.219772052572067444e+00 9.037889999999999873e+02
5.224094052789616249e+00 9.024489999999999554e+02
5.228312471324001898e+00 9.037709999999999582e+02
5.232633084120053901e+00 9.028630000000000564e+02
5.236952993983642557e+00 9.010760000000000218e+02
5.241169370268181638e+00 9.003460000000000036e+02
5.245487889296828854e+00 8.988680000000000518e+02
5.249805703666145185e+00 8.986810000000000400e+02
5.254020032683719421e+00 8.980639999999999645e+02
5.258336452806307015e+00 8.968289999999999509e+02
5.262652166543531962e+00 8.964640000000000555e+02
5.266864443279463792e+00 8.952329999999999472e+02
5.271178759359832711e+00 8.952709999999999582e+02
5.275492367329650101e+00 8.964759999999999991e+02
5.279702586771700901e+00 8.957530000000000427e+02
5.284014793676194977e+00 8.947060000000000173e+02
5.288326290745792413e+00 8.937709999999999582e+02
5.292534447884173154e+00 8.931109999999999900e+02
5.296844540481646213e+00 8.940929999999999609e+02
5.301153921520724843e+00 8.952559999999999718e+02
5.305360011348099647e+00 8.941609999999999445e+02
5.309667984509922611e+00 8.950180000000000291e+02
5.313975244390698016e+00 8.954009999999999536e+02
5.318179261902193034e+00 8.991109999999999900e+02
5.322485110502258365e+00 9.018519999999999754e+02
5.326790244099471217e+00 9.076219999999999573e+02
5.330992184292675518e+00 9.132269999999999754e+02
5.335295903207404322e+00 9.201979999999999791e+02
5.339598905398326600e+00 9.307809999999999491e+02
5.343798763273302832e+00 9.397179999999999609e+02
5.348100347381649300e+00 9.332789999999999964e+02
5.352401213046086959e+00 9.197089999999999463e+02
5.356598983605377562e+00 9.088300000000000409e+02
5.360898427788835185e+00 9.000449999999999591e+02
5.365197151809139697e+00 8.968070000000000164e+02
5.369392830057766020e+00 8.925760000000000218e+02
5.373690129200377363e+00 8.892960000000000491e+02
5.377986706461446609e+00 8.847019999999999982e+02
5.382180287406921337e+00 8.806050000000000182e+02
5.386475436395282479e+00 8.793569999999999709e+02
5.390769861784565187e+00 8.730529999999999973e+02
5.394961340436901231e+00 8.709089999999999918e+02
5.399254334160160873e+00 8.676739999999999782e+02
5.403546602567673496e+00 8.658559999999999945e+02
5.407735973939376883e+00 8.638279999999999745e+02
5.412026807289252339e+00 8.621639999999999873e+02
5.416316913607576389e+00 8.622359999999999900e+02
5.420504172713667579e+00 8.616730000000000018e+02
5.424792840584446552e+00 8.610729999999999791e+02
5.429080779708730375e+00 8.621670000000000300e+02
5.433265921566740708e+00 8.633970000000000482e+02
5.437552418855286618e+00 8.609170000000000300e+02
5.441838185683264939e+00 8.569189999999999827e+02
5.446021205313244629e+00 8.548750000000000000e+02
5.450305526919005494e+00 8.542619999999999436e+02
5.454589116350992306e+00 8.536059999999999945e+02
5.458770008775517546e+00 8.495470000000000255e+02
5.463052149600526874e+00 8.482430000000000518e+02
5.467333556539429651e+00 8.473039999999999736e+02
5.471512316783608831e+00 8.468630000000000564e+02
5.475792271732498939e+00 8.440049999999999955e+02
5.480071491083822188e+00 8.439249999999999545e+02
5.484248114175298561e+00 8.444700000000000273e+02
5.488525878155299687e+00 8.409450000000000500e+02
5.492802904827149391e+00 8.397540000000000191e+02
5.496977385796109949e+00 8.381630000000000109e+02
5.501252953717063576e+00 8.344030000000000200e+02
5.505527782620156074e+00 8.357530000000000427e+02
5.509700116499337774e+00 8.351920000000000073e+02
5.513973483273693077e+00 8.324950000000000045e+02
5.518246109321358617e+00 8.324489999999999554e+02
5.522416291146054590e+00 8.287559999999999718e+02
5.526687451688882646e+00 8.289059999999999491e+02
5.530957869797076043e+00 8.260620000000000118e+02
5.535125894605134711e+00 8.270689999999999600e+02
5.539394843834133830e+00 8.244990000000000236e+02
5.543663048921430914e+00 8.233949999999999818e+02
5.547828911753272862e+00 8.200470000000000255e+02
5.552095644588768586e+00 8.198640000000000327e+02
5.556361631576386628e+00 8.198930000000000291e+02
5.560525327475002833e+00 8.189769999999999754e+02
5.564789838839959479e+00 8.187229999999999563e+02
5.569053602651749202e+00 8.184220000000000255e+02
5.573215126662707242e+00 8.180689999999999600e+02
5.577477411482735015e+00 8.180049999999999955e+02
5.581738947045192134e+00 8.162799999999999727e+02
5.585898294216650406e+00 8.164170000000000300e+02
5.590158347420006280e+00 8.175470000000000255e+02
5.594417649662280390e+00 8.167770000000000437e+02
5.598574815044978337e+00 8.184220000000000255e+02
5.602832631562574051e+00 8.210399999999999636e+02
5.607089695416473951e+00 8.240969999999999800e+02
5.611244674063755156e+00 8.297019999999999982e+02
5.615500248829166985e+00 8.289980000000000473e+02
5.619755069229161570e+00 8.224349999999999454e+02
5.623907856196967536e+00 8.174239999999999782e+02
5.628161184146433627e+00 8.135009999999999764e+02
5.632413756029660767e+00 8.109779999999999518e+02
5.636564346376542467e+00 8.085180000000000291e+02
5.640815422448981487e+00 8.082469999999999573e+02
5.645065740755258687e+00 8.055979999999999563e+02
5.649214129542379226e+00 8.043160000000000309e+02
5.653462948679385036e+00 8.031929999999999836e+02
5.657711008351206772e+00 8.021939999999999600e+02
5.661857190642351156e+00 7.999950000000000045e+02
5.666103747788205247e+00 7.993279999999999745e+02
5.670349543770756284e+00 8.010520000000000209e+02
5.674493514632331426e+00 8.010009999999999764e+02
5.678737804734006467e+00 8.013529999999999518e+02
5.682981331975164530e+00 8.041670000000000300e+02
5.687123086476212563e+00 8.077549999999999955e+02
5.691365104483375958e+00 8.107899999999999636e+02
5.695606357933719721e+00 8.189360000000000355e+02
5.699745891145918897e+00 8.232430000000000518e+02
5.703985632010945217e+00 8.186939999999999600e+02
5.708224606623756081e+00 8.128999999999999773e+02
5.712361913621426091e+00 8.068289999999999509e+02
5.716599372299397963e+00 8.039539999999999509e+02
5.720836063030672491e+00 8.016559999999999491e+02
5.724971138890784239e+00 7.985869999999999891e+02
5.729206310339499453e+00 7.968540000000000418e+02
5.733440712147949370e+00 7.955230000000000246e+02
5.737573551950127637e+00 7.957409999999999854e+02
5.741806431130107136e+00 7.928360000000000127e+02
5.746038538977165544e+00 7.897019999999999982e+02
5.750169137803697872e+00 7.877419999999999618e+02
5.754399719678188418e+00 7.869450000000000500e+02
5.758629528528023123e+00 7.855810000000000173e+02
5.762757881463860699e+00 7.830289999999999964e+02
5.766986160998842870e+00 7.833189999999999600e+02
5.771213665818355487e+00 7.834120000000000346e+02
5.775339767951121139e+00 7.850059999999999718e+02
5.779565740115318206e+00 7.835850000000000364e+02
5.783790935874149497e+00 7.847110000000000127e+02
5.787914782294147464e+00 7.857200000000000273e+02
5.792138442059025394e+00 7.835140000000000100e+02
5.796361323729565918e+00 7.806810000000000400e+02
5.800482909529782738e+00 7.799199999999999591e+02
5.804704251869557297e+00 7.778619999999999663e+02
5.808924814426953631e+00 7.775339999999999918e+02
5.813044134703066135e+00 7.775869999999999891e+02
5.817263154594715324e+00 7.771649999999999636e+02
5.821481393016866512e+00 7.762569999999999482e+02
5.825598442867248927e+00 7.746710000000000491e+02
5.829815135290508543e+00 7.749589999999999463e+02
5.834031044558087409e+00 7.728089999999999691e+02
5.838145819083813137e+00 7.728590000000000373e+02
5.842360179021193645e+00 7.728619999999999663e+02
5.846573754117638799e+00 7.708429999999999609e+02
5.850686248422487523e+00 7.703450000000000273e+02
5.854898270859273168e+00 7.705439999999999827e+02
5.859109506770802334e+00 7.706699999999999591e+02
5.863219715961271561e+00 7.729779999999999518e+02
5.867429395885527477e+00 7.704980000000000473e+02
5.871638287601141037e+00 7.714260000000000446e+02
5.875746206786445214e+00 7.703719999999999573e+02
5.879953539189021861e+00 7.696810000000000400e+02
5.884160081700510858e+00 7.706749999999999545e+02
5.888265705992588472e+00 7.693440000000000509e+02
5.892470685867134961e+00 7.690460000000000491e+02
5.896674874169086422e+00 7.714059999999999491e+02
5.900778198682605336e+00 7.722140000000000555e+02
5.904980821025564985e+00 7.724550000000000409e+02
5.909182650115365476e+00 7.753429999999999609e+02
5.913283669967733580e+00 7.731109999999999900e+02
5.917483929778358132e+00 7.745969999999999800e+02
5.921683394656202637e+00 7.750610000000000355e+02
5.925782104967567854e+00 7.775389999999999873e+02
5.929979997247919243e+00 7.803700000000000045e+02
5.934177092916812946e+00 7.800270000000000437e+02
5.938273488810073886e+00 7.854099999999999682e+02
5.942469008565030464e+00 7.774170000000000300e+02
5.946663730030802952e+00 7.820670000000000073e+02
5.950757806631608027e+00 7.896799999999999500e+02
