# q (1/Angstrom), I (arb)
3.028500007152557655e-02 4.673258744920575936e+01
3.085500021457673533e-02 4.597212936850387166e+01
3.142500035762788718e-02 4.549634897507196030e+01
3.199500050067904250e-02 4.526167764157195705e+01
3.256500064373019782e-02 4.516986799111591466e+01
3.313500078678135313e-02 4.511871364552642660e+01
3.370500092983251539e-02 4.511728697184258863e+01
3.427500107288366377e-02 4.466604353045427445e+01
3.484500121593482602e-02 4.415624062292581442e+01
3.541500135898597440e-02 4.355237339174349387e+01
3.598500150203713666e-02 4.332817232533830065e+01
3.655500164508829197e-02 4.319207734752239958e+01
3.712500178813944729e-02 4.303360179550193010e+01
3.769500193119060261e-02 4.267241907159520764e+01
3.826500207424176486e-02 4.191921182024981363e+01
3.883500221729291324e-02 4.145421488530543286e+01
3.940500236034407550e-02 4.151539425822497265e+01
3.997500250339522387e-02 4.167379271302773702e+01
4.054500264644638613e-02 4.167064603767259712e+01
4.111500278949753451e-02 4.111465338996899987e+01
4.168500293254869676e-02 4.011061798708215775e+01
4.225500307559985208e-02 3.949719160647561012e+01
4.282500321865100740e-02 3.944709068943808461e+01
4.339500336170216271e-02 3.937921326864483973e+01
4.396500350475332497e-02 3.911783671437765975e+01
4.453500364780447335e-02 3.889555063356181108e+01
4.510500379085563560e-02 3.878683026844915105e+01
4.567500393390679092e-02 3.860658462226957255e+01
4.624500407695794624e-02 3.828994338295634492e+01
4.681500422000909462e-02 3.757600226714145464e+01
4.738500436306025687e-02 3.699230624975849224e+01
4.795500450611141219e-02 3.667969774814405781e+01
4.852500464916256750e-02 3.641557253931904370e+01
4.909500479221372282e-02 3.615299410051113682e+01
4.966500493526487814e-02 3.582177101029694199e+01
5.023500507831603346e-02 3.551452873144757660e+01
5.080500522136719571e-02 3.515929346323797233e+01
5.137500536441835103e-02 3.464098558837540054e+01
5.194500550746949941e-02 3.426919160598112768e+01
5.251500565052065472e-02 3.408629608825413015e+01
5.308500579357181698e-02 3.399224435877675177e+01
5.365500593662297230e-02 3.377663496596312598e+01
5.422500607967412067e-02 3.337099254712771312e+01
5.479500622272528987e-02 3.299785753314840520e+01
5.536500636577643825e-02 3.247446206968449900e+01
5.593500650882759356e-02 3.203064886927651855e+01
5.650500665187874194e-02 3.166853439986675056e+01
5.707500679492991114e-02 3.127975014102804607e+01
5.764500693798105951e-02 3.094738206780955636e+01
5.821500708103222177e-02 3.065274346639602854e+01
5.878500722408337709e-02 3.036607022035470393e+01
5.935500736713453240e-02 3.002177966357247030e+01
5.992500751018568078e-02 2.957769615385450379e+01
6.049500765323683610e-02 2.934645532620646691e+01
6.106500779628799835e-02 2.922852252615591340e+01
6.163500793933916061e-02 2.895313391647431445e+01
6.220500808239031593e-02 2.864798131081256827e+01
6.277500822544146430e-02 2.829506779823627127e+01
6.334500836849261962e-02 2.757365140994412656e+01
6.391500851154377494e-02 2.701854721844029328e+01
6.448500865459493026e-02 2.668997179494749261e+01
6.505500879764608557e-02 2.638542866278978849e+01
6.562500894069725477e-02 2.606052310794437332e+01
6.619500908374841008e-02 2.576226669900955102e+01
6.676500922679955152e-02 2.534637202065198380e+01
6.733500936985070684e-02 2.502061560008640839e+01
6.790500951290186216e-02 2.459894729398517299e+01
6.847500965595303135e-02 2.421851916370285451e+01
6.904500979900417279e-02 2.383081845565311951e+01
6.961500994205534198e-02 2.353135962003740289e+01
7.018501008510649730e-02 2.336142583345289836e+01
7.075501022815765262e-02 2.314898752675563642e+01
7.132501037120879406e-02 2.277536057467266417e+01
7.189501051425994937e-02 2.236651382031034885e+01
7.246501065731111857e-02 2.209716276904510579e+01
7.303501080036227389e-02 2.180620813129155167e+01
7.360501094341342920e-02 2.144901887693816178e+01
7.417501108646458452e-02 2.105522133593273182e+01
7.474501122951573984e-02 2.071688515423313959e+01
7.531501137256689515e-02 2.042116315181372244e+01
7.588501151561805047e-02 2.014267246126605926e+01
7.645501165866920579e-02 1.997075388952801234e+01
7.702501180172037498e-02 1.978340730932593772e+01
7.759501194477153030e-02 1.930491227706072621e+01
7.816501208782267174e-02 1.891860803539090696e+01
7.873501223087382705e-02 1.838953759211366190e+01
7.930501237392498237e-02 1.803815909689948072e+01
7.987501251697615157e-02 1.788230029955787614e+01
8.044501266002730688e-02 1.768028764111216944e+01
8.101501280307846220e-02 1.740414978176965377e+01
8.158501294612961752e-02 1.711367628693944809e+01
8.215501308918077283e-02 1.666462805064876918e+01
8.272501323223191427e-02 1.611602389695156745e+01
8.329501337528306959e-02 1.575747912365991610e+01
8.386501351833425266e-02 1.572465424817368884e+01
8.443501366138539410e-02 1.555034293353653396e+01
8.500501380443654942e-02 1.515870166728608126e+01
8.557501394748770474e-02 1.486457466430608676e+01
8.614501409053886005e-02 1.456433084502705810e+01
8.671501423359001537e-02 1.418751642857205297e+01
8.728501437664115681e-02 1.388217256048711690e+01
8.785501451969233988e-02 1.364592356419937147e+01
8.842501466274349520e-02 1.353832951879620694e+01
8.899501480579463664e-02 1.327397067678196407e+01
8.956501494884579195e-02 1.286499613835394129e+01
9.013501509189694727e-02 1.258035361493029214e+01
9.070501523494810259e-02 1.237950581054201749e+01
9.127501537799927178e-02 1.214500650644511026e+01
9.184501552105042710e-02 1.188790951819788333e+01
9.241501566410158242e-02 1.160021217341789779e+01
9.298501580715273773e-02 1.146330974126665936e+01
9.355501595020387917e-02 1.132376191794257281e+01
9.412501609325503449e-02 1.100397824672408120e+01
9.469501623630618981e-02 1.067446400045192334e+01
9.526501637935735900e-02 1.051087759266742694e+01
9.583501652240851432e-02 1.035164237559180833e+01
9.640501666545966963e-02 1.014775885176532455e+01
9.697501680851082495e-02 9.940218102425941282e+00
9.754501695156198027e-02 9.620090951786007594e+00
9.811501709461312171e-02 9.331973613498952602e+00
9.868501723766430478e-02 9.098821625801548407e+00
9.925501738071546010e-02 8.846825711237151779e+00
9.982501752376660153e-02 8.784626042103091947e+00
1.003950176668177569e-01 8.760461975680467361e+00
1.009650178098689122e-01 8.624620010900166278e+00
1.015350179529200675e-01 8.358166232250290761e+00
1.021050180959712228e-01 7.978135811463832994e+00
1.026750182390223920e-01 7.737523337418199532e+00
1.032450183820735473e-01 7.513613195571835490e+00
1.038150185251247026e-01 7.321930642319987470e+00
1.043850186681758441e-01 7.279699489795479650e+00
1.049550188112269994e-01 7.176534593796176864e+00
1.055250189542781547e-01 7.065389284555060101e+00
1.060950190973293239e-01 6.846862565554072688e+00
1.066650192403804792e-01 6.696833881513139630e+00
1.072350193834316345e-01 6.464632792131446593e+00
1.078050195264827898e-01 6.233833118070958079e+00
1.083750196695339452e-01 5.998185485246864346e+00
1.089450198125850866e-01 5.775322439694956955e+00
1.095150199556362419e-01 5.610133757238770613e+00
1.100850200986874250e-01 5.555791399286686527e+00
1.106550202417385664e-01 5.556681567928503540e+00
1.112250203847897218e-01 5.567297715121739543e+00
1.117950205278408771e-01 5.464859909402850491e+00
1.123650206708920324e-01 5.278041392337460280e+00
1.129350208139431877e-01 5.132489789531916813e+00
1.135050209569943291e-01 4.989983135723306873e+00
1.140750211000455122e-01 4.828915719892897584e+00
1.146450212430966675e-01 4.651338154240093559e+00
1.152150213861478090e-01 4.519244436918903318e+00
1.157850215291989643e-01 4.389454603029378177e+00
1.163550216722501196e-01 4.267516566997773708e+00
1.169250218153012749e-01 4.204590305547672102e+00
1.174950219583524441e-01 4.042865612970238942e+00
1.180650221014035994e-01 3.918409409912005259e+00
1.186350222444547547e-01 3.845299368014011065e+00
1.192050223875059101e-01 3.673105567185068310e+00
1.197750225305570515e-01 3.626522429711787510e+00
1.203450226736082068e-01 3.556977822477634277e+00
1.209150228166593621e-01 3.450304411054979425e+00
1.214850229597105313e-01 3.379734210220370016e+00
1.220550231027616866e-01 3.296467732295170094e+00
1.226250232458128420e-01 3.126461339818543905e+00
1.231950233888639973e-01 2.903226299415869960e+00
1.237650235319151526e-01 2.874505124345414941e+00
1.243350236749662940e-01 2.944461767257703144e+00
1.249050238180174771e-01 2.899116815407179359e+00
1.254750239610686324e-01 2.729052316869264416e+00
1.260450241041197739e-01 2.623355518695859701e+00
1.266150242471709431e-01 2.608952158475471350e+00
1.271850243902220845e-01 2.528455271844812557e+00
1.277550245332732259e-01 2.425934382574588710e+00
1.283250246763243951e-01 2.423792272532431014e+00
1.288950248193755643e-01 2.426456272958347427e+00
1.294650249624267058e-01 2.328441886288576512e+00
1.300350251054778750e-01 2.228181410577317223e+00
1.306050252485290164e-01 2.086199702977260984e+00
1.311750253915801856e-01 2.061050707961765482e+00
1.317450255346313270e-01 2.112035306337212148e+00
1.323150256776824685e-01 2.042318797544780296e+00
1.328850258207336377e-01 2.013814138548653432e+00
1.334550259637848069e-01 1.938206722854154407e+00
1.340250261068359483e-01 1.825613643306486011e+00
1.345950262498871175e-01 1.722797686107064408e+00
1.351650263929382589e-01 1.661733893907655357e+00
1.357350265359894281e-01 1.713883928128282719e+00
1.363050266790405696e-01 1.717871349678325998e+00
1.368750268220917110e-01 1.582724312849826731e+00
1.374450269651429080e-01 1.405532715332615368e+00
1.380150271081940494e-01 1.300663886533349967e+00
1.385850272512451908e-01 1.306731602784058310e+00
1.391550273942963600e-01 1.295072848260303999e+00
1.397250275373475015e-01 1.285889466269438230e+00
1.402950276803986707e-01 1.277642616159305078e+00
1.408650278234498399e-01 1.372971812207936182e+00
1.414350279665009813e-01 1.405851636079638922e+00
1.420050281095521505e-01 1.383754500974173851e+00
1.425750282526032919e-01 1.386936768083547378e+00
1.431450283956544334e-01 1.322092330274621474e+00
1.437150285387056026e-01 1.248036023095011160e+00
1.442850286817567440e-01 1.195489663254779344e+00
1.448550288248079132e-01 1.200620332164266557e+00
1.454250289678590824e-01 1.112398898972330130e+00
1.459950291109102238e-01 1.022681559628004777e+00
1.465650292539613930e-01 1.091254863970853251e+00
1.471350293970125345e-01 1.160123363423608112e+00
1.477050295400636759e-01 1.043679569622465664e+00
1.482750296831148729e-01 8.801538994191631105e-01
1.488450298261660143e-01 8.094481796871235701e-01
1.494150299692171557e-01 8.120648508368759622e-01
1.499850301122683249e-01 8.155293311416684787e-01
1.505550302553194664e-01 8.502208173709533412e-01
1.511250303983706356e-01 9.258718181441913941e-01
1.516950305414217770e-01 9.128364561427915191e-01
1.522650306844729462e-01 7.930698979273032023e-01
1.528350308275241154e-01 7.652975729624671430e-01
1.534050309705752568e-01 7.782901985177232973e-01
1.539750311136264260e-01 7.526315498056348474e-01
1.545450312566775675e-01 7.599418254440948317e-01
1.551150313997287089e-01 8.163561363608664578e-01
1.556850315427799059e-01 8.218128056356199806e-01
1.562550316858310473e-01 7.562179484721305300e-01
1.568250318288821887e-01 7.690064153444353678e-01
1.573950319719333579e-01 7.677362014301678528e-01
1.579650321149844994e-01 7.529068888948202698e-01
1.585350322580356686e-01 6.895219341744791564e-01
1.591050324010868100e-01 6.960202153533572300e-01
1.596750325441379792e-01 6.888229331494564178e-01
1.602450326871891484e-01 6.491334586746262403e-01
1.608150328302402898e-01 5.792727901941923108e-01
1.613850329732914313e-01 5.982187651391264183e-01
1.619550331163426005e-01 6.331863290257011556e-01
1.625250332593937419e-01 6.257516229359900706e-01
1.630950334024449111e-01 6.479064066761139884e-01
1.636650335454960803e-01 6.697067840058963384e-01
1.642350336885472217e-01 7.015399067511900455e-01
1.648050338315983909e-01 6.577813549928599457e-01
1.653750339746495324e-01 5.576426340857842945e-01
1.659450341177006738e-01 5.725690760614874364e-01
1.665150342607518430e-01 6.321464108869214726e-01
1.670850344038030122e-01 6.369008113086103151e-01
1.676550345468541536e-01 5.629592737577731043e-01
1.682250346899053228e-01 5.419097804389281237e-01
1.687950348329564643e-01 5.176072652935026497e-01
1.693650349760076335e-01 5.007041639962785951e-01
1.699350351190587749e-01 5.159274788330669992e-01
1.705050352621099163e-01 5.486971313568673736e-01
1.710750354051611133e-01 6.057503991256503184e-01
1.716450355482122547e-01 6.043930069758225443e-01
1.722150356912633962e-01 6.570629659312459125e-01
1.727850358343145654e-01 6.829021343321421966e-01
1.733550359773657068e-01 6.752476889773753044e-01
1.739250361204168760e-01 6.802059057901210792e-01
1.744950362634680452e-01 6.656964981992352648e-01
1.750650364065191866e-01 6.640213398933028088e-01
1.756350365495703558e-01 7.105873991100182252e-01
1.762050366926214973e-01 6.454623013181297608e-01
1.767750368356726387e-01 6.164850491079114647e-01
1.773450369787238079e-01 5.839070457869688369e-01
1.779150371217749493e-01 5.750768436745659073e-01
1.784850372648261185e-01 5.630095189408663714e-01
1.790550374078772877e-01 5.753867714040197257e-01
1.796250375509284292e-01 6.126738437705974150e-01
1.801950376939795984e-01 5.996457826085652698e-01
1.807650378370307398e-01 6.102830928157132462e-01
1.813350379800818812e-01 6.223227771817505527e-01
1.819050381231330782e-01 5.738298325665809330e-01
1.824750382661842196e-01 5.814687579214066204e-01
1.830450384092353611e-01 5.718699803631537293e-01
1.836150385522865303e-01 5.339729961660140134e-01
1.841850386953376717e-01 5.409970136251622819e-01
1.847550388383888409e-01 6.033347592915490054e-01
1.853250389814399823e-01 6.406189151618164601e-01
1.858950391244911515e-01 6.321889836648466598e-01
1.864650392675423207e-01 6.271828064080580134e-01
1.870350394105934622e-01 6.255360316349900529e-01
1.876050395536446036e-01 6.307013368449290169e-01
1.881750396966957728e-01 6.030618700234064988e-01
1.887450398397469142e-01 5.520759887784905118e-01
1.893150399827980834e-01 5.562174258875032251e-01
1.898850401258492526e-01 5.846329080902563646e-01
1.904550402689003941e-01 6.062271155837493097e-01
1.910250404119515633e-01 6.498361191801507175e-01
1.915950405550027047e-01 6.066129738585459563e-01
1.921650406980538461e-01 5.740029582527412799e-01
1.927350408411050153e-01 5.999784086794619498e-01
1.933050409841561845e-01 5.627274474460364218e-01
1.938750411272073260e-01 4.959591720679803473e-01
1.944450412702584952e-01 4.826723933321837023e-01
1.950150414133096366e-01 5.628471074719527678e-01
1.955850415563608058e-01 5.894228499297042845e-01
1.961550416994119472e-01 5.644377055124607523e-01
1.967250418424630887e-01 5.958798323636784744e-01
1.972950419855142856e-01 5.719373224706032488e-01
1.978650421285654271e-01 5.717230766466414593e-01
1.984350422716165685e-01 5.991768646264823417e-01
1.990050424146677377e-01 5.875759504084854257e-01
1.995750425577188791e-01 5.699333975075830949e-01
2.001450427007700483e-01 5.806647835343135000e-01
2.007150428438212453e-01 6.130101437169912515e-01
2.012850429868723590e-01 5.863594722498284284e-01
2.018550431299235282e-01 5.797972385896095204e-01
2.024250432729746696e-01 5.569293683729057420e-01
2.029950434160258388e-01 4.857568704274513038e-01
2.035650435590769802e-01 5.281748749020991340e-01
2.041350437021281494e-01 5.760360864803750758e-01
2.047050438451793186e-01 5.687326578745555139e-01
2.052750439882304601e-01 5.039146287262639134e-01
2.058450441312816293e-01 4.869487260177969290e-01
2.064150442743327707e-01 5.514873334022318829e-01
2.069850444173839399e-01 6.105862341228878165e-01
2.075550445604350536e-01 6.348636928050126471e-01
2.081250447034862505e-01 6.549309361330344359e-01
2.086950448465374197e-01 6.495661995262800303e-01
2.092650449895885334e-01 6.714190811100344547e-01
2.098350451326397303e-01 6.718652869670229677e-01
2.104050452756908440e-01 6.436059930642450411e-01
2.109750454187420132e-01 5.693632875749550237e-01
2.115450455617931547e-01 4.906531735153514262e-01
2.121150457048443239e-01 4.173374383036865254e-01
2.126850458478954931e-01 4.762848441685498813e-01
2.132550459909466345e-01 4.966866326376333518e-01
2.138250461339978037e-01 4.700045244657324872e-01
2.143950462770489451e-01 5.042621924514527620e-01
2.149650464201001143e-01 5.599735653575699246e-01
2.155350465631512835e-01 5.312463638242306274e-01
2.161050467062024250e-01 5.038344384256276953e-01
2.166750468492535942e-01 5.030145195139965608e-01
2.172450469923047356e-01 4.738095236162536139e-01
2.178150471353559048e-01 4.879423666153215322e-01
2.183850472784070185e-01 5.505337573608848345e-01
2.189550474214582154e-01 5.917505763654311579e-01
2.195250475645093846e-01 5.809644070156529949e-01
2.200950477075604983e-01 5.299921713535695744e-01
2.206650478506116952e-01 5.209903823916164356e-01
2.212350479936628089e-01 5.633007437602657319e-01
2.218050481367139781e-01 5.733166468709818275e-01
2.223750482797651196e-01 4.867716912655382089e-01
2.229450484228162888e-01 4.301645813270020824e-01
2.235150485658674580e-01 4.145852514772521147e-01
2.240850487089185994e-01 4.383653265724660741e-01
2.246550488519697686e-01 4.155237730748240210e-01
2.252250489950209100e-01 3.642457140174251151e-01
2.257950491380720792e-01 3.689202523229795361e-01
2.263650492811232207e-01 3.516888063548719856e-01
2.269350494241743899e-01 3.696197880828009374e-01
2.275050495672255590e-01 4.196817164180934867e-01
2.280750497102767005e-01 4.175939951038927234e-01
2.286450498533278697e-01 4.192761799349042917e-01
2.292150499963789834e-01 4.717815629223558460e-01
2.297850501394301803e-01 4.959191070102946242e-01
2.303550502824812940e-01 5.132445416825568429e-01
2.309250504255324632e-01 4.983222137738216873e-01
2.314950505685836046e-01 4.951019385440034171e-01
2.320650507116347738e-01 5.168126499789842399e-01
2.326350508546859430e-01 5.115982500241464948e-01
2.332050509977370845e-01 4.275266124703840376e-01
2.337750511407882537e-01 3.859159270328476055e-01
2.343450512838393951e-01 4.182665383662502734e-01
2.349150514268905643e-01 4.062512140443779174e-01
2.354850515699417057e-01 3.993144221003888106e-01
2.360550517129928749e-01 4.108741252127998678e-01
2.366250518560440441e-01 4.235847504866008251e-01
2.371950519990951856e-01 3.853485956869242557e-01
2.377650521421463548e-01 3.262888048559169363e-01
2.383350522851974684e-01 3.372591856676727673e-01
2.389050524282486654e-01 3.602406893065221993e-01
2.394750525712997791e-01 3.713226525377919529e-01
2.400450527143509483e-01 3.949348034907949057e-01
2.406150528574021452e-01 3.908493728180992832e-01
2.411850530004532589e-01 4.019599274382912313e-01
2.417550531435044281e-01 4.621277746141494447e-01
2.423250532865555695e-01 4.992643910036420607e-01
2.428950534296067387e-01 4.964290174383201304e-01
2.434650535726578802e-01 4.767724163023849826e-01
2.440350537157090494e-01 3.977128999886687666e-01
2.446050538587602186e-01 3.618515472605245975e-01
2.451750540018113600e-01 3.247368467288254124e-01
2.457450541448625292e-01 3.650985009686671390e-01
2.463150542879136706e-01 3.869188879319409580e-01
2.468850544309648398e-01 4.035605781947104731e-01
2.474550545740160090e-01 3.926913882050619975e-01
2.480250547170671505e-01 3.867228990003788169e-01
2.485950548601183197e-01 4.047887172845037185e-01
2.491650550031694333e-01 4.425556624589646049e-01
2.497350551462206303e-01 4.683897271232204673e-01
2.503050552892717717e-01 4.121830905893197894e-01
2.508750554323229132e-01 3.379007765184312007e-01
2.514450555753741101e-01 2.953669769506994669e-01
2.520150557184252516e-01 3.642274573095782841e-01
2.525850558614763930e-01 4.003427577989207009e-01
2.531550560045275344e-01 3.710600903413805440e-01
2.537250561475787314e-01 3.272998150605914702e-01
2.542950562906298173e-01 3.021695622448241636e-01
2.548650564336810143e-01 3.079019602059140936e-01
2.554350565767322112e-01 3.205168147731676243e-01
2.560050567197832971e-01 2.727708065277134608e-01
2.565750568628344941e-01 2.092705149576552515e-01
2.571450570058856355e-01 1.553094566570578650e-02
2.577150571489367770e-01 1.036751256179364589e-01
2.582850572919879184e-01 2.846133272140249915e-01
2.588550574350391154e-01 3.309305370513122568e-01
2.594250575780902568e-01 3.311095217527686430e-01
2.599950577211413982e-01 2.988880725456262155e-01
2.605650578641925952e-01 3.113149003062822828e-01
2.611350580072437366e-01 3.085733876685061716e-01
2.617050581502948781e-01 3.177282807777537244e-01
2.622750582933460750e-01 3.444733933170880391e-01
2.628450584363972165e-01 3.621649740095413961e-01
2.634150585794483579e-01 3.039109020384032078e-01
2.639850587224994993e-01 2.625743298545764048e-01
2.645550588655506963e-01 2.351712256040556781e-01
2.651250590086017822e-01 2.079485288183597902e-01
2.656950591516529792e-01 2.492852020621363351e-01
2.662650592947041761e-01 2.844538829930804980e-01
2.668350594377552620e-01 2.787097433075871322e-01
2.674050595808064590e-01 2.599583110339267478e-01
2.679750597238576004e-01 2.089892713761472010e-01
2.685450598669087419e-01 2.397375034633313362e-01
2.691150600099598833e-01 3.050336206322299404e-01
2.696850601530110803e-01 3.393238035232535310e-01
2.702550602960622217e-01 3.021189706196523161e-01
2.708250604391133631e-01 2.680249836045405232e-01
2.713950605821645601e-01 2.990529058872759549e-01
2.719650607252157015e-01 3.398046224508206592e-01
2.725350608682668430e-01 3.681129928675765939e-01
2.731050610113179844e-01 3.622109542566711582e-01
2.736750611543691813e-01 2.790029031293741468e-01
2.742450612974203228e-01 2.131298661164500174e-01
2.748150614404714642e-01 2.185004268076546907e-01
2.753850615835226612e-01 2.553697535630838900e-01
2.759550617265737471e-01 2.929630121365605078e-01
2.765250618696249441e-01 3.030512204454964831e-01
2.770950620126760855e-01 3.115538805721485005e-01
2.776650621557272269e-01 3.208322277899249286e-01
2.782350622987784239e-01 3.131712236613317657e-01
2.788050624418295653e-01 3.136196117761471669e-01
2.793750625848807068e-01 3.353068733144048963e-01
2.799450627279318482e-01 3.529103522546748195e-01
2.805150628709830452e-01 3.174731114048157110e-01
2.810850630140341866e-01 2.988568617238911429e-01
2.816550631570853280e-01 2.931596446224453700e-01
2.822250633001365250e-01 3.001336271088135277e-01
2.827950634431876664e-01 3.150130190889868231e-01
2.833650635862388079e-01 3.338083298767529072e-01
2.839350637292899493e-01 3.482572895743416552e-01
2.845050638723411462e-01 3.849229730572645281e-01
2.850750640153922877e-01 4.147080222279448947e-01
2.856450641584434291e-01 3.794509374402679214e-01
2.862150643014946261e-01 3.960840266791088027e-01
2.867850644445457120e-01 4.411408518202009077e-01
2.873550645875969090e-01 3.634401647610872033e-01
2.879250647306480504e-01 3.863853980220390838e-01
2.884950648736991918e-01 9.281370850443977361e-01
2.890650650167503888e-01 3.639458708769893747e-01
2.896350651598015302e-01 3.102412399232186146e-01
2.902050653028526717e-01 3.288621228443382449e-01
2.907750654459038131e-01 3.521648521686131517e-01
2.913450655889550100e-01 2.945473288387709943e-01
2.919150657320061515e-01 1.961152641044030531e-01
2.924850658750572929e-01 2.082077668865700559e-01
2.930550660181084899e-01 2.211963948866504381e-01
2.936250661611596313e-01 1.363828139947749207e-01
2.941950663042107728e-01 1.321487479131668863e-01
2.947650664472619142e-01 1.555136485650230327e-01
2.953350665903131111e-01 2.456536354547615986e-01
2.959050667333641971e-01 3.478741933917177676e-01
2.964750668764153940e-01 3.974393388044212827e-01
2.970450670194665910e-01 3.740433729024985610e-01
2.976150671625176769e-01 3.324925831252336650e-01
2.981850673055688739e-01 2.639024181722575690e-01
2.987550674486200153e-01 1.933226875883633511e-01
2.993250675916711567e-01 1.923472450696337432e-01
2.998950677347223537e-01 1.848215062883831195e-01
3.004650678777734951e-01 2.045006881320539094e-01
3.010350680208246921e-01 2.414727139918859677e-01
3.016050681638757780e-01 2.833347587601622308e-01
3.021750683069269749e-01 3.598740957925379291e-01
3.027450684499781164e-01 3.673443029539065208e-01
3.033150685930292578e-01 3.610692355861004899e-01
3.038850687360804548e-01 3.262873250633901989e-01
3.044550688791315962e-01 2.746940016165133613e-01
3.050250690221827377e-01 2.778629156324186056e-01
3.055950691652338791e-01 2.812814997620698421e-01
3.061650693082850760e-01 3.031619556636293566e-01
3.067350694513362175e-01 3.229437359405658015e-01
3.073050695943873589e-01 3.370158687241726625e-01
3.078750697374385559e-01 2.794349263127813288e-01
3.084450698804896973e-01 2.358156895647063322e-01
3.090150700235408388e-01 2.415931445738230821e-01
3.095850701665919802e-01 2.199748777455106108e-01
3.101550703096431771e-01 2.563604814980990909e-01
3.107250704526942631e-01 2.626794151489093565e-01
3.112950705957454600e-01 2.480951393759873724e-01
3.118650707387966570e-01 2.693313933874534882e-01
3.124350708818477429e-01 3.093430486287118697e-01
3.130050710248989398e-01 3.238794756038281264e-01
3.135750711679500813e-01 3.146733714916720714e-01
3.141450713110012227e-01 3.059522513420240841e-01
3.147150714540524197e-01 2.316590811640573122e-01
3.152850715971035611e-01 2.296054892222123556e-01
3.158550717401547026e-01 3.010211371173028283e-01
3.164250718832058440e-01 3.511474087390524801e-01
3.169950720262570409e-01 4.013579584512818599e-01
3.175650721693081824e-01 2.763601470984475839e-01
3.181350723123593238e-01 2.465607758341441524e-01
3.187050724554105208e-01 2.774369130790539373e-01
3.192750725984616622e-01 2.973521637741534107e-01
3.198450727415128036e-01 2.751727108455099824e-01
3.204150728845639451e-01 3.251355507480049312e-01
3.209850730276151420e-01 4.712169042133851349e-01
3.215550731706662280e-01 4.923796356824219345e-01
3.221250733137174249e-01 3.863166158765132252e-01
3.226950734567686219e-01 2.923268281964581661e-01
3.232650735998197078e-01 3.125684239218315952e-01
3.238350737428709047e-01 3.116977186055933657e-01
3.244050738859220462e-01 2.723213987136610115e-01
3.249750740289731876e-01 2.169774957348700184e-01
3.255450741720243291e-01 2.657317580909470678e-01
3.261150743150755260e-01 3.248048073767115795e-01
3.266850744581266675e-01 3.085468808967988252e-01
3.272550746011778089e-01 3.104750036606240826e-01
3.278250747442290058e-01 3.285121820322665087e-01
3.283950748872801473e-01 3.303100005648680337e-01
3.289650750303312887e-01 3.210174847777835794e-01
3.295350751733824302e-01 3.144242143295024050e-01
3.301050753164336271e-01 3.191957649779197936e-01
3.306750754594847685e-01 3.115207964212025615e-01
3.312450756025359100e-01 2.845263861187738996e-01
3.318150757455871069e-01 2.798920478022850489e-01
3.323850758886381929e-01 2.860624657293726614e-01
3.329550760316893898e-01 2.809059176763746279e-01
3.335250761747405868e-01 2.960723546409127493e-01
3.340950763177916727e-01 3.191311838136527967e-01
3.346650764608428696e-01 3.275006158564437442e-01
3.352350766038940111e-01 3.006642336659908210e-01
3.358050767469451525e-01 3.058099272197374319e-01
3.363750768899962940e-01 2.931691178809217035e-01
3.369450770330474909e-01 2.775632401894654322e-01
3.375150771760986323e-01 2.156306046691831568e-01
3.380850773191497738e-01 2.414212193018911989e-01
3.386550774622009707e-01 3.079293112855410186e-01
3.392250776052521122e-01 2.891105480774065484e-01
3.397950777483032536e-01 2.609760372441023435e-01
3.403650778913543951e-01 2.636209388721439950e-01
3.409350780344055920e-01 2.651843876718231741e-01
3.415050781774567334e-01 2.712762061280891146e-01
3.420750783205078749e-01 2.844395172240226088e-01
3.426450784635590718e-01 3.084959050011484294e-01
3.432150786066101578e-01 3.040605530142350688e-01
3.437850787496613547e-01 2.815936653936539358e-01
3.443550788927124962e-01 2.292593181772453192e-01
3.449250790357636376e-01 2.083465101101005246e-01
3.454950791788148345e-01 1.719840844652864575e-01
3.460650793218659760e-01 1.811574604691550405e-01
3.466350794649171174e-01 2.447457702766087095e-01
3.472050796079682589e-01 2.840124466610518539e-01
3.477750797510194558e-01 2.645689802773780741e-01
3.483450798940705972e-01 2.569400583375767155e-01
3.489150800371217387e-01 2.796698574715144048e-01
3.494850801801729356e-01 2.506963635557895032e-01
3.500550803232240771e-01 2.470692355857906364e-01
3.506250804662752185e-01 3.110036559814943757e-01
3.511950806093263600e-01 3.271685456583242058e-01
3.517650807523775569e-01 2.668822315374121956e-01
3.523350808954286983e-01 2.267662922047009033e-01
3.529050810384798398e-01 2.377252200706472252e-01
3.534750811815310367e-01 2.559816728020614107e-01
3.540450813245821227e-01 2.479741008050169171e-01
3.546150814676333196e-01 2.717102811291596254e-01
3.551850816106844611e-01 2.700759439177673471e-01
3.557550817537356025e-01 2.750113859761675883e-01
3.563250818967867994e-01 2.625330366493798806e-01
3.568950820398379409e-01 2.588918687843779765e-01
3.574650821828890823e-01 2.896685255134094916e-01
3.580350823259402238e-01 3.012605957683369695e-01
3.586050824689914207e-01 3.147521124251007052e-01
3.591750826120425621e-01 3.192575201545473362e-01
3.597450827550937036e-01 2.406370315428603135e-01
3.603150828981449005e-01 1.964921773984222853e-01
3.608850830411960420e-01 2.268749408468195838e-01
3.614550831842471834e-01 2.430899679639111355e-01
3.620250833272983249e-01 2.876463289962281067e-01
3.625950834703495218e-01 2.556177170605344884e-01
3.631650836134006077e-01 2.574686958642899981e-01
3.637350837564518047e-01 2.552090643586346630e-01
3.643050838995030016e-01 2.991913836690969219e-01
3.648750840425540876e-01 2.737882778268954098e-01
3.654450841856052845e-01 2.724752178504914468e-01
3.660150843286564259e-01 3.332172210678940871e-01
3.665850844717075674e-01 2.970999795691113832e-01
3.671550846147587643e-01 2.333035753220187303e-01
3.677250847578099058e-01 2.244852464214055487e-01
3.682950849008610472e-01 2.596728971234121275e-01
3.688650850439121887e-01 2.845451025204681628e-01
3.694350851869633856e-01 2.799464304975280982e-01
3.700050853300145270e-01 2.964439987973754853e-01
3.705750854730656685e-01 3.175381311058096401e-01
3.711450856161168654e-01 2.942359418180480191e-01
3.717150857591680069e-01 3.048346295561543684e-01
3.722850859022191483e-01 2.763660303219417358e-01
3.728550860452702898e-01 2.275052017742318355e-01
3.734250861883214867e-01 1.997035733653653722e-01
3.739950863313725726e-01 1.791610957754876665e-01
3.745650864744237696e-01 1.250250682303430949e-01
3.751350866174749665e-01 1.252117911265848704e-01
3.757050867605260525e-01 1.579019065593705307e-01
3.762750869035772494e-01 1.765650662870683618e-01
3.768450870466283908e-01 2.034077436224279722e-01
3.774150871896795323e-01 2.249922710534271175e-01
3.779850873327306737e-01 2.556509201608712090e-01
3.785550874757818707e-01 2.711331409391419811e-01
3.791250876188330121e-01 2.420300089056439674e-01
3.796950877618841536e-01 2.288209099397100488e-01
3.802650879049353505e-01 2.039905507465746837e-01
3.808350880479864919e-01 2.316276344415797439e-01
3.814050881910376334e-01 2.512982312165057408e-01
3.819750883340887748e-01 2.700861453380767330e-01
3.825450884771399718e-01 2.676348539287474182e-01
3.831150886201911132e-01 2.693339776090404314e-01
3.836850887632422547e-01 2.381056206516518614e-01
3.842550889062934516e-01 2.241497738873974299e-01
3.848250890493445375e-01 2.456032936930121480e-01
3.853950891923957345e-01 2.560148460500286660e-01
3.859650893354469314e-01 2.684779494480622475e-01
3.865350894784980174e-01 2.116895079085203690e-01
3.871050896215492143e-01 2.226414077200971064e-01
3.876750897646003557e-01 2.141235385414326231e-01
3.882450899076514972e-01 1.831939928859966926e-01
3.888150900507026386e-01 2.605825913274166794e-01
3.893850901937538356e-01 2.899539669417343646e-01
3.899550903368049770e-01 2.682362265194093709e-01
3.905250904798561185e-01 2.326558730367231931e-01
3.910950906229073154e-01 2.032721194451418967e-01
3.916650907659584568e-01 1.886159700415070972e-01
3.922350909090095983e-01 1.879543042617690674e-01
3.928050910520607397e-01 2.089508829210622309e-01
3.933750911951119367e-01 2.076064316089265560e-01
3.939450913381630781e-01 2.090587052966697001e-01
3.945150914812142195e-01 2.363203430006635131e-01
3.950850916242654165e-01 2.400244711269046149e-01
3.956550917673165024e-01 1.887130124863674041e-01
3.962250919103676994e-01 2.193007717557122760e-01
3.967950920534188408e-01 2.721149124491155646e-01
3.973650921964699823e-01 2.996968543765241577e-01
3.979350923395211792e-01 2.692682253089913047e-01
3.985050924825723206e-01 2.045930191148457311e-01
3.990750926256234621e-01 1.855459495771896172e-01
3.996450927686746035e-01 1.758353180436529328e-01
4.002150929117258560e-01 2.008248265730010473e-01
4.007850930547769974e-01 2.523770245196850226e-01
4.013550931978280834e-01 2.606970469213187869e-01
4.019250933408792803e-01 1.933631795590464719e-01
4.024950934839304217e-01 1.431255941737212822e-01
4.030650936269816187e-01 1.609833561011981828e-01
4.036350937700327046e-01 1.862570295591865488e-01
4.042050939130839016e-01 2.427576451027455562e-01
4.047750940561350430e-01 2.605890524280312093e-01
4.053450941991862400e-01 2.254344388346503081e-01
4.059150943422373814e-01 2.038275728903258255e-01
4.064850944852884673e-01 2.214384758491974026e-01
4.070550946283396643e-01 2.494842185116858957e-01
4.076250947713908612e-01 2.301965891216291027e-01
4.081950949144420027e-01 2.255696388792749474e-01
4.087650950574931996e-01 2.619158430659425107e-01
4.093350952005442855e-01 2.594781247398678659e-01
4.099050953435954270e-01 2.486916863768087183e-01
4.104750954866466239e-01 2.415919553508487638e-01
4.110450956296978209e-01 2.242082569595211794e-01
4.116150957727489068e-01 2.142221651490885392e-01
4.121850959158000482e-01 2.490925635785501413e-01
4.127550960588512452e-01 2.590282145226758814e-01
4.133250962019023866e-01 2.441130212747744110e-01
4.138950963449535836e-01 2.719981757196165972e-01
4.144650964880046695e-01 2.610639348081811306e-01
4.150350966310558665e-01 2.193619096273558000e-01
4.156050967741070079e-01 2.402700842653544555e-01
4.161750969171582049e-01 2.827859230509446320e-01
4.167450970602093463e-01 2.756332163923467249e-01
4.173150972032604322e-01 2.901757126208508453e-01
4.178850973463116292e-01 3.130663295822202485e-01
4.184550974893628261e-01 3.131239832888361718e-01
4.190250976324139676e-01 3.135237744931416159e-01
4.195950977754651645e-01 2.493500064723583876e-01
4.201650979185162504e-01 2.099804785694807663e-01
4.207350980615673919e-01 2.139287667486833300e-01
4.213050982046185888e-01 2.259037170758979585e-01
4.218750983476697858e-01 1.471755986786398296e-01
4.224450984907208717e-01 1.101623157328646130e-01
4.230150986337720131e-01 1.476864807459890017e-01
4.235850987768232101e-01 2.317630526796357060e-01
4.241550989198743515e-01 2.467935595099675083e-01
4.247250990629255485e-01 1.938263483448139368e-01
4.252950992059766344e-01 1.924599325752005541e-01
4.258650993490278314e-01 2.345362447264101036e-01
4.264350994920789728e-01 2.700500505520437855e-01
4.270050996351301698e-01 2.643822215951345811e-01
4.275750997781813112e-01 2.567784421365075787e-01
4.281450999212323971e-01 2.771842249914655554e-01
4.287151000642835941e-01 2.668034350852650505e-01
4.292851002073347910e-01 2.606701035309875181e-01
4.298551003503859325e-01 2.542417792500515361e-01
4.304251004934370184e-01 2.473481494934013369e-01
4.309951006364882153e-01 3.100884042879812341e-01
4.315651007795393568e-01 3.555181078398739203e-01
4.321351009225905537e-01 3.479304778675320620e-01
4.327051010656416397e-01 2.955497715731496555e-01
4.332751012086928366e-01 2.194686114192627713e-01
4.338451013517439780e-01 2.266087188277339237e-01
4.344151014947951750e-01 2.276525667673325870e-01
4.349851016378463164e-01 2.816251116951420386e-01
4.355551017808974024e-01 3.696809143362393968e-01
4.361251019239485993e-01 3.937560241452082721e-01
4.366951020669997963e-01 3.051605845932350292e-01
4.372651022100509377e-01 2.492738868484529746e-01
4.378351023531020236e-01 2.530394976021987929e-01
4.384051024961532206e-01 2.414235025833697534e-01
4.389751026392043620e-01 1.799971796996686635e-01
4.395451027822555590e-01 1.930597565833807039e-01
4.401151029253067559e-01 1.697810169934790281e-01
4.406851030683578418e-01 1.549571097259558883e-01
4.412551032114089833e-01 2.043315283373132729e-01
4.418251033544601802e-01 2.726781294170841363e-01
4.423951034975113217e-01 2.701361536113360273e-01
4.429651036405625186e-01 2.269926926148038149e-01
4.435351037836136046e-01 2.213632928397935018e-01
4.441051039266648015e-01 2.665919434218082529e-01
4.446751040697159429e-01 2.633572287526746436e-01
4.452451042127671399e-01 2.338825504688131218e-01
4.458151043558182813e-01 2.279640900368136158e-01
4.463851044988693673e-01 2.125923606923052489e-01
4.469551046419205642e-01 2.235529268322373753e-01
4.475251047849717612e-01 2.536997166031511597e-01
4.480951049280229026e-01 2.720199904553908254e-01
4.486651050710739885e-01 2.662774300214820755e-01
4.492351052141251855e-01 2.359150047805940176e-01
4.498051053571763269e-01 1.945735251053548609e-01
4.503751055002275239e-01 2.261213081900024235e-01
4.509451056432787208e-01 2.318262202489442814e-01
4.515151057863298067e-01 2.012746554170412594e-01
4.520851059293809482e-01 2.230625506311803008e-01
4.526551060724321451e-01 2.451492126735317356e-01
4.532251062154832866e-01 2.416158903059901775e-01
4.537951063585344835e-01 2.751215336906547293e-01
4.543651065015855695e-01 2.697926642821464327e-01
4.549351066446367664e-01 2.365284092687502948e-01
4.555051067876879078e-01 2.498769228956518873e-01
4.560751069307391048e-01 2.659666240844558160e-01
4.566451070737901907e-01 2.448621613923940288e-01
4.572151072168413322e-01 2.049467644387519272e-01
4.577851073598925291e-01 1.826864918033557217e-01
4.583551075029437261e-01 1.980096265432749192e-01
4.589251076459948675e-01 2.201213501747361079e-01
4.594951077890459534e-01 1.814890877160095783e-01
4.600651079320971504e-01 1.818275735788326131e-01
4.606351080751482918e-01 1.949677865966670254e-01
4.612051082181994888e-01 1.946950416388020244e-01
4.617751083612506857e-01 1.783358018773277820e-01
4.623451085043017716e-01 1.725774319399917545e-01
4.629151086473529131e-01 1.747173916199642463e-01
4.634851087904041100e-01 1.923958913034304885e-01
4.640551089334552515e-01 2.546353666790857062e-01
4.646251090765064484e-01 2.780205565190705386e-01
4.651951092195575344e-01 2.458706137243247269e-01
4.657651093626087313e-01 1.774068552578569324e-01
4.663351095056598727e-01 1.266794277105844913e-01
4.669051096487110697e-01 1.621577215370990643e-01
4.674751097917621556e-01 2.469893472217314923e-01
4.680451099348132971e-01 2.402661534605563531e-01
4.686151100778644940e-01 2.095520533732688762e-01
4.691851102209156910e-01 1.982265946410208812e-01
4.697551103639668324e-01 1.703068376275354012e-01
4.703251105070179183e-01 1.615026583623873080e-01
4.708951106500691153e-01 2.118411968606785933e-01
4.714651107931202567e-01 2.196768951198926345e-01
4.720351109361714537e-01 2.085879642288794855e-01
4.726051110792226506e-01 2.221982067634407088e-01
4.731751112222737365e-01 2.345086501656084010e-01
4.737451113653248780e-01 2.315396560976914486e-01
4.743151115083760749e-01 2.088285270548269068e-01
4.748851116514272164e-01 1.925564635837346827e-01
4.754551117944783023e-01 1.982184943160163471e-01
4.760251119375294993e-01 1.672054196524754843e-01
4.765951120805806962e-01 1.790820933174934737e-01
4.771651122236318376e-01 1.915662379999751863e-01
4.777351123666830346e-01 1.692581028938278109e-01
4.783051125097341205e-01 2.182004434980413521e-01
4.788751126527852620e-01 2.305984556614966152e-01
4.794451127958364589e-01 2.540946779928923149e-01
4.800151129388876559e-01 2.472881805421849322e-01
4.805851130819387973e-01 2.217484838668752900e-01
4.811551132249898832e-01 2.205237969505091655e-01
4.817251133680410802e-01 2.027501947515162328e-01
4.822951135110922216e-01 2.107439142087699224e-01
4.828651136541434186e-01 2.357311736743561426e-01
4.834351137971946155e-01 2.158330401572392532e-01
4.840051139402457014e-01 1.793483004940874537e-01
4.845751140832968429e-01 1.755746036899914486e-01
4.851451142263480398e-01 2.201271386498042659e-01
4.857151143693991813e-01 2.617872411208175265e-01
4.862851145124502672e-01 2.133899381404482654e-01
4.868551146555014641e-01 1.573073418962351866e-01
4.874251147985526611e-01 1.500472603415019535e-01
4.879951149416038025e-01 1.696805628121538234e-01
4.885651150846549995e-01 2.013888808504766814e-01
4.891351152277060854e-01 2.120532925220288689e-01
4.897051153707572269e-01 1.759225216240736245e-01
4.902751155138084238e-01 1.837247381568900551e-01
4.908451156568596208e-01 1.971824343720385286e-01
4.914151157999107622e-01 1.607961488511513437e-01
4.919851159429618481e-01 1.182491543418500157e-01
4.925551160860130451e-01 1.691313370332139243e-01
4.931251162290641865e-01 1.998812491497155008e-01
4.936951163721153835e-01 1.951383680141312027e-01
4.942651165151665804e-01 1.942077106471806758e-01
4.948351166582176663e-01 2.111563353467786897e-01
4.954051168012688078e-01 1.956290168397245566e-01
4.959751169443200047e-01 1.801776265776169339e-01
4.965451170873711462e-01 1.943240154858436597e-01
4.971151172304222321e-01 1.983854791801817896e-01
4.976851173734734290e-01 1.979545900117329893e-01
4.982551175165246260e-01 2.186462788279328606e-01
4.988251176595757674e-01 2.495224364567505404e-01
4.993951178026269644e-01 2.356936574406418572e-01
4.999651179456780503e-01 2.615741400986699716e-01
5.005351180887291918e-01 2.700056521042384361e-01
5.011051182317803887e-01 2.137211534401082247e-01
5.016751183748315857e-01 1.827133411797774443e-01
5.022451185178827826e-01 1.568265958142411876e-01
5.028151186609338685e-01 1.453146829332538914e-01
5.033851188039849545e-01 1.618113091639337142e-01
5.039551189470361514e-01 1.548368166751501462e-01
5.045251190900873484e-01 1.340219729761109591e-01
5.050951192331384343e-01 1.054575591712598737e-01
5.056651193761896312e-01 1.264756289158519564e-01
5.062351195192408282e-01 1.603691073001485279e-01
5.068051196622919141e-01 1.644054273913937436e-01
5.073751198053431111e-01 1.281904759335681376e-01
5.079451199483941970e-01 1.396133244039248211e-01
5.085151200914453939e-01 1.706741471499171325e-01
5.090851202344965909e-01 1.815852662116377303e-01
5.096551203775477878e-01 1.607604257029358052e-01
5.102251205205988738e-01 1.468984124246652812e-01
5.107951206636499597e-01 1.487061389013817347e-01
5.113651208067011567e-01 1.452137845202727817e-01
5.119351209497523536e-01 1.077743171901808239e-01
5.125051210928035506e-01 1.172382571800234530e-01
5.130751212358547475e-01 1.556900125434914628e-01
5.136451213789058334e-01 1.947670020013561043e-01
5.142151215219569194e-01 1.994436035824520559e-01
5.147851216650081163e-01 1.854911245753356752e-01
5.153551218080593133e-01 1.997028856549363240e-01
5.159251219511103992e-01 1.775047988604860905e-01
5.164951220941615961e-01 1.579201544657919953e-01
5.170651222372127931e-01 1.534941033096650642e-01
5.176351223802638790e-01 1.419557932945174628e-01
5.182051225233150760e-01 1.616567618872366552e-01
5.187751226663661619e-01 1.982870622442050035e-01
5.193451228094173588e-01 2.083127092193279850e-01
5.199151229524685558e-01 1.819971860524063345e-01
5.204851230955197527e-01 1.705145306909479075e-01
5.210551232385708387e-01 2.113811386837376460e-01
5.216251233816219246e-01 2.497091872258891954e-01
5.221951235246731216e-01 2.164084546458759917e-01
5.227651236677243185e-01 1.732939172578440434e-01
5.233351238107755155e-01 1.253698290778402225e-01
5.239051239538266014e-01 1.125200557112329136e-01
5.244751240968777983e-01 9.786012433745483463e-02
5.250451242399288843e-01 1.283397593885950982e-01
5.256151243829800812e-01 1.953815433439238802e-01
5.261851245260312782e-01 2.304495242299147151e-01
5.267551246690823641e-01 2.197508046755807243e-01
5.273251248121335610e-01 2.012324712952029415e-01
5.278951249551847580e-01 1.424382280034173220e-01
5.284651250982358439e-01 1.340417819977481884e-01
5.290351252412870409e-01 1.615020872964407772e-01
5.296051253843381268e-01 1.786505141319949530e-01
5.301751255273893237e-01 1.366787775791600268e-01
5.307451256704405207e-01 9.820022728354160790e-02
5.313151258134917176e-01 1.227753703315812572e-01
5.318851259565428036e-01 1.318285912305370289e-01
5.324551260995938895e-01 1.359555855941465552e-01
5.330251262426450864e-01 1.283603450219210629e-01
5.335951263856962834e-01 1.107847391906879864e-01
5.341651265287474804e-01 1.106152361494032732e-01
5.347351266717985663e-01 1.057075919090628702e-01
5.353051268148497632e-01 8.990610411207455854e-02
5.358751269579008492e-01 8.715115803873985101e-02
5.364451271009520461e-01 1.002267989451830488e-01
5.370151272440032431e-01 1.552379635012322012e-01
5.375851273870543290e-01 1.778002762156454253e-01
5.381551275301055259e-01 1.566045962754571974e-01
5.387251276731567229e-01 1.286295694331407446e-01
5.392951278162078088e-01 1.329699509943367275e-01
5.398651279592590058e-01 1.156876225811878101e-01
5.404351281023100917e-01 9.265597069736841718e-02
5.410051282453612886e-01 9.983144465632420861e-02
5.415751283884124856e-01 7.626809545041268734e-02
5.421451285314636825e-01 7.823944249418701702e-02
5.427151286745147685e-01 9.240503863399140982e-02
5.432851288175658544e-01 1.026838586636920070e-01
5.438551289606170513e-01 1.019820346591551186e-01
5.444251291036682483e-01 1.374669726498680689e-01
5.449951292467194452e-01 2.001250770280336155e-01
5.455651293897705312e-01 1.774161343884941289e-01
5.461351295328217281e-01 1.780180703240610285e-01
5.467051296758728141e-01 1.905244527486615880e-01
5.472751298189240110e-01 1.484004945274755016e-01
5.478451299619752080e-01 1.235971067367671594e-01
5.484151301050262939e-01 1.151049005707172057e-01
5.489851302480774908e-01 1.344934843273470904e-01
5.495551303911286878e-01 1.647370017638003503e-01
5.501251305341797737e-01 1.723686830554029825e-01
5.506951306772309707e-01 1.267324898916477594e-01
5.512651308202820566e-01 9.961712082468210383e-02
5.518351309633332535e-01 1.216289008172921626e-01
5.524051311063844505e-01 1.445103171043236046e-01
5.529751312494356474e-01 1.465581330645733260e-01
5.535451313924867334e-01 1.539250242647547395e-01
5.541151315355378193e-01 1.609584323230244252e-01
5.546851316785890162e-01 1.813239223568956504e-01
5.552551318216402132e-01 1.868450013647127150e-01
5.558251319646914101e-01 1.856128613612177958e-01
5.563951321077424961e-01 1.920017060818395294e-01
5.569651322507936930e-01 1.683970881253031848e-01
5.575351323938447790e-01 1.707874979722951991e-01
5.581051325368959759e-01 1.667916317679036808e-01
5.586751326799471729e-01 1.604999052484714639e-01
5.592451328229982588e-01 1.629703576792493891e-01
5.598151329660494557e-01 1.729258434739406880e-01
5.603851331091006527e-01 1.542287080322957138e-01
5.609551332521517386e-01 1.644591162285600205e-01
5.615251333952028245e-01 1.870945656387092981e-01
5.620951335382540215e-01 2.107976665965374252e-01
5.626651336813052184e-01 2.009234660691703311e-01
5.632351338243564154e-01 1.696235318158549887e-01
5.638051339674076123e-01 1.569702490723869914e-01
5.643751341104586983e-01 1.360389754822826092e-01
5.649451342535097842e-01 1.241391083639413750e-01
5.655151343965609811e-01 1.404874084109941634e-01
5.660851345396121781e-01 1.592152132595217040e-01
5.666551346826633750e-01 1.598359128235138371e-01
5.672251348257144610e-01 1.825457559929013485e-01
5.677951349687656579e-01 2.067340393817467259e-01
5.683651351118167439e-01 2.060423656751915189e-01
5.689351352548679408e-01 2.128220771941862210e-01
5.695051353979191378e-01 2.196227636391796523e-01
5.700751355409702237e-01 2.180900694608460810e-01
5.706451356840214206e-01 2.369117637972770751e-01
5.712151358270726176e-01 2.277704698594504862e-01
5.717851359701237035e-01 1.685624696079237594e-01
5.723551361131747894e-01 1.286866039482674751e-01
5.729251362562259864e-01 9.458155663415723780e-02
5.734951363992771833e-01 1.051605066267953248e-01
5.740651365423283803e-01 1.454983110131315982e-01
5.746351366853795772e-01 1.835179306925205367e-01
5.752051368284306632e-01 2.012128818457590285e-01
5.757751369714817491e-01 2.027879926093341112e-01
5.763451371145329460e-01 1.768622076239267926e-01
5.769151372575841430e-01 1.950496892740041233e-01
5.774851374006353399e-01 1.743637710108139061e-01
5.780551375436864259e-01 1.679926231495763034e-01
5.786251376867376228e-01 1.706213787102441870e-01
5.791951378297887087e-01 1.615834859021454406e-01
5.797651379728399057e-01 1.896701666407167863e-01
5.803351381158911027e-01 2.067137036855513088e-01
5.809051382589421886e-01 2.160957315132741030e-01
5.814751384019933855e-01 2.228097983992114450e-01
5.820451385450445825e-01 1.883042428651400257e-01
5.826151386880956684e-01 1.521111058492401469e-01
5.831851388311467543e-01 1.700036085584279988e-01
5.837551389741979513e-01 1.608157298091619225e-01
5.843251391172491482e-01 1.322640876152156864e-01
5.848951392603003452e-01 1.100121875748527600e-01
5.854651394033515421e-01 1.335647540284199408e-01
5.860351395464026281e-01 1.625100295947632389e-01
5.866051396894537140e-01 1.549290156305147548e-01
5.871751398325049109e-01 1.433561744843530050e-01
5.877451399755561079e-01 1.202041507715208013e-01
5.883151401186073048e-01 1.436616125524778909e-01
5.888851402616583908e-01 1.405101423852102016e-01
5.894551404047095877e-01 1.240948442819522768e-01
5.900251405477606736e-01 1.733039675921403955e-01
5.905951406908118706e-01 1.828947208178774986e-01
5.911651408338629565e-01 1.596654950164371201e-01
5.917351409769141535e-01 1.149546503361236205e-01
5.923051411199653504e-01 9.039154615719979802e-02
5.928751412630165474e-01 1.102062193991883987e-01
5.934451414060676333e-01 1.165954687285477576e-01
5.940151415491187192e-01 1.112812470933768338e-01
5.945851416921699162e-01 1.340802790564730174e-01
5.951551418352211131e-01 1.709782680565758994e-01
5.957251419782723101e-01 1.808092395488536397e-01
5.962951421213235070e-01 1.551474780273309761e-01
5.968651422643745930e-01 1.375657270568169110e-01
5.974351424074256789e-01 1.843759924320131915e-01
5.980051425504768758e-01 1.939852390968326290e-01
5.985751426935280728e-01 1.898864560664677015e-01
5.991451428365792697e-01 1.290464486313851467e-01
5.997151429796303557e-01 0.000000000000000000e+00
