# q (1/Angstrom), I (arb)
3.028500007152557655e-02 0.000000000000000000e+00
3.085500021457673533e-02 4.760950125021743418e-01
3.142500035762788718e-02 7.751180379178421731e-01
3.199500050067904250e-02 9.905223718303339808e-01
3.256500064373019782e-02 1.111295529935205195e+00
3.313500078678135313e-02 1.307382008894222736e+00
3.370500092983251539e-02 1.504722943521411338e+00
3.427500107288366377e-02 1.702048022158546559e+00
3.484500121593482602e-02 2.137414253881015469e+00
3.541500135898597440e-02 2.600761542751200750e+00
3.598500150203713666e-02 2.796656571749302600e+00
3.655500164508829197e-02 3.063644301782758816e+00
3.712500178813944729e-02 3.329267042728549342e+00
3.769500193119060261e-02 3.526903015259527763e+00
3.826500207424176486e-02 3.698494636472783981e+00
3.883500221729291324e-02 3.897948214185774418e+00
3.940500236034407550e-02 3.993439350831344825e+00
3.997500250339522387e-02 4.124486762100396220e+00
4.054500264644638613e-02 4.265831011877033063e+00
4.111500278949753451e-02 4.531900345983853384e+00
4.168500293254869676e-02 4.850381597739353623e+00
4.225500307559985208e-02 5.129791259532115788e+00
4.282500321865100740e-02 5.392962082738161911e+00
4.339500336170216271e-02 5.654530706790746208e+00
4.396500350475332497e-02 6.014320087337990728e+00
4.453500364780447335e-02 6.249846516606533342e+00
4.510500379085563560e-02 6.429063097047759356e+00
4.567500393390679092e-02 6.604016814317660078e+00
4.624500407695794624e-02 6.837397752636137582e+00
4.681500422000909462e-02 7.047592456629365287e+00
4.738500436306025687e-02 7.319315968722332144e+00
4.795500450611141219e-02 7.491571803072123004e+00
4.852500464916256750e-02 7.610900492148868324e+00
4.909500479221372282e-02 7.851957620136897020e+00
4.966500493526487814e-02 8.113556131568211427e+00
5.023500507831603346e-02 8.281532781263805987e+00
5.080500522136719571e-02 8.561909301698490182e+00
5.137500536441835103e-02 8.770465246762279676e+00
5.194500550746949941e-02 8.826781499628063798e+00
5.251500565052065472e-02 8.853060167466326291e+00
5.308500579357181698e-02 9.135821676284809456e+00
5.365500593662297230e-02 9.333060929684227958e+00
5.422500607967412067e-02 9.458025484024087604e+00
5.479500622272528987e-02 9.524714033876202635e+00
5.536500636577643825e-02 9.702473092263616650e+00
5.593500650882759356e-02 9.999397954083141471e+00
5.650500665187874194e-02 1.019211562299875240e+01
5.707500679492991114e-02 1.030949334443462284e+01
5.764500693798105951e-02 1.038006083367701748e+01
5.821500708103222177e-02 1.050283040627319586e+01
5.878500722408337709e-02 1.060264104329165846e+01
5.935500736713453240e-02 1.058549966437137790e+01
5.992500751018568078e-02 1.073211789804382832e+01
6.049500765323683610e-02 1.087370521759362596e+01
6.106500779628799835e-02 1.109932857966409792e+01
6.163500793933916061e-02 1.133985221606855553e+01
6.220500808239031593e-02 1.139297093780100134e+01
6.277500822544146430e-02 1.137516709561478834e+01
6.334500836849261962e-02 1.153304682697890904e+01
6.391500851154377494e-02 1.166856838562751086e+01
6.448500865459493026e-02 1.177405348488557024e+01
6.505500879764608557e-02 1.198271372651538691e+01
6.562500894069725477e-02 1.220971696977685106e+01
6.619500908374841008e-02 1.220578103806375481e+01
6.676500922679955152e-02 1.214049055315845038e+01
6.733500936985070684e-02 1.218809929463819763e+01
6.790500951290186216e-02 1.224676316273591858e+01
6.847500965595303135e-02 1.227995229034502422e+01
6.904500979900417279e-02 1.236158156430014721e+01
6.961500994205534198e-02 1.241548254865980638e+01
7.018501008510649730e-02 1.254720303550205784e+01
7.075501022815765262e-02 1.262755299750373084e+01
7.132501037120879406e-02 1.253976458422413387e+01
7.189501051425994937e-02 1.256548131496748688e+01
7.246501065731111857e-02 1.269819682978363495e+01
7.303501080036227389e-02 1.286542769835821254e+01
7.360501094341342920e-02 1.275485230681619520e+01
7.417501108646458452e-02 1.269856669189691978e+01
7.474501122951573984e-02 1.277837530861096837e+01
7.531501137256689515e-02 1.284547190667882965e+01
7.588501151561805047e-02 1.286292584269364347e+01
7.645501165866920579e-02 1.272922164903731002e+01
7.702501180172037498e-02 1.278022129504271831e+01
7.759501194477153030e-02 1.291380638332104702e+01
7.816501208782267174e-02 1.308243795424609601e+01
7.873501223087382705e-02 1.321200295705343919e+01
7.930501237392498237e-02 1.320024741598871110e+01
7.987501251697615157e-02 1.317368505879615270e+01
8.044501266002730688e-02 1.324973496738154211e+01
8.101501280307846220e-02 1.331489113902661003e+01
8.158501294612961752e-02 1.328314264011126866e+01
8.215501308918077283e-02 1.321054201410495743e+01
8.272501323223191427e-02 1.313375374837489495e+01
8.329501337528306959e-02 1.307289949540020402e+01
8.386501351833425266e-02 1.315818830051606980e+01
8.443501366138539410e-02 1.320900796712739123e+01
8.500501380443654942e-02 1.324369778215648275e+01
8.557501394748770474e-02 1.328870944702154944e+01
8.614501409053886005e-02 1.330158911812868361e+01
8.671501423359001537e-02 1.321372131612137579e+01
8.728501437664115681e-02 1.313692621629232704e+01
8.785501451969233988e-02 1.314631192223383671e+01
8.842501466274349520e-02 1.312732035282552978e+01
8.899501480579463664e-02 1.308211115670551905e+01
8.956501494884579195e-02 1.307417613698261327e+01
9.013501509189694727e-02 1.308501978468509641e+01
9.070501523494810259e-02 1.319817297619278307e+01
9.127501537799927178e-02 1.331861545343711484e+01
9.184501552105042710e-02 1.334050906738335129e+01
9.241501566410158242e-02 1.338082793031489715e+01
9.298501580715273773e-02 1.325571944832490878e+01
9.355501595020387917e-02 1.318223913615334908e+01
9.412501609325503449e-02 1.330002622770112986e+01
9.469501623630618981e-02 1.334551416465601292e+01
9.526501637935735900e-02 1.335083696296563005e+01
9.583501652240851432e-02 1.339288078275860627e+01
9.640501666545966963e-02 1.334200641706633306e+01
9.697501680851082495e-02 1.329915710132803497e+01
9.754501695156198027e-02 1.325670517807933102e+01
9.811501709461312171e-02 1.328405665771970945e+01
9.868501723766430478e-02 1.325627407272997615e+01
9.925501738071546010e-02 1.324408910022730268e+01
9.982501752376660153e-02 1.318527328918752772e+01
1.003950176668177569e-01 1.312689091817268761e+01
1.009650178098689122e-01 1.311294637608558133e+01
1.015350179529200675e-01 1.316610388877486315e+01
1.021050180959712228e-01 1.327264457407653353e+01
1.026750182390223920e-01 1.329193486811049496e+01
1.032450183820735473e-01 1.319512537968591204e+01
1.038150185251247026e-01 1.305528923279678111e+01
1.043850186681758441e-01 1.302821140087625196e+01
1.049550188112269994e-01 1.308123614070805374e+01
1.055250189542781547e-01 1.312865072270495403e+01
1.060950190973293239e-01 1.319505814703614277e+01
1.066650192403804792e-01 1.326026296370950774e+01
1.072350193834316345e-01 1.328347834725153831e+01
1.078050195264827898e-01 1.325457411618719306e+01
1.083750196695339452e-01 1.321323109146359620e+01
1.089450198125850866e-01 1.324974978219410993e+01
1.095150199556362419e-01 1.323588994774643623e+01
1.100850200986874250e-01 1.318485036326658388e+01
1.106550202417385664e-01 1.322236080053427898e+01
1.112250203847897218e-01 1.331147382061742945e+01
1.117950205278408771e-01 1.328494732883067897e+01
1.123650206708920324e-01 1.326626875645669301e+01
1.129350208139431877e-01 1.326122812273830576e+01
1.135050209569943291e-01 1.327953778946832131e+01
1.140750211000455122e-01 1.329198975563012297e+01
1.146450212430966675e-01 1.327696590689332368e+01
1.152150213861478090e-01 1.321328678987745064e+01
1.157850215291989643e-01 1.315280877745140486e+01
1.163550216722501196e-01 1.317106785043548456e+01
1.169250218153012749e-01 1.320108055952345261e+01
1.174950219583524441e-01 1.315497072295620740e+01
1.180650221014035994e-01 1.323233720353697151e+01
1.186350222444547547e-01 1.335394252906596435e+01
1.192050223875059101e-01 1.336839124136856505e+01
1.197750225305570515e-01 1.327691031778192610e+01
1.203450226736082068e-01 1.315461691300401448e+01
1.209150228166593621e-01 1.319241722946167883e+01
1.214850229597105313e-01 1.327070355345322383e+01
1.220550231027616866e-01 1.329902775564205619e+01
1.226250232458128420e-01 1.324606317860673776e+01
1.231950233888639973e-01 1.318721708954200622e+01
1.237650235319151526e-01 1.321088737538981661e+01
1.243350236749662940e-01 1.320729460340972494e+01
1.249050238180174771e-01 1.323429907415933826e+01
1.254750239610686324e-01 1.320037462918220328e+01
1.260450241041197739e-01 1.316897024341824718e+01
1.266150242471709431e-01 1.322826125210347392e+01
1.271850243902220845e-01 1.322999770281472642e+01
1.277550245332732259e-01 1.314212512985219661e+01
1.283250246763243951e-01 1.310465597986747177e+01
1.288950248193755643e-01 1.307712629154984540e+01
1.294650249624267058e-01 1.312393720717790302e+01
1.300350251054778750e-01 1.318758050809245397e+01
1.306050252485290164e-01 1.315238972878883494e+01
1.311750253915801856e-01 1.312677757355451647e+01
1.317450255346313270e-01 1.311319562499138414e+01
1.323150256776824685e-01 1.314419082365783709e+01
1.328850258207336377e-01 1.318323211806018413e+01
1.334550259637848069e-01 1.318783067990564817e+01
1.340250261068359483e-01 1.322052729732275544e+01
1.345950262498871175e-01 1.326704952654621650e+01
1.351650263929382589e-01 1.329556709224801381e+01
1.357350265359894281e-01 1.329186689737005622e+01
1.363050266790405696e-01 1.330273263503861969e+01
1.368750268220917110e-01 1.323509395317373460e+01
1.374450269651429080e-01 1.313150864031788601e+01
1.380150271081940494e-01 1.305950568446161597e+01
1.385850272512451908e-01 1.312062023530002897e+01
1.391550273942963600e-01 1.320819682167680398e+01
1.397250275373475015e-01 1.320825263755439494e+01
1.402950276803986707e-01 1.320483941109723602e+01
1.408650278234498399e-01 1.318997304615390398e+01
1.414350279665009813e-01 1.310811609715315740e+01
1.420050281095521505e-01 1.306912827579663627e+01
1.425750282526032919e-01 1.310585733831936750e+01
1.431450283956544334e-01 1.315672396544343670e+01
1.437150285387056026e-01 1.314090859898637120e+01
1.442850286817567440e-01 1.313393655767134227e+01
1.448550288248079132e-01 1.310908893208045711e+01
1.454250289678590824e-01 1.307247802349473176e+01
1.459950291109102238e-01 1.310118092869182682e+01
1.465650292539613930e-01 1.315202428164241510e+01
1.471350293970125345e-01 1.312626639198292011e+01
1.477050295400636759e-01 1.321388794568626679e+01
1.482750296831148729e-01 1.328120539006097900e+01
1.488450298261660143e-01 1.321990474803455839e+01
1.494150299692171557e-01 1.310835834290358548e+01
1.499850301122683249e-01 1.310044758553558530e+01
1.505550302553194664e-01 1.309887382135568679e+01
1.511250303983706356e-01 1.312534943665951559e+01
1.516950305414217770e-01 1.321565103893212623e+01
1.522650306844729462e-01 1.321261981168088795e+01
1.528350308275241154e-01 1.311420747210522464e+01
1.534050309705752568e-01 1.307682600815676999e+01
1.539750311136264260e-01 1.301689335150486215e+01
1.545450312566775675e-01 1.298380929993421518e+01
1.551150313997287089e-01 1.303191773954436350e+01
1.556850315427799059e-01 1.308221311112891705e+01
1.562550316858310473e-01 1.313947156464818100e+01
1.568250318288821887e-01 1.320404043749918088e+01
1.573950319719333579e-01 1.317850823277506223e+01
1.579650321149844994e-01 1.311982851763104030e+01
1.585350322580356686e-01 1.308771188046690170e+01
1.591050324010868100e-01 1.312943632197470123e+01
1.596750325441379792e-01 1.315458419591472605e+01
1.602450326871891484e-01 1.309198851429293242e+01
1.608150328302402898e-01 1.305824058144307998e+01
1.613850329732914313e-01 1.304477134696692886e+01
1.619550331163426005e-01 1.302900630916043134e+01
1.625250332593937419e-01 1.304542638620262451e+01
1.630950334024449111e-01 1.303779507439561591e+01
1.636650335454960803e-01 1.300229627901030049e+01
1.642350336885472217e-01 1.300017706842203857e+01
1.648050338315983909e-01 1.296549007220624006e+01
1.653750339746495324e-01 1.292893113530728755e+01
1.659450341177006738e-01 1.300626815980604079e+01
1.665150342607518430e-01 1.309362328561604372e+01
1.670850344038030122e-01 1.310788298120062123e+01
1.676550345468541536e-01 1.312784156201281860e+01
1.682250346899053228e-01 1.309468301800631629e+01
1.687950348329564643e-01 1.304611879461430135e+01
1.693650349760076335e-01 1.301287588893858427e+01
1.699350351190587749e-01 1.302070288789217223e+01
1.705050352621099163e-01 1.307630108590571894e+01
1.710750354051611133e-01 1.308121993600670585e+01
1.716450355482122547e-01 1.302578183503295506e+01
1.722150356912633962e-01 1.303597111948284493e+01
1.727850358343145654e-01 1.304018829434206417e+01
1.733550359773657068e-01 1.302017278773368147e+01
1.739250361204168760e-01 1.298875410467505631e+01
1.744950362634680452e-01 1.303969473275586566e+01
1.750650364065191866e-01 1.309033029297864381e+01
1.756350365495703558e-01 1.305788332252875605e+01
1.762050366926214973e-01 1.299096860357234817e+01
1.767750368356726387e-01 1.293995832039468397e+01
1.773450369787238079e-01 1.297105506412732012e+01
1.779150371217749493e-01 1.300689893078049586e+01
1.784850372648261185e-01 1.297455172503797094e+01
1.790550374078772877e-01 1.296951847992890805e+01
1.796250375509284292e-01 1.298503431595283075e+01
1.801950376939795984e-01 1.295258173988889538e+01
1.807650378370307398e-01 1.291972616170766130e+01
1.813350379800818812e-01 1.292818068681730992e+01
1.819050381231330782e-01 1.295072966822471017e+01
1.824750382661842196e-01 1.301785753499006404e+01
1.830450384092353611e-01 1.305220193508841575e+01
1.836150385522865303e-01 1.302244503681334997e+01
1.841850386953376717e-01 1.295436659063378215e+01
1.847550388383888409e-01 1.295643793409160693e+01
1.853250389814399823e-01 1.300138681379215555e+01
1.858950391244911515e-01 1.298837554108696679e+01
1.864650392675423207e-01 1.294568597843082181e+01
1.870350394105934622e-01 1.294734373597278321e+01
1.876050395536446036e-01 1.293986647301139747e+01
1.881750396966957728e-01 1.294487532416782116e+01
1.887450398397469142e-01 1.296778262462715503e+01
1.893150399827980834e-01 1.299984042130294171e+01
1.898850401258492526e-01 1.302261111855579756e+01
1.904550402689003941e-01 1.303280416680741460e+01
1.910250404119515633e-01 1.304485998680421233e+01
1.915950405550027047e-01 1.301283072762304727e+01
1.921650406980538461e-01 1.303448673139746639e+01
1.927350408411050153e-01 1.303261808577890335e+01
1.933050409841561845e-01 1.295764506543254768e+01
1.938750411272073260e-01 1.290213101781730209e+01
1.944450412702584952e-01 1.290369168182652260e+01
1.950150414133096366e-01 1.298354777596427567e+01
1.955850415563608058e-01 1.300546378254819047e+01
1.961550416994119472e-01 1.298870729087769860e+01
1.967250418424630887e-01 1.299949793260674369e+01
1.972950419855142856e-01 1.302203910453736668e+01
1.978650421285654271e-01 1.304124632699284803e+01
1.984350422716165685e-01 1.300996279859522886e+01
1.990050424146677377e-01 1.296645666436567446e+01
1.995750425577188791e-01 1.295078947500627642e+01
2.001450427007700483e-01 1.298419456274201522e+01
2.007150428438212453e-01 1.302254268017934891e+01
2.012850429868723590e-01 1.306809493886716744e+01
2.018550431299235282e-01 1.304129636970801442e+01
2.024250432729746696e-01 1.297304578956872589e+01
2.029950434160258388e-01 1.293172371759558281e+01
2.035650435590769802e-01 1.293120153357079438e+01
2.041350437021281494e-01 1.288424446609450236e+01
2.047050438451793186e-01 1.287230761287031555e+01
2.052750439882304601e-01 1.291080819608542107e+01
2.058450441312816293e-01 1.297645700622978637e+01
2.064150442743327707e-01 1.299761739926594650e+01
2.069850444173839399e-01 1.296007699378373523e+01
2.075550445604350536e-01 1.293703486478639064e+01
2.081250447034862505e-01 1.292547394843042241e+01
2.086950448465374197e-01 1.288359787740630580e+01
2.092650449895885334e-01 1.286871057526981943e+01
2.098350451326397303e-01 1.289446451822901096e+01
2.104050452756908440e-01 1.297489817105455145e+01
2.109750454187420132e-01 1.296819856723984543e+01
2.115450455617931547e-01 1.288476550974913515e+01
2.121150457048443239e-01 1.287260816267087371e+01
2.126850458478954931e-01 1.282340545622029282e+01
2.132550459909466345e-01 1.283495165160938534e+01
2.138250461339978037e-01 1.288972966548583443e+01
2.143950462770489451e-01 1.293507890409830985e+01
2.149650464201001143e-01 1.290343153815030242e+01
2.155350465631512835e-01 1.286720724870885668e+01
2.161050467062024250e-01 1.287440133833417377e+01
2.166750468492535942e-01 1.288621385318439394e+01
2.172450469923047356e-01 1.296094460460554387e+01
2.178150471353559048e-01 1.300909803723647862e+01
2.183850472784070185e-01 1.293489107356599632e+01
2.189550474214582154e-01 1.293817510132640436e+01
2.195250475645093846e-01 1.299463460129563686e+01
2.200950477075604983e-01 1.302402855408906390e+01
2.206650478506116952e-01 1.293316995410704529e+01
2.212350479936628089e-01 1.285030069649941709e+01
2.218050481367139781e-01 1.289851997692855434e+01
2.223750482797651196e-01 1.298469587575921835e+01
2.229450484228162888e-01 1.300723410456902762e+01
2.235150485658674580e-01 1.299792995800783224e+01
2.240850487089185994e-01 1.293915067962197440e+01
2.246550488519697686e-01 1.287982481897803311e+01
2.252250489950209100e-01 1.286247980661449297e+01
2.257950491380720792e-01 1.283723843247754637e+01
2.263650492811232207e-01 1.282949044166162622e+01
2.269350494241743899e-01 1.285789502968696141e+01
2.275050495672255590e-01 1.285727097644186045e+01
2.280750497102767005e-01 1.289213060532735966e+01
2.286450498533278697e-01 1.291007484878174338e+01
2.292150499963789834e-01 1.289894092642999013e+01
2.297850501394301803e-01 1.286727152729731927e+01
2.303550502824812940e-01 1.291298438071256705e+01
2.309250504255324632e-01 1.298503812826424664e+01
2.314950505685836046e-01 1.303503235860426557e+01
2.320650507116347738e-01 1.300049148767650209e+01
2.326350508546859430e-01 1.291569036309100227e+01
2.332050509977370845e-01 1.283601740858800255e+01
2.337750511407882537e-01 1.279858052198029839e+01
2.343450512838393951e-01 1.277826879648181801e+01
2.349150514268905643e-01 1.284137416063479264e+01
2.354850515699417057e-01 1.289064491946036384e+01
2.360550517129928749e-01 1.291340567163638120e+01
2.366250518560440441e-01 1.291140305660293564e+01
2.371950519990951856e-01 1.290951638897491094e+01
2.377650521421463548e-01 1.293219692393347131e+01
2.383350522851974684e-01 1.292253926073123083e+01
2.389050524282486654e-01 1.292842398757676570e+01
2.394750525712997791e-01 1.290193111260190939e+01
2.400450527143509483e-01 1.291769939813978851e+01
2.406150528574021452e-01 1.291321759851551931e+01
2.411850530004532589e-01 1.290136901583133167e+01
2.417550531435044281e-01 1.288139234924884136e+01
2.423250532865555695e-01 1.286852847862616578e+01
2.428950534296067387e-01 1.283582256805355115e+01
2.434650535726578802e-01 1.281512485311303706e+01
2.440350537157090494e-01 1.281751248592045656e+01
2.446050538587602186e-01 1.287003314009866450e+01
2.451750540018113600e-01 1.289707514712131342e+01
2.457450541448625292e-01 1.287931417573317816e+01
2.463150542879136706e-01 1.286260357398808374e+01
2.468850544309648398e-01 1.283680876287483130e+01
2.474550545740160090e-01 1.282839934748481525e+01
2.480250547170671505e-01 1.285957027333173919e+01
2.485950548601183197e-01 1.289141291400085976e+01
2.491650550031694333e-01 1.292550152191352630e+01
2.497350551462206303e-01 1.294025379388973818e+01
2.503050552892717717e-01 1.293796985554641132e+01
2.508750554323229132e-01 1.290547105213688361e+01
2.514450555753741101e-01 1.287701114672951874e+01
2.520150557184252516e-01 1.286685693357360449e+01
2.525850558614763930e-01 1.283981902751292381e+01
2.531550560045275344e-01 1.284508074796878851e+01
2.537250561475787314e-01 1.290130362955588694e+01
2.542950562906298173e-01 1.290283231439845935e+01
2.548650564336810143e-01 1.281861943325227671e+01
2.554350565767322112e-01 1.276535363414358315e+01
2.560050567197832971e-01 1.276592569802363109e+01
2.565750568628344941e-01 1.283936079812261966e+01
2.571450570058856355e-01 1.282695983819683860e+01
2.577150571489367770e-01 1.285581984718912096e+01
2.582850572919879184e-01 1.283680948665828936e+01
2.588550574350391154e-01 1.279704291483834666e+01
2.594250575780902568e-01 1.275657477082252278e+01
2.599950577211413982e-01 1.277931730207030547e+01
2.605650578641925952e-01 1.281464983119103351e+01
2.611350580072437366e-01 1.286802447113476866e+01
2.617050581502948781e-01 1.287007240254398965e+01
2.622750582933460750e-01 1.288037422920081276e+01
2.628450584363972165e-01 1.285713482764244198e+01
2.634150585794483579e-01 1.282738576457280288e+01
2.639850587224994993e-01 1.283949123568757500e+01
2.645550588655506963e-01 1.285718908670834537e+01
2.651250590086017822e-01 1.282331263058501847e+01
2.656950591516529792e-01 1.282151384714299525e+01
2.662650592947041761e-01 1.284287890262746856e+01
2.668350594377552620e-01 1.283765129283688822e+01
2.674050595808064590e-01 1.281430934720854253e+01
2.679750597238576004e-01 1.280122306344568273e+01
2.685450598669087419e-01 1.277882299662300625e+01
2.691150600099598833e-01 1.275846111912745329e+01
2.696850601530110803e-01 1.280670005648272713e+01
2.702550602960622217e-01 1.285396003543694832e+01
2.708250604391133631e-01 1.288431373155562554e+01
2.713950605821645601e-01 1.287443678112881074e+01
2.719650607252157015e-01 1.285108784904184631e+01
2.725350608682668430e-01 1.287103984859734140e+01
2.731050610113179844e-01 1.287616434917586972e+01
2.736750611543691813e-01 1.283035890540961788e+01
2.742450612974203228e-01 1.282465166213603780e+01
2.748150614404714642e-01 1.279844482283504448e+01
2.753850615835226612e-01 1.276007187042156588e+01
2.759550617265737471e-01 1.276175401264051068e+01
2.765250618696249441e-01 1.279412831081861768e+01
2.770950620126760855e-01 1.277095762640362508e+01
2.776650621557272269e-01 1.275271661585851390e+01
2.782350622987784239e-01 1.275206781336435924e+01
2.788050624418295653e-01 1.279015523217576167e+01
2.793750625848807068e-01 1.281819981746949821e+01
2.799450627279318482e-01 1.289663661982789478e+01
2.805150628709830452e-01 1.286475586913151758e+01
2.810850630140341866e-01 1.280056986956825682e+01
2.816550631570853280e-01 1.283161771766367387e+01
2.822250633001365250e-01 1.285504958879875126e+01
2.827950634431876664e-01 1.283054157413551621e+01
2.833650635862388079e-01 1.273589243842331342e+01
2.839350637292899493e-01 1.270056227396672810e+01
2.845050638723411462e-01 1.271019630642306453e+01
2.850750640153922877e-01 1.271811740220372045e+01
2.856450641584434291e-01 1.277083060870116782e+01
2.862150643014946261e-01 1.277826351610192646e+01
2.867850644445457120e-01 1.276246902276389150e+01
2.873550645875969090e-01 1.279637047944980388e+01
2.879250647306480504e-01 1.280197434414188429e+01
2.884950648736991918e-01 1.278918286866372078e+01
2.890650650167503888e-01 1.276512885676048015e+01
2.896350651598015302e-01 1.278818225420013732e+01
2.902050653028526717e-01 1.281447395173860748e+01
2.907750654459038131e-01 1.276546592403768265e+01
2.913450655889550100e-01 1.275895950946106794e+01
2.919150657320061515e-01 1.271261757086737987e+01
2.924850658750572929e-01 1.270848601935893463e+01
2.930550660181084899e-01 1.271283887338676344e+01
2.936250661611596313e-01 1.270673672534461218e+01
2.941950663042107728e-01 1.269301949262279905e+01
2.947650664472619142e-01 1.274920321608850671e+01
2.953350665903131111e-01 1.279337994897195330e+01
2.959050667333641971e-01 1.280698650060987376e+01
2.964750668764153940e-01 1.278643739831237625e+01
2.970450670194665910e-01 1.271283324598171660e+01
2.976150671625176769e-01 1.271365859469787551e+01
2.981850673055688739e-01 1.276229345278546745e+01
2.987550674486200153e-01 1.279206243311222835e+01
2.993250675916711567e-01 1.276520979958278446e+01
2.998950677347223537e-01 1.279559640869015524e+01
3.004650678777734951e-01 1.279334597350155001e+01
3.010350680208246921e-01 1.271855603574819682e+01
3.016050681638757780e-01 1.270341642872437049e+01
3.021750683069269749e-01 1.271861951000737356e+01
3.027450684499781164e-01 1.273365019635263806e+01
3.033150685930292578e-01 1.275891949622548793e+01
3.038850687360804548e-01 1.276509130468841846e+01
3.044550688791315962e-01 1.277237152369015050e+01
3.050250690221827377e-01 1.274687692039987752e+01
3.055950691652338791e-01 1.272372243253624902e+01
3.061650693082850760e-01 1.276923263633641525e+01
3.067350694513362175e-01 1.278684442565870683e+01
3.073050695943873589e-01 1.273746077262707033e+01
3.078750697374385559e-01 1.272013580729216997e+01
3.084450698804896973e-01 1.272199107576007648e+01
3.090150700235408388e-01 1.266484776491404673e+01
3.095850701665919802e-01 1.267891314267574643e+01
3.101550703096431771e-01 1.264460948952346442e+01
3.107250704526942631e-01 1.261966676586788871e+01
3.112950705957454600e-01 1.268562769829235393e+01
3.118650707387966570e-01 1.275487447926306217e+01
3.124350708818477429e-01 1.274640294570843579e+01
3.130050710248989398e-01 1.276935313145645523e+01
3.135750711679500813e-01 1.274181853275408471e+01
3.141450713110012227e-01 1.272689333629855568e+01
3.147150714540524197e-01 1.270987012246371606e+01
3.152850715971035611e-01 1.270177310854215236e+01
3.158550717401547026e-01 1.268642320025490733e+01
3.164250718832058440e-01 1.271640456897211813e+01
3.169950720262570409e-01 1.272475368515937078e+01
3.175650721693081824e-01 1.272955119387582457e+01
3.181350723123593238e-01 1.271616378919927470e+01
3.187050724554105208e-01 1.270800230969859435e+01
3.192750725984616622e-01 1.272575920174995190e+01
3.198450727415128036e-01 1.275452802017584020e+01
3.204150728845639451e-01 1.276006239684062393e+01
3.209850730276151420e-01 1.269278524566112054e+01
3.215550731706662280e-01 1.268350350213688138e+01
3.221250733137174249e-01 1.262675052452271451e+01
3.226950734567686219e-01 1.264102785557167152e+01
3.232650735998197078e-01 1.264764647554964583e+01
3.238350737428709047e-01 1.268632503384358934e+01
3.244050738859220462e-01 1.272619901962671563e+01
3.249750740289731876e-01 1.272502175555677439e+01
3.255450741720243291e-01 1.269361375006742065e+01
3.261150743150755260e-01 1.270390818752074402e+01
3.266850744581266675e-01 1.272868884427473191e+01
3.272550746011778089e-01 1.275742629142225937e+01
3.278250747442290058e-01 1.278333781043473039e+01
3.283950748872801473e-01 1.278827733265655731e+01
3.289650750303312887e-01 1.275980899499691645e+01
3.295350751733824302e-01 1.269595888414030327e+01
3.301050753164336271e-01 1.270417528445637600e+01
3.306750754594847685e-01 1.270641725676386002e+01
3.312450756025359100e-01 1.266982972765216608e+01
3.318150757455871069e-01 1.263616911319457081e+01
3.323850758886381929e-01 1.264422034537197348e+01
3.329550760316893898e-01 1.265080550739606302e+01
3.335250761747405868e-01 1.264763852531910082e+01
3.340950763177916727e-01 1.263518133799956900e+01
3.346650764608428696e-01 1.265154551121269222e+01
3.352350766038940111e-01 1.269065140188470764e+01
3.358050767469451525e-01 1.269470288942167535e+01
3.363750768899962940e-01 1.272000745382608855e+01
3.369450770330474909e-01 1.274630472946530979e+01
3.375150771760986323e-01 1.274927046220922477e+01
3.380850773191497738e-01 1.272745772999767055e+01
3.386550774622009707e-01 1.271766033495124404e+01
3.392250776052521122e-01 1.268676307292972005e+01
3.397950777483032536e-01 1.268952096846821931e+01
3.403650778913543951e-01 1.271434521168819032e+01
3.409350780344055920e-01 1.273473540043728214e+01
3.415050781774567334e-01 1.271004083758121794e+01
3.420750783205078749e-01 1.265922823410769382e+01
3.426450784635590718e-01 1.263538405492412053e+01
3.432150786066101578e-01 1.260676052132239100e+01
3.437850787496613547e-01 1.261829936589280265e+01
3.443550788927124962e-01 1.265723925530570781e+01
3.449250790357636376e-01 1.268024647941086513e+01
3.454950791788148345e-01 1.270356276024713083e+01
3.460650793218659760e-01 1.268000154507925004e+01
3.466350794649171174e-01 1.267872394146992754e+01
3.472050796079682589e-01 1.270239151219969109e+01
3.477750797510194558e-01 1.267802030292483551e+01
3.483450798940705972e-01 1.268985159779609440e+01
3.489150800371217387e-01 1.269902731337140800e+01
3.494850801801729356e-01 1.271903436830375256e+01
3.500550803232240771e-01 1.269077952694965816e+01
3.506250804662752185e-01 1.265757098103956935e+01
3.511950806093263600e-01 1.267429133024132781e+01
3.517650807523775569e-01 1.270494292881931919e+01
3.523350808954286983e-01 1.274483985130517638e+01
3.529050810384798398e-01 1.273511342475710784e+01
3.534750811815310367e-01 1.268039515476014856e+01
3.540450813245821227e-01 1.265716855555947973e+01
3.546150814676333196e-01 1.265919588585104449e+01
3.551850816106844611e-01 1.262709946840630693e+01
3.557550817537356025e-01 1.261029445371909219e+01
3.563250818967867994e-01 1.266206871999727035e+01
3.568950820398379409e-01 1.266476480578347363e+01
3.574650821828890823e-01 1.263536329244105261e+01
3.580350823259402238e-01 1.262940435794597605e+01
3.586050824689914207e-01 1.262930619776798302e+01
3.591750826120425621e-01 1.266312599318122523e+01
3.597450827550937036e-01 1.264842566779174149e+01
3.603150828981449005e-01 1.263950845445434723e+01
3.608850830411960420e-01 1.260823114405616785e+01
3.614550831842471834e-01 1.258543415437932822e+01
3.620250833272983249e-01 1.259284431202190291e+01
3.625950834703495218e-01 1.259665218015770272e+01
3.631650836134006077e-01 1.256698423272286647e+01
3.637350837564518047e-01 1.256309094934536574e+01
3.643050838995030016e-01 1.259480923727146973e+01
3.648750840425540876e-01 1.259292748088028979e+01
3.654450841856052845e-01 1.259081845556693224e+01
3.660150843286564259e-01 1.261964868408588636e+01
3.665850844717075674e-01 1.260991418475013504e+01
3.671550846147587643e-01 1.256472289950406562e+01
3.677250847578099058e-01 1.254416397471917577e+01
3.682950849008610472e-01 1.256210176830508374e+01
3.688650850439121887e-01 1.259542923155452954e+01
3.694350851869633856e-01 1.261869275183789085e+01
3.700050853300145270e-01 1.262870653442482372e+01
3.705750854730656685e-01 1.261079160162891455e+01
3.711450856161168654e-01 1.261867062205951839e+01
3.717150857591680069e-01 1.261900261504879595e+01
3.722850859022191483e-01 1.264251640699764678e+01
3.728550860452702898e-01 1.264829187246749775e+01
3.734250861883214867e-01 1.259525682435908323e+01
3.739950863313725726e-01 1.261875252329529573e+01
3.745650864744237696e-01 1.265297942818481580e+01
3.751350866174749665e-01 1.266671915706920437e+01
3.757050867605260525e-01 1.264961962985371713e+01
3.762750869035772494e-01 1.263919118181926038e+01
3.768450870466283908e-01 1.265768266547937415e+01
3.774150871896795323e-01 1.265972851539414812e+01
3.779850873327306737e-01 1.262583629967413756e+01
3.785550874757818707e-01 1.260918899647207958e+01
3.791250876188330121e-01 1.260649810004475135e+01
3.796950877618841536e-01 1.260559543354876055e+01
3.802650879049353505e-01 1.261378683575918558e+01
3.808350880479864919e-01 1.263966767063759811e+01
3.814050881910376334e-01 1.265802865141289502e+01
3.819750883340887748e-01 1.267053417801477266e+01
3.825450884771399718e-01 1.270692738037353209e+01
3.831150886201911132e-01 1.264783288475251588e+01
3.836850887632422547e-01 1.258629159490315530e+01
3.842550889062934516e-01 1.258901473464124798e+01
3.848250890493445375e-01 1.260476883361253542e+01
3.853950891923957345e-01 1.260450692471866319e+01
3.859650893354469314e-01 1.260119568578570259e+01
3.865350894784980174e-01 1.264999236225917301e+01
3.871050896215492143e-01 1.266782953509098242e+01
3.876750897646003557e-01 1.263472318458864407e+01
3.882450899076514972e-01 1.262355121840464989e+01
3.888150900507026386e-01 1.260701833658625759e+01
3.893850901937538356e-01 1.257946554820634866e+01
3.899550903368049770e-01 1.257682314153719716e+01
3.905250904798561185e-01 1.260660278928261491e+01
3.910950906229073154e-01 1.257885714335798255e+01
3.916650907659584568e-01 1.251983909765711012e+01
3.922350909090095983e-01 1.250362563402376637e+01
3.928050910520607397e-01 1.248930786855396136e+01
3.933750911951119367e-01 1.245702729770742856e+01
3.939450913381630781e-01 1.248379161931185877e+01
3.945150914812142195e-01 1.254032476450139200e+01
3.950850916242654165e-01 1.259338838215649048e+01
3.956550917673165024e-01 1.259693746741549703e+01
3.962250919103676994e-01 1.259583652000756437e+01
3.967950920534188408e-01 1.262160633756078809e+01
3.973650921964699823e-01 1.258319162477960518e+01
3.979350923395211792e-01 1.257142355718796622e+01
3.985050924825723206e-01 1.257104184853221973e+01
3.990750926256234621e-01 1.253751341489626547e+01
3.996450927686746035e-01 1.254100410052711823e+01
4.002150929117258560e-01 1.254092516510348787e+01
4.007850930547769974e-01 1.253231601683657459e+01
4.013550931978280834e-01 1.252323606365912667e+01
4.019250933408792803e-01 1.251826167051077476e+01
4.024950934839304217e-01 1.253337101170967571e+01
4.030650936269816187e-01 1.254892523854488928e+01
4.036350937700327046e-01 1.252112929369367222e+01
4.042050939130839016e-01 1.246468501965082254e+01
4.047750940561350430e-01 1.243575731592674671e+01
4.053450941991862400e-01 1.249555372249956875e+01
4.059150943422373814e-01 1.258308121071875618e+01
4.064850944852884673e-01 1.257279382225053510e+01
4.070550946283396643e-01 1.251594942510476294e+01
4.076250947713908612e-01 1.254111069976886839e+01
4.081950949144420027e-01 1.253287354556131561e+01
4.087650950574931996e-01 1.253197464802294725e+01
4.093350952005442855e-01 1.251329830181400204e+01
4.099050953435954270e-01 1.250651642720127121e+01
4.104750954866466239e-01 1.253940314135613932e+01
4.110450956296978209e-01 1.249966410638496406e+01
4.116150957727489068e-01 1.253142893269886216e+01
4.121850959158000482e-01 1.252890128205677556e+01
4.127550960588512452e-01 1.252520598544417396e+01
4.133250962019023866e-01 1.258142641820368723e+01
4.138950963449535836e-01 1.261277339340708536e+01
4.144650964880046695e-01 1.256932814544696519e+01
4.150350966310558665e-01 1.253962580675407423e+01
4.156050967741070079e-01 1.251803356056277039e+01
4.161750969171582049e-01 1.252314991029713376e+01
4.167450970602093463e-01 1.253430354474205188e+01
4.173150972032604322e-01 1.252141687847435847e+01
4.178850973463116292e-01 1.252830348780445036e+01
4.184550974893628261e-01 1.253121160521527244e+01
4.190250976324139676e-01 1.257766916672854229e+01
4.195950977754651645e-01 1.255850179178398207e+01
4.201650979185162504e-01 1.252993838269103755e+01
4.207350980615673919e-01 1.252924744388603351e+01
4.213050982046185888e-01 1.252890029132878702e+01
4.218750983476697858e-01 1.252676451887563047e+01
4.224450984907208717e-01 1.251909847458362179e+01
4.230150986337720131e-01 1.250737042847596214e+01
4.235850987768232101e-01 1.246885608345798424e+01
4.241550989198743515e-01 1.248527840810849554e+01
4.247250990629255485e-01 1.253608545858362078e+01
4.252950992059766344e-01 1.255210295764815775e+01
4.258650993490278314e-01 1.257085541277841045e+01
4.264350994920789728e-01 1.259298126434202203e+01
4.270050996351301698e-01 1.259222058805682565e+01
4.275750997781813112e-01 1.258133291656753983e+01
4.281450999212323971e-01 1.254467347583682368e+01
4.287151000642835941e-01 1.254098717966506982e+01
4.292851002073347910e-01 1.255540284458564315e+01
4.298551003503859325e-01 1.259255202162168530e+01
4.304251004934370184e-01 1.259247555964668308e+01
4.309951006364882153e-01 1.258247300681109060e+01
4.315651007795393568e-01 1.258363045125384971e+01
4.321351009225905537e-01 1.257245574348853623e+01
4.327051010656416397e-01 1.255450916805761885e+01
4.332751012086928366e-01 1.255115952980232308e+01
4.338451013517439780e-01 1.254071767284834493e+01
4.344151014947951750e-01 1.253961321064479151e+01
4.349851016378463164e-01 1.251688110709900670e+01
4.355551017808974024e-01 1.253405990760288979e+01
4.361251019239485993e-01 1.256175649204138978e+01
4.366951020669997963e-01 1.256294189666666483e+01
4.372651022100509377e-01 1.254063118802331545e+01
4.378351023531020236e-01 1.251184518557888836e+01
4.384051024961532206e-01 1.247905612158094968e+01
4.389751026392043620e-01 1.248186189795560885e+01
4.395451027822555590e-01 1.248708146446835343e+01
4.401151029253067559e-01 1.245529284760419486e+01
4.406851030683578418e-01 1.248150189942634114e+01
4.412551032114089833e-01 1.252570407275151965e+01
4.418251033544601802e-01 1.256670651488653334e+01
4.423951034975113217e-01 1.258510361932596311e+01
4.429651036405625186e-01 1.256013672491475397e+01
4.435351037836136046e-01 1.255910954041628713e+01
4.441051039266648015e-01 1.256247790636469830e+01
4.446751040697159429e-01 1.258920719461540827e+01
4.452451042127671399e-01 1.259062450750182549e+01
4.458151043558182813e-01 1.254468640779135669e+01
4.463851044988693673e-01 1.249536665377363676e+01
4.469551046419205642e-01 1.248869690837116053e+01
4.475251047849717612e-01 1.251825953087409715e+01
4.480951049280229026e-01 1.256421550723269931e+01
4.486651050710739885e-01 1.258554765237438033e+01
4.492351052141251855e-01 1.259775948338483431e+01
4.498051053571763269e-01 1.262548564476996482e+01
4.503751055002275239e-01 1.261390566655425971e+01
4.509451056432787208e-01 1.256408006005051803e+01
4.515151057863298067e-01 1.254495304425898183e+01
4.520851059293809482e-01 1.250536599893194989e+01
4.526551060724321451e-01 1.253591653988180177e+01
4.532251062154832866e-01 1.257949157199558776e+01
4.537951063585344835e-01 1.260266796853851723e+01
4.543651065015855695e-01 1.258682669133892063e+01
4.549351066446367664e-01 1.255337512990219651e+01
4.555051067876879078e-01 1.254635354310108397e+01
4.560751069307391048e-01 1.257236629431123731e+01
4.566451070737901907e-01 1.256980406108201720e+01
4.572151072168413322e-01 1.258859057975154272e+01
4.577851073598925291e-01 1.259398807507152540e+01
4.583551075029437261e-01 1.262983457726418557e+01
4.589251076459948675e-01 1.262073942632299506e+01
4.594951077890459534e-01 1.257293692159014320e+01
4.600651079320971504e-01 1.254606737218632873e+01
4.606351080751482918e-01 1.254209438072812333e+01
4.612051082181994888e-01 1.253556568327000775e+01
4.617751083612506857e-01 1.253512436717964640e+01
4.623451085043017716e-01 1.256683061343986907e+01
4.629151086473529131e-01 1.259899413100159649e+01
4.634851087904041100e-01 1.260070548266359580e+01
4.640551089334552515e-01 1.258888764013258843e+01
4.646251090765064484e-01 1.256294467965614103e+01
4.651951092195575344e-01 1.255017451097253556e+01
4.657651093626087313e-01 1.254128011821449107e+01
4.663351095056598727e-01 1.253422779704016854e+01
4.669051096487110697e-01 1.252481576085875403e+01
4.674751097917621556e-01 1.252155102592660363e+01
4.680451099348132971e-01 1.253566853956367311e+01
4.686151100778644940e-01 1.254651643595909150e+01
4.691851102209156910e-01 1.251271011748177386e+01
4.697551103639668324e-01 1.251391605628822745e+01
4.703251105070179183e-01 1.251573175708060504e+01
4.708951106500691153e-01 1.254991518242574955e+01
4.714651107931202567e-01 1.257425135785880599e+01
4.720351109361714537e-01 1.257800735217042387e+01
4.726051110792226506e-01 1.256535407515051617e+01
4.731751112222737365e-01 1.255046006560100658e+01
4.737451113653248780e-01 1.250825056668825752e+01
4.743151115083760749e-01 1.247612501735711277e+01
4.748851116514272164e-01 1.247252141639242495e+01
4.754551117944783023e-01 1.246304613167003339e+01
4.760251119375294993e-01 1.244909952524850283e+01
4.765951120805806962e-01 1.244914880037500637e+01
4.771651122236318376e-01 1.245473867194120388e+01
4.777351123666830346e-01 1.245439139262429507e+01
4.783051125097341205e-01 1.246504706530810225e+01
4.788751126527852620e-01 1.249104475450634766e+01
4.794451127958364589e-01 1.251033287772662028e+01
4.800151129388876559e-01 1.247199927113674711e+01
4.805851130819387973e-01 1.246004453659456956e+01
4.811551132249898832e-01 1.244697543491590963e+01
4.817251133680410802e-01 1.242557223049453441e+01
4.822951135110922216e-01 1.242987836643217392e+01
4.828651136541434186e-01 1.244517227571281737e+01
4.834351137971946155e-01 1.243638308898611200e+01
4.840051139402457014e-01 1.244021567715153864e+01
4.845751140832968429e-01 1.242464685222672216e+01
4.851451142263480398e-01 1.242576940722183920e+01
4.857151143693991813e-01 1.245046783519402211e+01
4.862851145124502672e-01 1.244979250777813817e+01
4.868551146555014641e-01 1.243238720138596598e+01
4.874251147985526611e-01 1.243672991779907733e+01
4.879951149416038025e-01 1.244391654179028883e+01
4.885651150846549995e-01 1.244168868845913067e+01
4.891351152277060854e-01 1.244421559350611517e+01
4.897051153707572269e-01 1.244071097606002851e+01
4.902751155138084238e-01 1.243223272056195938e+01
4.908451156568596208e-01 1.243171728117657260e+01
4.914151157999107622e-01 1.243896392904161630e+01
4.919851159429618481e-01 1.238917266542204665e+01
4.925551160860130451e-01 1.234258776827182125e+01
4.931251162290641865e-01 1.235160021599463320e+01
4.936951163721153835e-01 1.235520523042919905e+01
4.942651165151665804e-01 1.233035377707985703e+01
4.948351166582176663e-01 1.234722976783912074e+01
4.954051168012688078e-01 1.237801526295899457e+01
4.959751169443200047e-01 1.239903767303098014e+01
4.965451170873711462e-01 1.236267686474664629e+01
4.971151172304222321e-01 1.234589439348151174e+01
4.976851173734734290e-01 1.233457199896466605e+01
4.982551175165246260e-01 1.233716725803598635e+01
4.988251176595757674e-01 1.234988941735514167e+01
4.993951178026269644e-01 1.237643869477461500e+01
4.999651179456780503e-01 1.240286095077949824e+01
5.005351180887291918e-01 1.238067118225669816e+01
5.011051182317803887e-01 1.236918624181025450e+01
5.016751183748315857e-01 1.238449380000574251e+01
5.022451185178827826e-01 1.236679084996999833e+01
5.028151186609338685e-01 1.236809917230080025e+01
5.033851188039849545e-01 1.240267039180519681e+01
5.039551189470361514e-01 1.239623752865762718e+01
5.045251190900873484e-01 1.235819591624586522e+01
5.050951192331384343e-01 1.235687296141310654e+01
5.056651193761896312e-01 1.236765003893640724e+01
5.062351195192408282e-01 1.238857711885839841e+01
5.068051196622919141e-01 1.238479228973419843e+01
5.073751198053431111e-01 1.238021180450567371e+01
5.079451199483941970e-01 1.234878923893825586e+01
5.085151200914453939e-01 1.235303478229523577e+01
5.090851202344965909e-01 1.236930212471068735e+01
5.096551203775477878e-01 1.234513521849093820e+01
5.102251205205988738e-01 1.234112575103553056e+01
5.107951206636499597e-01 1.236055759813694266e+01
5.113651208067011567e-01 1.236713975956122269e+01
5.119351209497523536e-01 1.233905833943439490e+01
5.125051210928035506e-01 1.230530711534706967e+01
5.130751212358547475e-01 1.228492723253484797e+01
5.136451213789058334e-01 1.230589303354079078e+01
5.142151215219569194e-01 1.229998595599537836e+01
5.147851216650081163e-01 1.230638230584345649e+01
5.153551218080593133e-01 1.232760218933662699e+01
5.159251219511103992e-01 1.234700080661106902e+01
5.164951220941615961e-01 1.236320388153038152e+01
5.170651222372127931e-01 1.231599880140012004e+01
5.176351223802638790e-01 1.228407801770593011e+01
5.182051225233150760e-01 1.229590536109629895e+01
5.187751226663661619e-01 1.229042838858359232e+01
5.193451228094173588e-01 1.229641501465189890e+01
5.199151229524685558e-01 1.232701456819593488e+01
5.204851230955197527e-01 1.234399039659082575e+01
5.210551232385708387e-01 1.234821097288798342e+01
5.216251233816219246e-01 1.233945182137911267e+01
5.221951235246731216e-01 1.233738704133139308e+01
5.227651236677243185e-01 1.232255071040607319e+01
5.233351238107755155e-01 1.229576751031949122e+01
5.239051239538266014e-01 1.228322685494704558e+01
5.244751240968777983e-01 1.230059513673839078e+01
5.250451242399288843e-01 1.232098000935274840e+01
5.256151243829800812e-01 1.232949159461738731e+01
5.261851245260312782e-01 1.232889358863366169e+01
5.267551246690823641e-01 1.230631404667641604e+01
5.273251248121335610e-01 1.229460121957321661e+01
5.278951249551847580e-01 1.229630658474329330e+01
5.284651250982358439e-01 1.231268800623331394e+01
5.290351252412870409e-01 1.229267825209952036e+01
5.296051253843381268e-01 1.227406655914182032e+01
5.301751255273893237e-01 1.226152109353603947e+01
5.307451256704405207e-01 1.226036731100052179e+01
5.313151258134917176e-01 1.229540991599050059e+01
5.318851259565428036e-01 1.229883374857159239e+01
5.324551260995938895e-01 1.228334866509658951e+01
5.330251262426450864e-01 1.225695430958462495e+01
5.335951263856962834e-01 1.227826279975540658e+01
5.341651265287474804e-01 1.231443826755644011e+01
5.347351266717985663e-01 1.230592082387665798e+01
5.353051268148497632e-01 1.230815228755869128e+01
5.358751269579008492e-01 1.231067509393512793e+01
5.364451271009520461e-01 1.230333141325178303e+01
5.370151272440032431e-01 1.231075979226938344e+01
5.375851273870543290e-01 1.227610716932719193e+01
5.381551275301055259e-01 1.226624178540424381e+01
5.387251276731567229e-01 1.224638720970941641e+01
5.392951278162078088e-01 1.225009865533761655e+01
5.398651279592590058e-01 1.225570592378432622e+01
5.404351281023100917e-01 1.227163479022392423e+01
5.410051282453612886e-01 1.227633869150162127e+01
5.415751283884124856e-01 1.225658443144586229e+01
5.421451285314636825e-01 1.224500976273754915e+01
5.427151286745147685e-01 1.223409587359920891e+01
5.432851288175658544e-01 1.222676082527507191e+01
5.438551289606170513e-01 1.221867718148309123e+01
5.444251291036682483e-01 1.223952027356053307e+01
5.449951292467194452e-01 1.229608439624822402e+01
5.455651293897705312e-01 1.229598388653752394e+01
5.461351295328217281e-01 1.225935781646569112e+01
5.467051296758728141e-01 1.226045492160769790e+01
5.472751298189240110e-01 1.226351188104121981e+01
5.478451299619752080e-01 1.224415515070315230e+01
5.484151301050262939e-01 1.223603888260496220e+01
5.489851302480774908e-01 1.222131255932291438e+01
5.495551303911286878e-01 1.221214009454639537e+01
5.501251305341797737e-01 1.220862806595638972e+01
5.506951306772309707e-01 1.223338469971098519e+01
5.512651308202820566e-01 1.224636183126943223e+01
5.518351309633332535e-01 1.225800066522000620e+01
5.524051311063844505e-01 1.224439752812046933e+01
5.529751312494356474e-01 1.223591995526941290e+01
5.535451313924867334e-01 1.223861952934890418e+01
5.541151315355378193e-01 1.227445524461679227e+01
5.546851316785890162e-01 1.227869047910317590e+01
5.552551318216402132e-01 1.224626603269298997e+01
5.558251319646914101e-01 1.223231591890213821e+01
5.563951321077424961e-01 1.223249013810750796e+01
5.569651322507936930e-01 1.221222340555843644e+01
5.575351323938447790e-01 1.221184945357504148e+01
5.581051325368959759e-01 1.221468759516834979e+01
5.586751326799471729e-01 1.221328889006149510e+01
5.592451328229982588e-01 1.224048039899336970e+01
5.598151329660494557e-01 1.223860669833094406e+01
5.603851331091006527e-01 1.219893530002302029e+01
5.609551332521517386e-01 1.218186047730263155e+01
5.615251333952028245e-01 1.218309531102814525e+01
5.620951335382540215e-01 1.220130453759752243e+01
5.626651336813052184e-01 1.222196163251743606e+01
5.632351338243564154e-01 1.223121953109343707e+01
5.638051339674076123e-01 1.224446187566482536e+01
5.643751341104586983e-01 1.223213451597041868e+01
5.649451342535097842e-01 1.221948317687744279e+01
5.655151343965609811e-01 1.220005029165049315e+01
5.660851345396121781e-01 1.220099659867188535e+01
5.666551346826633750e-01 1.218648581895476823e+01
5.672251348257144610e-01 1.217657764296327016e+01
5.677951349687656579e-01 1.219127655374990127e+01
5.683651351118167439e-01 1.216047215803219927e+01
5.689351352548679408e-01 1.215667764563831454e+01
5.695051353979191378e-01 1.216229439092195896e+01
5.700751355409702237e-01 1.215833500435684655e+01
5.706451356840214206e-01 1.211583338570827273e+01
5.712151358270726176e-01 1.214798661024231485e+01
5.717851359701237035e-01 1.221707020850714542e+01
5.723551361131747894e-01 1.222805585187350275e+01
5.729251362562259864e-01 1.219944507325952543e+01
5.734951363992771833e-01 1.216482390915112433e+01
5.740651365423283803e-01 1.214247863213555512e+01
5.746351366853795772e-01 1.213984121434525321e+01
5.752051368284306632e-01 1.214310068394599895e+01
5.757751369714817491e-01 1.213346907830517196e+01
5.763451371145329460e-01 1.214644874724139001e+01
5.769151372575841430e-01 1.219618460564733908e+01
5.774851374006353399e-01 1.221923858814554720e+01
5.780551375436864259e-01 1.218675754134839373e+01
5.786251376867376228e-01 1.217242914706101331e+01
5.791951378297887087e-01 1.217084027567550208e+01
5.797651379728399057e-01 1.217795759765808938e+01
5.803351381158911027e-01 1.219057012658737982e+01
5.809051382589421886e-01 1.218786414757316194e+01
5.814751384019933855e-01 1.215592392432839475e+01
5.820451385450445825e-01 1.212526793616344101e+01
5.826151386880956684e-01 1.212162435877507782e+01
5.831851388311467543e-01 1.212084607382039181e+01
5.837551389741979513e-01 1.213531535743390677e+01
5.843251391172491482e-01 1.214506219336774251e+01
5.848951392603003452e-01 1.214885621833301599e+01
5.854651394033515421e-01 1.218810797547028635e+01
5.860351395464026281e-01 1.218439326527062860e+01
5.866051396894537140e-01 1.217437871579492814e+01
5.871751398325049109e-01 1.216598918631236970e+01
5.877451399755561079e-01 1.215149540542638817e+01
5.883151401186073048e-01 1.212768044269778400e+01
5.888851402616583908e-01 1.210701789985414045e+01
5.894551404047095877e-01 1.210244466434885524e+01
5.900251405477606736e-01 1.211917121972542866e+01
5.905951406908118706e-01 1.214566324755610438e+01
5.911651408338629565e-01 1.212748013465734687e+01
5.917351409769141535e-01 1.213841289357570830e+01
5.923051411199653504e-01 1.214790909690560561e+01
5.928751412630165474e-01 1.212892327254300184e+01
5.934451414060676333e-01 1.210027793419671127e+01
5.940151415491187192e-01 1.209912194707301758e+01
5.945851416921699162e-01 1.211933581809113392e+01
5.951551418352211131e-01 1.213545425759206609e+01
5.957251419782723101e-01 1.212451642817149988e+01
5.962951421213235070e-01 1.210937488090886660e+01
5.968651422643745930e-01 1.212514752857096312e+01
5.974351424074256789e-01 1.211964743458481841e+01
5.980051425504768758e-01 1.210306924015555197e+01
5.985751426935280728e-01 1.211697342995888249e+01
5.991451428365792697e-01 1.213851395254836341e+01
5.997151429796303557e-01 1.214385149188880320e+01
