# q (1/Angstrom), Intensity (arb)
2.078726924066784734e-02 0.000000000000000000e+00
2.212838338006469993e-02 3.885711252951119832e+01
2.346949751946154905e-02 5.127461838906367575e+01
2.481061165885840164e-02 4.739972379043780393e+01
2.615172579825525423e-02 4.815660296142061725e+01
2.749283993765210335e-02 4.734252180914933206e+01
2.883395407704895941e-02 4.596827701592434323e+01
3.017506821644580506e-02 4.625206837535060345e+01
3.151618235584265765e-02 4.136482281680983419e+01
3.285729649523951718e-02 3.527889208884201366e+01
3.419841063463636283e-02 3.460014007060533459e+01
3.553952477403321542e-02 3.115325712300392524e+01
3.688063891343006800e-02 2.837809482245799586e+01
3.822175305282692059e-02 2.619143426336911773e+01
3.956286719222376624e-02 2.461664034458419792e+01
4.090398133162062577e-02 2.285680937511799016e+01
4.224509547101747142e-02 1.986528978062202100e+01
4.358620961041432401e-02 1.706827644843511393e+01
4.492732374981117660e-02 1.685584438503622096e+01
4.626843788920802919e-02 1.637321902858295175e+01
4.760955202860488178e-02 1.808044050130624214e+01
4.895066616800172743e-02 1.454810180651598728e+01
5.029178030739858696e-02 1.599652120270033606e+01
5.163289444679544649e-02 1.650194895407300066e+01
5.297400858619229214e-02 1.537573243919995036e+01
5.431512272558913779e-02 1.465631844284149565e+01
5.565623686498599731e-02 1.353349734904587365e+01
5.699735100438284990e-02 1.235894381328029112e+01
5.833846514377969555e-02 1.357330259494133884e+01
5.967957928317654814e-02 1.262443494297396285e+01
6.102069342257340767e-02 1.163855900020067224e+01
6.236180756197025332e-02 1.291515686435003829e+01
6.370292170136709897e-02 1.275073514838959454e+01
6.504403584076395850e-02 1.330099731961347231e+01
6.638514998016080415e-02 1.314215005395007552e+01
6.772626411955766368e-02 1.263295257450438669e+01
6.906737825895450933e-02 1.249719924824186990e+01
7.040849239835136886e-02 1.230585876995132821e+01
7.174960653774821451e-02 1.045472771999065742e+01
7.309072067714506016e-02 1.095872785447059528e+01
7.443183481654190581e-02 1.151503456421032467e+01
7.577294895593877921e-02 1.048186444391065208e+01
7.711406309533562486e-02 9.770185983407785102e+00
7.845517723473247051e-02 1.076920305028629343e+01
7.979629137412933004e-02 1.138089874043899385e+01
8.113740551352617569e-02 1.111046946400927027e+01
8.247851965292302134e-02 1.170190347596937386e+01
8.381963379231988087e-02 1.060259976925209457e+01
8.516074793171674040e-02 9.613837091252960931e+00
8.650186207111358605e-02 1.133991289863061525e+01
8.784297621051043170e-02 1.093132741317931789e+01
8.918409034990729123e-02 1.132572816818969841e+01
9.052520448930413688e-02 1.162432057970043786e+01
9.186631862870098253e-02 1.166477739736859576e+01
9.320743276809784206e-02 1.123664036805932653e+01
9.454854690749470159e-02 1.120949807362276829e+01
9.588966104689154724e-02 1.079473735510937615e+01
9.723077518628839289e-02 1.061693299283632541e+01
9.857188932568525241e-02 1.009374834391873321e+01
9.991300346508209806e-02 1.009162846285347825e+01
1.012541176044789437e-01 1.020888090722871766e+01
1.025952317438758032e-01 1.019586108407547442e+01
1.039363458832726350e-01 1.042608074983226629e+01
1.052774600226694945e-01 1.086609864461860298e+01
1.066185741620663541e-01 1.032379297520948569e+01
1.079596883014631858e-01 1.012849561812279831e+01
1.093008024408600454e-01 1.060072260564422209e+01
1.106419165802569049e-01 1.039655232048903599e+01
1.119830307196537506e-01 9.811705084460015769e+00
1.133241448590506101e-01 9.800509327871978371e+00
1.146652589984474419e-01 1.040283330027476438e+01
1.160063731378443014e-01 1.023823383760371541e+01
1.173474872772411609e-01 1.086236553333880295e+01
1.186886014166380066e-01 1.074438709282041771e+01
1.200297155560348661e-01 9.806217551428744628e+00
1.213708296954317256e-01 1.049676594269178054e+01
1.227119438348285574e-01 9.836544086064520798e+00
1.240530579742254169e-01 1.082037190911744062e+01
1.253941721136222764e-01 1.112519317947801767e+01
1.267352862530191082e-01 1.064465595985133461e+01
1.280764003924159677e-01 1.027267423156969528e+01
1.294175145318128273e-01 9.647687352812070571e+00
1.307586286712096590e-01 9.850578725263531510e+00
1.320997428106065186e-01 9.911901895858548528e+00
1.334408569500033781e-01 1.022772622735884340e+01
1.347819710894002376e-01 1.015522558733120206e+01
1.361230852287970972e-01 1.017440136395144634e+01
1.374641993681939289e-01 9.608721561159413227e+00
1.388053135075907885e-01 9.572487986824086192e+00
1.401464276469876480e-01 1.024580297695804632e+01
1.414875417863844798e-01 1.067609107158213533e+01
1.428286559257813393e-01 9.590683568322944552e+00
1.441697700651781988e-01 9.361276311927227312e+00
1.455108842045750306e-01 9.295334809919751251e+00
1.468519983439718901e-01 9.470771783466005900e+00
1.481931124833687219e-01 9.781645659840762619e+00
1.495342266227655814e-01 9.944051975547054667e+00
1.508753407621624687e-01 9.396716406718709891e+00
1.522164549015593005e-01 9.504130198242037864e+00
1.535575690409561600e-01 1.016463832056494709e+01
1.548986831803530195e-01 9.763528826704217067e+00
1.562397973197498513e-01 9.664138725598135693e+00
1.575809114591467108e-01 9.115314034624503847e+00
1.589220255985435704e-01 9.409353943455073477e+00
1.602631397379404021e-01 9.109216432972786492e+00
1.616042538773372617e-01 9.510600437073463809e+00
1.629453680167341212e-01 9.505313711455343650e+00
1.642864821561309530e-01 9.361657148577549492e+00
1.656275962955278125e-01 9.575121696641772928e+00
1.669687104349246720e-01 9.915616004780133608e+00
1.683098245743215315e-01 9.563257427049933312e+00
1.696509387137183911e-01 9.124681268742278917e+00
1.709920528531152228e-01 9.427256310588532529e+00
1.723331669925120824e-01 9.266530002668972088e+00
1.736742811319089419e-01 1.007007176352007605e+01
1.750153952713057737e-01 9.389582344866113317e+00
1.763565094107026332e-01 9.514380392251055696e+00
1.776976235500994927e-01 9.643498773929977119e+00
1.790387376894963245e-01 1.012733246386451924e+01
1.803798518288931840e-01 9.107332240174869753e+00
1.817209659682900158e-01 9.058341582407223314e+00
1.830620801076868753e-01 9.451590440866823428e+00
1.844031942470837349e-01 8.736527335132848293e+00
1.857443083864805944e-01 8.804830825790531890e+00
1.870854225258774539e-01 9.062173040058297602e+00
1.884265366652743134e-01 8.116874637274918314e+00
1.897676508046711452e-01 8.344918153205313160e+00
1.911087649440680047e-01 8.819749586929546581e+00
1.924498790834648643e-01 8.558298437157247918e+00
1.937909932228616960e-01 8.867369465774999071e+00
1.951321073622585556e-01 8.393058207475959875e+00
1.964732215016554151e-01 8.110994505983015301e+00
1.978143356410522469e-01 8.987892852092812745e+00
1.991554497804491064e-01 9.033597173603808983e+00
2.004965639198459382e-01 8.803091526803498823e+00
2.018376780592427977e-01 8.779457420769887221e+00
2.031787921986396572e-01 8.879303607987196756e+00
2.045199063380365168e-01 7.873814501273415090e+00
2.058610204774333763e-01 7.419598444431912299e+00
2.072021346168302081e-01 7.534433203622526776e+00
2.085432487562270676e-01 8.340729457629137755e+00
2.098843628956239271e-01 7.518683852575918536e+00
2.112254770350207866e-01 7.907273657320445182e+00
2.125665911744176462e-01 7.989768055731644836e+00
2.139077053138144502e-01 7.969567191528611261e+00
2.152488194532113097e-01 8.339894113705526024e+00
2.165899335926081692e-01 8.053893788926714592e+00
2.179310477320050288e-01 7.859915142465553117e+00
2.192721618714018883e-01 7.930018062534955448e+00
2.206132760107987478e-01 8.086577396334092782e+00
2.219543901501955796e-01 7.816126898850626503e+00
2.232955042895924391e-01 8.237415065410672810e+00
2.246366184289892987e-01 7.935860927017429844e+00
2.259777325683861582e-01 7.739638117323437427e+00
2.273188467077830177e-01 8.144288959556647001e+00
2.286599608471798217e-01 8.593371138054337166e+00
2.300010749865766813e-01 9.055457188168702487e+00
2.313421891259735408e-01 8.577524898312532287e+00
2.326833032653704003e-01 7.613081410823539841e+00
2.340244174047672598e-01 7.564049061990118616e+00
2.353655315441641194e-01 8.313918637899405439e+00
2.367066456835609234e-01 7.985780165169074962e+00
2.380477598229577829e-01 7.631597579690748034e+00
2.393888739623546424e-01 7.445432783750590033e+00
2.407299881017515020e-01 7.645747160471174197e+00
2.420711022411483615e-01 8.061735172816185013e+00
2.434122163805451933e-01 7.817732637023965481e+00
2.447533305199420528e-01 7.657757366279298594e+00
2.460944446593389123e-01 7.682066867494455664e+00
2.474355587987357719e-01 8.516687493036627643e+00
2.487766729381326314e-01 8.217155137411026544e+00
2.501177870775294632e-01 7.160282563207445605e+00
2.514589012169263227e-01 7.534769916625791097e+00
2.528000153563231822e-01 7.456777259175495942e+00
2.541411294957200417e-01 7.117372365850727078e+00
2.554822436351169013e-01 7.333635307650894219e+00
2.568233577745137608e-01 7.230062000916547049e+00
2.581644719139106203e-01 7.656458916224551103e+00
2.595055860533074243e-01 6.989715936280248343e+00
2.608467001927042839e-01 6.484214269217503102e+00
2.621878143321011434e-01 6.921712772194538843e+00
2.635289284714980029e-01 7.904763757659779344e+00
2.648700426108948625e-01 7.045776097487632228e+00
2.662111567502916665e-01 7.162962104753390236e+00
2.675522708896885260e-01 6.990963309468071429e+00
2.688933850290853855e-01 6.597183723041737835e+00
2.702344991684822451e-01 6.590228240152981698e+00
2.715756133078791046e-01 6.817701872820848052e+00
2.729167274472759641e-01 6.347978953788455669e+00
2.742578415866727681e-01 6.407505196836737582e+00
2.755989557260696277e-01 6.544195371917027160e+00
2.769400698654664872e-01 5.931950593236308578e+00
2.782811840048633467e-01 6.865016818518583364e+00
2.796222981442602062e-01 6.602061462991841267e+00
2.809634122836570103e-01 5.881682297136705984e+00
2.823045264230538698e-01 5.857626727033604652e+00
2.836456405624507293e-01 6.022508592821694151e+00
2.849867547018475888e-01 6.298662542572870393e+00
2.863278688412444484e-01 7.027473246094487536e+00
2.876689829806413079e-01 6.683000375387578629e+00
2.890100971200381674e-01 6.114235644228728006e+00
2.903512112594350270e-01 6.494058125784007984e+00
2.916923253988318865e-01 6.421088725891578974e+00
2.930334395382287460e-01 6.022413195625148319e+00
2.943745536776256055e-01 6.133779779466706827e+00
2.957156678170224096e-01 6.109357448117478384e+00
2.970567819564192691e-01 6.198703316136587205e+00
2.983978960958161286e-01 6.418217834868158889e+00
2.997390102352129881e-01 6.848532129755994902e+00
3.010801243746098477e-01 6.719499238198125113e+00
3.024212385140067072e-01 6.173084565248871058e+00
3.037623526534035112e-01 5.990369330629263800e+00
3.051034667928003707e-01 6.034752622622761464e+00
3.064445809321972303e-01 6.102232048907197282e+00
3.077856950715940898e-01 6.116530650949272285e+00
3.091268092109909493e-01 6.214153948472699085e+00
3.104679233503877533e-01 5.957721351828311640e+00
3.118090374897846129e-01 6.218494723185713724e+00
3.131501516291814724e-01 5.916427361600497647e+00
3.144912657685783319e-01 6.219771075361336443e+00
3.158323799079751915e-01 5.969468569021714188e+00
3.171734940473720510e-01 6.042889118523390835e+00
3.185146081867689105e-01 5.939865990764971571e+00
3.198557223261657700e-01 4.836561970586188863e+00
3.211968364655626296e-01 4.980478631208939078e+00
3.225379506049594891e-01 5.319645828054248682e+00
3.238790647443563486e-01 6.010339824384288931e+00
3.252201788837532082e-01 5.893788256369319356e+00
3.265612930231500122e-01 5.699429671560793054e+00
3.279024071625468717e-01 5.730946786236700063e+00
3.292435213019437312e-01 5.452865939096753323e+00
3.305846354413405908e-01 5.383393626515555752e+00
3.319257495807374503e-01 5.868811292753534303e+00
3.332668637201342543e-01 5.555845092917238048e+00
3.346079778595311138e-01 5.139214200701786694e+00
3.359490919989279734e-01 4.843626378547995159e+00
3.372902061383248329e-01 4.980220229010342337e+00
3.386313202777216924e-01 4.985403714699586430e+00
3.399724344171185519e-01 4.827857314281033041e+00
3.413135485565153560e-01 5.050695933058662490e+00
3.426546626959122155e-01 5.442318644739373212e+00
3.439957768353090750e-01 4.979003660357406602e+00
3.453368909747059345e-01 5.431518412065955204e+00
3.466780051141027941e-01 5.654575892781423363e+00
3.480191192534995981e-01 5.396633218048293656e+00
3.493602333928964576e-01 5.366619367057552381e+00
3.507013475322933171e-01 5.571708322622086484e+00
3.520424616716901767e-01 5.294259365812109763e+00
3.533835758110870362e-01 5.113455293174183680e+00
3.547246899504838957e-01 5.064006909049112437e+00
3.560658040898807553e-01 5.443664730518477768e+00
3.574069182292776148e-01 4.974211337063366045e+00
3.587480323686744743e-01 4.656993107359383544e+00
3.600891465080713338e-01 4.822871999255980313e+00
3.614302606474681934e-01 5.204494778637482000e+00
3.627713747868649974e-01 4.581143957892237495e+00
3.641124889262618569e-01 4.411734637143965188e+00
3.654536030656587164e-01 4.244133050509901750e+00
3.667947172050555760e-01 4.603922994212993558e+00
3.681358313444524355e-01 4.319897938525713244e+00
3.694769454838492950e-01 4.647867895113236614e+00
3.708180596232460990e-01 5.519212385437711532e+00
3.721591737626429586e-01 5.237004673719127368e+00
3.735002879020398181e-01 5.236472350067614911e+00
3.748414020414366776e-01 4.708143402131298672e+00
3.761825161808335372e-01 4.811173050030490117e+00
3.775236303202303967e-01 4.581270114029038609e+00
3.788647444596272007e-01 4.941515749588262452e+00
3.802058585990240602e-01 5.199805894021338304e+00
3.815469727384209198e-01 5.261397006947007071e+00
3.828880868778177793e-01 4.686992393864699125e+00
3.842292010172146388e-01 4.310435682624827791e+00
3.855703151566114428e-01 4.250514906319878605e+00
3.869114292960083024e-01 4.577013034088238896e+00
3.882525434354051619e-01 4.362677915577961585e+00
3.895936575748020214e-01 4.122044419836115026e+00
3.909347717141988809e-01 4.653192193065251558e+00
3.922758858535957405e-01 4.564311156470637343e+00
3.936169999929926000e-01 4.712294848099446654e+00
3.949581141323894595e-01 4.500000857516340602e+00
3.962992282717863191e-01 4.501060572178104735e+00
3.976403424111831786e-01 4.394791299116889149e+00
3.989814565505800381e-01 4.936505572513013362e+00
4.003225706899768976e-01 4.954093940395381424e+00
4.016636848293737572e-01 4.673854192324498058e+00
4.030047989687706167e-01 4.344547454311154411e+00
4.043459131081674207e-01 4.378379674677276512e+00
4.056870272475643358e-01 4.241825186932089764e+00
4.070281413869611398e-01 4.160599103075909966e+00
4.083692555263580548e-01 4.677599442717792044e+00
4.097103696657548588e-01 4.597563063632478020e+00
4.110514838051517739e-01 4.385520698325393596e+00
4.123925979445485779e-01 4.544230906447609186e+00
4.137337120839453819e-01 4.504860809762178064e+00
4.150748262233422969e-01 4.264575821398238986e+00
4.164159403627391010e-01 4.172142097838019481e+00
4.177570545021360160e-01 4.177955565590863785e+00
4.190981686415328200e-01 4.552475949690716561e+00
4.204392827809296240e-01 4.409907317600399779e+00
4.217803969203265391e-01 3.959495062085352401e+00
4.231215110597233431e-01 4.001890723851161624e+00
4.244626251991202581e-01 4.528354298124071420e+00
4.258037393385170621e-01 4.896948234235750874e+00
4.271448534779138662e-01 4.138872291705411044e+00
4.284859676173107812e-01 4.411217541298938727e+00
4.298270817567075852e-01 4.536622180451772124e+00
4.311681958961045003e-01 4.114852926498514307e+00
4.325093100355013043e-01 4.031709423028317474e+00
4.338504241748981638e-01 4.124646810914228467e+00
4.351915383142950233e-01 3.912553770860029090e+00
4.365326524536918829e-01 3.963317251533652552e+00
4.378737665930887424e-01 4.682824881814710238e+00
4.392148807324856019e-01 4.447717723873537921e+00
4.405559948718824614e-01 4.105795069136817688e+00
4.418971090112793210e-01 4.366414547582323280e+00
4.432382231506761250e-01 4.282474181304479544e+00
4.445793372900730400e-01 4.126996540012513037e+00
4.459204514294698440e-01 4.109361057585203980e+00
4.472615655688667591e-01 3.542910534965031388e+00
4.486026797082635631e-01 3.938429280005962596e+00
4.499437938476603671e-01 3.888244318779698006e+00
4.512849079870572822e-01 4.201667082391026042e+00
4.526260221264540862e-01 4.178052755534366725e+00
4.539671362658510012e-01 3.797357842489049062e+00
4.553082504052478052e-01 3.810584348145610534e+00
4.566493645446446092e-01 3.648378085911602398e+00
4.579904786840415243e-01 3.714346589369355911e+00
4.593315928234383283e-01 3.877967024407894314e+00
4.606727069628352433e-01 3.430458307473614354e+00
4.620138211022320474e-01 3.506650331290813938e+00
4.633549352416289624e-01 3.828483829031071650e+00
4.646960493810257664e-01 4.031600099767800316e+00
4.660371635204225704e-01 3.672015800628628313e+00
4.673782776598194855e-01 3.453450775588066790e+00
4.687193917992162895e-01 3.846229027097336939e+00
4.700605059386132045e-01 3.795329483437043905e+00
4.714016200780100085e-01 3.618830941193792228e+00
4.727427342174068681e-01 3.309653627161793565e+00
4.740838483568037276e-01 3.396927264487857201e+00
4.754249624962005871e-01 3.595525550435880291e+00
4.767660766355974467e-01 3.244421465192999676e+00
4.781071907749943062e-01 3.463152345701985269e+00
4.794483049143911102e-01 3.668976098676708375e+00
4.807894190537880252e-01 3.809771296597233459e+00
4.821305331931848293e-01 3.680300459712285033e+00
4.834716473325817443e-01 3.322987417811759769e+00
4.848127614719785483e-01 3.238397973917287231e+00
4.861538756113753523e-01 3.546435884447859621e+00
4.874949897507722674e-01 3.491557460766742338e+00
4.888361038901690714e-01 3.514497435441754192e+00
4.901772180295659864e-01 3.140259921953401090e+00
4.915183321689627904e-01 3.256049844167407059e+00
4.928594463083597055e-01 3.435554164782431030e+00
4.942005604477565095e-01 3.267247282984413914e+00
4.955416745871533135e-01 3.221176277065922022e+00
4.968827887265502286e-01 3.250826166383632199e+00
4.982239028659470326e-01 2.961640285205035639e+00
4.995650170053439476e-01 3.080987168147558464e+00
5.009061311447408071e-01 3.149282043956503685e+00
5.022472452841375556e-01 3.100673010400299745e+00
5.035883594235345262e-01 2.908447573652850338e+00
5.049294735629312747e-01 3.290320386747779935e+00
5.062705877023282452e-01 3.633544564918253172e+00
5.076117018417249938e-01 3.892187565251774117e+00
5.089528159811218533e-01 3.568414918363927768e+00
5.102939301205187128e-01 3.377348285590173305e+00
5.116350442599155723e-01 2.896280682665761219e+00
5.129761583993124319e-01 2.757386413752456633e+00
5.143172725387092914e-01 3.339873304846037172e+00
5.156583866781061509e-01 3.530221651737079469e+00
5.169995008175030105e-01 3.411521345520341697e+00
5.183406149568997590e-01 3.253554417446579805e+00
5.196817290962967295e-01 2.715055521835566310e+00
5.210228432356934780e-01 2.558824056008134562e+00
5.223639573750904486e-01 2.703133209315836893e+00
5.237050715144871971e-01 2.899101881866016583e+00
5.250461856538840566e-01 3.090109023075257255e+00
5.263872997932809161e-01 2.925482183658701274e+00
5.277284139326777757e-01 2.719898662933402989e+00
5.290695280720746352e-01 2.888068113784186153e+00
5.304106422114714947e-01 3.318638153867155438e+00
5.317517563508683542e-01 3.180108146283245674e+00
5.330928704902652138e-01 3.174063664374799032e+00
5.344339846296620733e-01 2.762762057411720207e+00
5.357750987690589328e-01 2.589072272497389804e+00
5.371162129084557924e-01 2.847130749551524787e+00
5.384573270478525409e-01 2.556248492115415161e+00
5.397984411872495114e-01 2.762824693871948512e+00
5.411395553266462599e-01 2.705553889092556119e+00
5.424806694660432305e-01 2.998447174845168206e+00
5.438217836054399790e-01 2.955672755371722360e+00
5.451628977448369495e-01 2.568849097505406576e+00
5.465040118842336980e-01 2.421352635774894679e+00
5.478451260236305576e-01 2.225606355189754026e+00
5.491862401630274171e-01 2.676797891019816689e+00
5.505273543024242766e-01 2.712060201822055205e+00
5.518684684418211361e-01 2.410256448692805975e+00
5.532095825812179957e-01 2.665703109117842473e+00
5.545506967206147442e-01 2.393172183762814598e+00
5.558918108600117147e-01 2.675738942534721332e+00
5.572329249994084632e-01 2.792443886927216568e+00
5.585740391388054338e-01 2.344106699515634773e+00
5.599151532782021823e-01 2.447016218430249523e+00
5.612562674175990418e-01 2.579351431068545253e+00
5.625973815569959013e-01 2.366039443583289881e+00
5.639384956963927609e-01 2.265540824578920365e+00
5.652796098357896204e-01 2.399994815040059848e+00
5.666207239751864799e-01 2.336321406118443633e+00
5.679618381145833395e-01 2.174270295118120089e+00
5.693029522539801990e-01 2.026603900992824947e+00
5.706440663933770585e-01 2.194524509093270126e+00
5.719851805327739180e-01 2.810301392748371541e+00
5.733262946721707776e-01 2.371044688409455148e+00
5.746674088115676371e-01 2.285508533052379221e+00
5.760085229509644966e-01 2.441770889317851356e+00
5.773496370903612451e-01 2.392543244996375051e+00
5.786907512297582157e-01 2.248579607717431372e+00
5.800318653691549642e-01 2.112408388326400654e+00
5.813729795085519347e-01 2.189350422617479808e+00
5.827140936479486832e-01 2.160766057392365269e+00
5.840552077873455428e-01 2.222100308752942510e+00
5.853963219267424023e-01 2.197123660676965073e+00
5.867374360661392618e-01 2.053350378487536432e+00
5.880785502055361214e-01 2.075467898206923678e+00
5.894196643449329809e-01 1.674289663574569431e+00
5.907607784843297294e-01 1.764727943244878361e+00
5.921018926237266999e-01 1.562264244690894088e+00
5.934430067631234484e-01 1.560492596674748711e+00
5.947841209025204190e-01 1.832769150734932850e+00
5.961252350419171675e-01 1.872879528944366712e+00
5.974663491813141381e-01 1.651092056904886363e+00
5.988074633207108866e-01 1.402069634416264421e+00
