# q (1/Angstrom), Intensity (arb)
2.078726924066784734e-02 0.000000000000000000e+00
2.212838338006469993e-02 6.539172326694659887e+01
2.346949751946154905e-02 8.562605214535983578e+01
2.481061165885840164e-02 8.717064258983532454e+01
2.615172579825525423e-02 8.982731661159493797e+01
2.749283993765210335e-02 9.248709079797367849e+01
2.883395407704895941e-02 8.839644174205352556e+01
3.017506821644580506e-02 7.878572202075838504e+01
3.151618235584265765e-02 7.254989263122695320e+01
3.285729649523951718e-02 6.645669863001432986e+01
3.419841063463636283e-02 5.900018109542145339e+01
3.553952477403321542e-02 5.646138100802571103e+01
3.688063891343006800e-02 5.502741619395288808e+01
3.822175305282692059e-02 4.321842553760319561e+01
3.956286719222376624e-02 4.035280069840197825e+01
4.090398133162062577e-02 4.170371922926474895e+01
4.224509547101747142e-02 3.705665930965454891e+01
4.358620961041432401e-02 3.498832592793363006e+01
4.492732374981117660e-02 3.373108514557998205e+01
4.626843788920802919e-02 3.010987340316333416e+01
4.760955202860488178e-02 3.025077566706380594e+01
4.895066616800172743e-02 2.825839342970127177e+01
5.029178030739858696e-02 2.518608689166717340e+01
5.163289444679544649e-02 2.357387479076314207e+01
5.297400858619229214e-02 2.357699377081073067e+01
5.431512272558913779e-02 2.481057383401622474e+01
5.565623686498599731e-02 2.543239708122104048e+01
5.699735100438284990e-02 2.483984335195262361e+01
5.833846514377969555e-02 2.498554523862574683e+01
5.967957928317654814e-02 2.329364802335618378e+01
6.102069342257340767e-02 2.220433485771332016e+01
6.236180756197025332e-02 2.138950787424263922e+01
6.370292170136709897e-02 2.141150114515869518e+01
6.504403584076395850e-02 1.900265225241074063e+01
6.638514998016080415e-02 1.947895122971240767e+01
6.772626411955766368e-02 2.017704981911549567e+01
6.906737825895450933e-02 1.988239082786506629e+01
7.040849239835136886e-02 2.080897711830886010e+01
7.174960653774821451e-02 2.015743458952073297e+01
7.309072067714506016e-02 2.052043167064354634e+01
7.443183481654190581e-02 2.000015512755322789e+01
7.577294895593877921e-02 2.031433846294925161e+01
7.711406309533562486e-02 2.124337346818398942e+01
7.845517723473247051e-02 1.941581211141181029e+01
7.979629137412933004e-02 1.934219645253841691e+01
8.113740551352617569e-02 1.875821717813684586e+01
8.247851965292302134e-02 1.823514621348044784e+01
8.381963379231988087e-02 1.888166890580600921e+01
8.516074793171674040e-02 1.862044847742896536e+01
8.650186207111358605e-02 1.695564781780393560e+01
8.784297621051043170e-02 1.802542226303717143e+01
8.918409034990729123e-02 1.859620448121174263e+01
9.052520448930413688e-02 1.900464319700992633e+01
9.186631862870098253e-02 1.954071479877649153e+01
9.320743276809784206e-02 1.932152788356708584e+01
9.454854690749470159e-02 1.922682928452184115e+01
9.588966104689154724e-02 1.790929424732229336e+01
9.723077518628839289e-02 1.729289416505878307e+01
9.857188932568525241e-02 1.844151268299391688e+01
9.991300346508209806e-02 1.872403983215342294e+01
1.012541176044789437e-01 1.902971207293036571e+01
1.025952317438758032e-01 1.858998900218350059e+01
1.039363458832726350e-01 1.758677544705844298e+01
1.052774600226694945e-01 1.858313822885111222e+01
1.066185741620663541e-01 1.831593749029038065e+01
1.079596883014631858e-01 1.706081573455901434e+01
1.093008024408600454e-01 1.907638481788906404e+01
1.106419165802569049e-01 1.915403235546965277e+01
1.119830307196537506e-01 1.836588227057112022e+01
1.133241448590506101e-01 1.779466022697771166e+01
1.146652589984474419e-01 1.890114415935103409e+01
1.160063731378443014e-01 1.889012259329257404e+01
1.173474872772411609e-01 1.842331152955883056e+01
1.186886014166380066e-01 1.731962368136417751e+01
1.200297155560348661e-01 1.780257345235516198e+01
1.213708296954317256e-01 1.813949752939936388e+01
1.227119438348285574e-01 1.748510510510052995e+01
1.240530579742254169e-01 1.813750530723697807e+01
1.253941721136222764e-01 1.793441309503089087e+01
1.267352862530191082e-01 1.779901333584845702e+01
1.280764003924159677e-01 1.782050636298733082e+01
1.294175145318128273e-01 1.632928597315788011e+01
1.307586286712096590e-01 1.753648668066723815e+01
1.320997428106065186e-01 1.847265413596889516e+01
1.334408569500033781e-01 1.799192532415953849e+01
1.347819710894002376e-01 1.729178082622648560e+01
1.361230852287970972e-01 1.753828133633832920e+01
1.374641993681939289e-01 1.812097821616531235e+01
1.388053135075907885e-01 1.771344364340561128e+01
1.401464276469876480e-01 1.796816914531918030e+01
1.414875417863844798e-01 1.871509858766746959e+01
1.428286559257813393e-01 1.821812579518530129e+01
1.441697700651781988e-01 1.720771032621324537e+01
1.455108842045750306e-01 1.717798406291915114e+01
1.468519983439718901e-01 1.626872262541628800e+01
1.481931124833687219e-01 1.613833346640085153e+01
1.495342266227655814e-01 1.673426676417412295e+01
1.508753407621624687e-01 1.738475034468694957e+01
1.522164549015593005e-01 1.657229612469022584e+01
1.535575690409561600e-01 1.676927756288334592e+01
1.548986831803530195e-01 1.604724057090206202e+01
1.562397973197498513e-01 1.683567369523301238e+01
1.575809114591467108e-01 1.715982708195940631e+01
1.589220255985435704e-01 1.674010595281438896e+01
1.602631397379404021e-01 1.770026140437080642e+01
1.616042538773372617e-01 1.654220255762551517e+01
1.629453680167341212e-01 1.609363429343014218e+01
1.642864821561309530e-01 1.686094972070628728e+01
1.656275962955278125e-01 1.730057638391170372e+01
1.669687104349246720e-01 1.743014411847069312e+01
1.683098245743215315e-01 1.743842872672665578e+01
1.696509387137183911e-01 1.623485847312696251e+01
1.709920528531152228e-01 1.601104598583003735e+01
1.723331669925120824e-01 1.678017014928509809e+01
1.736742811319089419e-01 1.648649641919041642e+01
1.750153952713057737e-01 1.623460118452584311e+01
1.763565094107026332e-01 1.594402974505543114e+01
1.776976235500994927e-01 1.516204860066005722e+01
1.790387376894963245e-01 1.537146345718431917e+01
1.803798518288931840e-01 1.581529035175736908e+01
1.817209659682900158e-01 1.623720831916143936e+01
1.830620801076868753e-01 1.645306374906060398e+01
1.844031942470837349e-01 1.555767105147174334e+01
1.857443083864805944e-01 1.457936395673571894e+01
1.870854225258774539e-01 1.547442336427442910e+01
1.884265366652743134e-01 1.583569606211831626e+01
1.897676508046711452e-01 1.599852815606621448e+01
1.911087649440680047e-01 1.635272394518088390e+01
1.924498790834648643e-01 1.613800985610295413e+01
1.937909932228616960e-01 1.565481729815729750e+01
1.951321073622585556e-01 1.503697821795226730e+01
1.964732215016554151e-01 1.551223341083229457e+01
1.978143356410522469e-01 1.456682573159966410e+01
1.991554497804491064e-01 1.484617637569871818e+01
2.004965639198459382e-01 1.562191933980652436e+01
2.018376780592427977e-01 1.565952887110857716e+01
2.031787921986396572e-01 1.605507118243360765e+01
2.045199063380365168e-01 1.560861552521822659e+01
2.058610204774333763e-01 1.487481995904462906e+01
2.072021346168302081e-01 1.439132219865305728e+01
2.085432487562270676e-01 1.504030550023499302e+01
2.098843628956239271e-01 1.455249723063012368e+01
2.112254770350207866e-01 1.448213070679580028e+01
2.125665911744176462e-01 1.412478323558030979e+01
2.139077053138144502e-01 1.468603001577997702e+01
2.152488194532113097e-01 1.462249520675401016e+01
2.165899335926081692e-01 1.439933182645219745e+01
2.179310477320050288e-01 1.503150808490482859e+01
2.192721618714018883e-01 1.546838736860503616e+01
2.206132760107987478e-01 1.494993531994352054e+01
2.219543901501955796e-01 1.437069273346848775e+01
2.232955042895924391e-01 1.361115408804423055e+01
2.246366184289892987e-01 1.433443340923471965e+01
2.259777325683861582e-01 1.439830999241640086e+01
2.273188467077830177e-01 1.385522214765846627e+01
2.286599608471798217e-01 1.405907071360635996e+01
2.300010749865766813e-01 1.469485762743762791e+01
2.313421891259735408e-01 1.388657739386604817e+01
2.326833032653704003e-01 1.428177744724732179e+01
2.340244174047672598e-01 1.472777417199687022e+01
2.353655315441641194e-01 1.361269633786065469e+01
2.367066456835609234e-01 1.456333874158590902e+01
2.380477598229577829e-01 1.457234315500694777e+01
2.393888739623546424e-01 1.441758127449757865e+01
2.407299881017515020e-01 1.325570906083586920e+01
2.420711022411483615e-01 1.444089734486831844e+01
2.434122163805451933e-01 1.384248787326281160e+01
2.447533305199420528e-01 1.355541196993419817e+01
2.460944446593389123e-01 1.357587665690202527e+01
2.474355587987357719e-01 1.334896837155390870e+01
2.487766729381326314e-01 1.360485539822438739e+01
2.501177870775294632e-01 1.343595254660439764e+01
2.514589012169263227e-01 1.362288210342850903e+01
2.528000153563231822e-01 1.299503713028509821e+01
2.541411294957200417e-01 1.292203335284864352e+01
2.554822436351169013e-01 1.286156632778551057e+01
2.568233577745137608e-01 1.284986628350432625e+01
2.581644719139106203e-01 1.285146636942829446e+01
2.595055860533074243e-01 1.258065633898088720e+01
2.608467001927042839e-01 1.272980607547830800e+01
2.621878143321011434e-01 1.219876088978365658e+01
2.635289284714980029e-01 1.279803155497415901e+01
2.648700426108948625e-01 1.261313758018435749e+01
2.662111567502916665e-01 1.159454923578134355e+01
2.675522708896885260e-01 1.099969235529272282e+01
2.688933850290853855e-01 1.162493654882909766e+01
2.702344991684822451e-01 1.264682985610767219e+01
2.715756133078791046e-01 1.209745706592926240e+01
2.729167274472759641e-01 1.191424995901783745e+01
2.742578415866727681e-01 1.265040635595833862e+01
2.755989557260696277e-01 1.166883067473163749e+01
2.769400698654664872e-01 1.178888162957726138e+01
2.782811840048633467e-01 1.071284314422605632e+01
2.796222981442602062e-01 1.163350000078304447e+01
2.809634122836570103e-01 1.210673411557391432e+01
2.823045264230538698e-01 1.189386780853497783e+01
2.836456405624507293e-01 1.170343716651954935e+01
2.849867547018475888e-01 1.206703348541212506e+01
2.863278688412444484e-01 1.205508986499846458e+01
2.876689829806413079e-01 1.059659835222035440e+01
2.890100971200381674e-01 1.022014181965266744e+01
2.903512112594350270e-01 1.049888965782830041e+01
2.916923253988318865e-01 1.014945310982287197e+01
2.930334395382287460e-01 1.070830776292733333e+01
2.943745536776256055e-01 1.079698841748400184e+01
2.957156678170224096e-01 1.164777635694090918e+01
2.970567819564192691e-01 1.139739190526528034e+01
2.983978960958161286e-01 1.156625141607149487e+01
2.997390102352129881e-01 1.115152548791790821e+01
3.010801243746098477e-01 1.018459739938539599e+01
3.024212385140067072e-01 1.009298086981105769e+01
3.037623526534035112e-01 1.069478416009256705e+01
3.051034667928003707e-01 1.108525542447220857e+01
3.064445809321972303e-01 1.066974008978716881e+01
3.077856950715940898e-01 1.046818397795431110e+01
3.091268092109909493e-01 1.041611601767520767e+01
3.104679233503877533e-01 1.010931112568435708e+01
3.118090374897846129e-01 1.009550823304097378e+01
3.131501516291814724e-01 9.903376688842769227e+00
3.144912657685783319e-01 9.456313250487966116e+00
3.158323799079751915e-01 9.736944488879132109e+00
3.171734940473720510e-01 1.051139520105589042e+01
3.185146081867689105e-01 1.085335370080044015e+01
3.198557223261657700e-01 1.014642882979634919e+01
3.211968364655626296e-01 9.457502836330760942e+00
3.225379506049594891e-01 9.864677104249793160e+00
3.238790647443563486e-01 9.784014539969334123e+00
3.252201788837532082e-01 9.124882818431416354e+00
3.265612930231500122e-01 8.793077642411773809e+00
3.279024071625468717e-01 9.972435446636595202e+00
3.292435213019437312e-01 1.022033945815526579e+01
3.305846354413405908e-01 9.949699370071016347e+00
3.319257495807374503e-01 9.401214726538171362e+00
3.332668637201342543e-01 8.985109602191585054e+00
3.346079778595311138e-01 8.947945290385206363e+00
3.359490919989279734e-01 9.054114199379782235e+00
3.372902061383248329e-01 9.134460112107220198e+00
3.386313202777216924e-01 9.150682227507971334e+00
3.399724344171185519e-01 9.593468808787960711e+00
3.413135485565153560e-01 9.533344202931260725e+00
3.426546626959122155e-01 8.912975211015151444e+00
3.439957768353090750e-01 7.983918974441834848e+00
3.453368909747059345e-01 8.103966390786766283e+00
3.466780051141027941e-01 8.686813917751777581e+00
3.480191192534995981e-01 8.465249081838948086e+00
3.493602333928964576e-01 8.176844400320632644e+00
3.507013475322933171e-01 8.912370774869586398e+00
3.520424616716901767e-01 8.801141670819390583e+00
3.533835758110870362e-01 8.781263191546500479e+00
3.547246899504838957e-01 9.008311622252378470e+00
3.560658040898807553e-01 8.704092761782945331e+00
3.574069182292776148e-01 8.135961539812711862e+00
3.587480323686744743e-01 8.519629177845018830e+00
3.600891465080713338e-01 8.404222771589942909e+00
3.614302606474681934e-01 7.645842405774956774e+00
3.627713747868649974e-01 8.179658907083720010e+00
3.641124889262618569e-01 8.097805746085668943e+00
3.654536030656587164e-01 8.185084005212885927e+00
3.667947172050555760e-01 8.472575601418938618e+00
3.681358313444524355e-01 8.718947747501715639e+00
3.694769454838492950e-01 8.680519805852867421e+00
3.708180596232460990e-01 8.693537816493687842e+00
3.721591737626429586e-01 8.464879526450928893e+00
3.735002879020398181e-01 7.434088202969476811e+00
3.748414020414366776e-01 7.470990473428940959e+00
3.761825161808335372e-01 7.066732277232006254e+00
3.775236303202303967e-01 7.144414191745028120e+00
3.788647444596272007e-01 7.073099120961842345e+00
3.802058585990240602e-01 7.716586293208067104e+00
3.815469727384209198e-01 7.966445866513055307e+00
3.828880868778177793e-01 8.066373623343380928e+00
3.842292010172146388e-01 8.532612152062824862e+00
3.855703151566114428e-01 8.374132574783629934e+00
3.869114292960083024e-01 7.747689581531460590e+00
3.882525434354051619e-01 7.748602676539960044e+00
3.895936575748020214e-01 7.637819164454811016e+00
3.909347717141988809e-01 8.184272358244285783e+00
3.922758858535957405e-01 7.725350463119397659e+00
3.936169999929926000e-01 7.629863677910634578e+00
3.949581141323894595e-01 7.178168437069857077e+00
3.962992282717863191e-01 7.661547702177699648e+00
3.976403424111831786e-01 7.339109490562123028e+00
3.989814565505800381e-01 7.620858331623551862e+00
4.003225706899768976e-01 7.594505783962318901e+00
4.016636848293737572e-01 7.064643571274757505e+00
4.030047989687706167e-01 7.472683925764798119e+00
4.043459131081674207e-01 7.927625999205559992e+00
4.056870272475643358e-01 7.516092544106200535e+00
4.070281413869611398e-01 6.647807454266427385e+00
4.083692555263580548e-01 6.969551081222405742e+00
4.097103696657548588e-01 7.413970654664851168e+00
4.110514838051517739e-01 7.407073733916931246e+00
4.123925979445485779e-01 7.395546988611513939e+00
4.137337120839453819e-01 7.327369819670408901e+00
4.150748262233422969e-01 7.013153529742751857e+00
4.164159403627391010e-01 7.141510479740702522e+00
4.177570545021360160e-01 7.290399061323981300e+00
4.190981686415328200e-01 7.546535160160587452e+00
4.204392827809296240e-01 6.906414441126131010e+00
4.217803969203265391e-01 6.617647477214802620e+00
4.231215110597233431e-01 7.138205046660189623e+00
4.244626251991202581e-01 7.150611394865379111e+00
4.258037393385170621e-01 7.374887264115685070e+00
4.271448534779138662e-01 6.745123317550721254e+00
4.284859676173107812e-01 6.778856663048088649e+00
4.298270817567075852e-01 6.629246900394917930e+00
4.311681958961045003e-01 6.990148070104780231e+00
4.325093100355013043e-01 6.835075366506629280e+00
4.338504241748981638e-01 6.765334400530434777e+00
4.351915383142950233e-01 6.352037151763610723e+00
4.365326524536918829e-01 6.516780369504331816e+00
4.378737665930887424e-01 6.434451368409924044e+00
4.392148807324856019e-01 7.123064766589891406e+00
4.405559948718824614e-01 6.410069448862074637e+00
4.418971090112793210e-01 6.921003579661075378e+00
4.432382231506761250e-01 6.988438653118649313e+00
4.445793372900730400e-01 6.680846541495512270e+00
4.459204514294698440e-01 6.449405119486442572e+00
4.472615655688667591e-01 6.837946362268610301e+00
4.486026797082635631e-01 6.450676688209043164e+00
4.499437938476603671e-01 6.140574636412694076e+00
4.512849079870572822e-01 6.697271097984170751e+00
4.526260221264540862e-01 6.439804815212013978e+00
4.539671362658510012e-01 6.619719045882760611e+00
4.553082504052478052e-01 6.427314110324459762e+00
4.566493645446446092e-01 6.583525273393277644e+00
4.579904786840415243e-01 6.962563732503937786e+00
4.593315928234383283e-01 6.931728141507278451e+00
4.606727069628352433e-01 6.861056730939949944e+00
4.620138211022320474e-01 6.758181895253770222e+00
4.633549352416289624e-01 5.971114524114881306e+00
4.646960493810257664e-01 5.911715628872272532e+00
4.660371635204225704e-01 5.971596341692446686e+00
4.673782776598194855e-01 6.032660725502708488e+00
4.687193917992162895e-01 5.278292674537979678e+00
4.700605059386132045e-01 5.627648363403494614e+00
4.714016200780100085e-01 6.315724506860988186e+00
4.727427342174068681e-01 6.302784099429544540e+00
4.740838483568037276e-01 5.786586457213275025e+00
4.754249624962005871e-01 6.165892461937957592e+00
4.767660766355974467e-01 5.832324214787902861e+00
4.781071907749943062e-01 6.300550747157515730e+00
4.794483049143911102e-01 6.359193127165752912e+00
4.807894190537880252e-01 6.397694120391577144e+00
4.821305331931848293e-01 5.565972843366694178e+00
4.834716473325817443e-01 6.006183025399366215e+00
4.848127614719785483e-01 5.899319713487017225e+00
4.861538756113753523e-01 6.194298215260261031e+00
4.874949897507722674e-01 5.465006007486906014e+00
4.888361038901690714e-01 5.250483115849775118e+00
4.901772180295659864e-01 5.638446796973951791e+00
4.915183321689627904e-01 6.209627171853441041e+00
4.928594463083597055e-01 6.167378682010394186e+00
4.942005604477565095e-01 5.578890978430280256e+00
4.955416745871533135e-01 5.572624525871077594e+00
4.968827887265502286e-01 5.695747638749551811e+00
4.982239028659470326e-01 5.303480166757083225e+00
4.995650170053439476e-01 5.437350507007096212e+00
5.009061311447408071e-01 5.702815643154067970e+00
5.022472452841375556e-01 5.120066824163458818e+00
5.035883594235345262e-01 5.251806634393489048e+00
5.049294735629312747e-01 5.297109844396644007e+00
5.062705877023282452e-01 4.690309083451239758e+00
5.076117018417249938e-01 4.740399970898167226e+00
5.089528159811218533e-01 5.224706230010397690e+00
5.102939301205187128e-01 5.241627428854457094e+00
5.116350442599155723e-01 4.710500606001119195e+00
5.129761583993124319e-01 4.235751089154064175e+00
5.143172725387092914e-01 4.500222538049982290e+00
5.156583866781061509e-01 4.950763501091103080e+00
5.169995008175030105e-01 4.727261040788221180e+00
5.183406149568997590e-01 5.023897576037043677e+00
5.196817290962967295e-01 5.095328935770496059e+00
5.210228432356934780e-01 5.246496685007826954e+00
5.223639573750904486e-01 4.849840767075448866e+00
5.237050715144871971e-01 4.859371436443709058e+00
5.250461856538840566e-01 5.222293252363002125e+00
5.263872997932809161e-01 5.240617398319159292e+00
5.277284139326777757e-01 5.068651568790542683e+00
5.290695280720746352e-01 4.308233090097232321e+00
5.304106422114714947e-01 4.546763289409483377e+00
5.317517563508683542e-01 4.503436258596238417e+00
5.330928704902652138e-01 5.018230765919355463e+00
5.344339846296620733e-01 4.979519185113119306e+00
5.357750987690589328e-01 4.958531848133631570e+00
5.371162129084557924e-01 4.297432096677610502e+00
5.384573270478525409e-01 4.198007581058263327e+00
5.397984411872495114e-01 4.598385753453015923e+00
5.411395553266462599e-01 4.270140563396097377e+00
5.424806694660432305e-01 4.215099374755581607e+00
5.438217836054399790e-01 4.046086778708499310e+00
5.451628977448369495e-01 4.067179975684283022e+00
5.465040118842336980e-01 3.861594744079752672e+00
5.478451260236305576e-01 4.383274047399680740e+00
5.491862401630274171e-01 4.361004350639205995e+00
5.505273543024242766e-01 4.060466342669343476e+00
5.518684684418211361e-01 4.080821618163085418e+00
5.532095825812179957e-01 3.773732372502237808e+00
5.545506967206147442e-01 4.204982326064779841e+00
5.558918108600117147e-01 4.233073618432030116e+00
5.572329249994084632e-01 4.332062197535307746e+00
5.585740391388054338e-01 3.849993948421939649e+00
5.599151532782021823e-01 3.774226606595817657e+00
5.612562674175990418e-01 3.886163153334891263e+00
5.625973815569959013e-01 3.817867962470472776e+00
5.639384956963927609e-01 3.744945958901340077e+00
5.652796098357896204e-01 3.346292760462048932e+00
5.666207239751864799e-01 3.054150834136024173e+00
5.679618381145833395e-01 2.897681312933201525e+00
5.693029522539801990e-01 3.263872845623851049e+00
5.706440663933770585e-01 3.186483581105292728e+00
5.719851805327739180e-01 3.319320661658920812e+00
5.733262946721707776e-01 3.209348914715292267e+00
5.746674088115676371e-01 3.136538538440959201e+00
5.760085229509644966e-01 3.254114022285477859e+00
5.773496370903612451e-01 3.004418313619169112e+00
5.786907512297582157e-01 2.756299352131534874e+00
5.800318653691549642e-01 2.813574588185105085e+00
5.813729795085519347e-01 2.938284169830424730e+00
5.827140936479486832e-01 2.537936914314997239e+00
5.840552077873455428e-01 2.845321987954775977e+00
5.853963219267424023e-01 2.531160080831298842e+00
5.867374360661392618e-01 2.655978283978811305e+00
5.880785502055361214e-01 2.732850184336612642e+00
5.894196643449329809e-01 2.892775977948318200e+00
5.907607784843297294e-01 2.693974570001572033e+00
5.921018926237266999e-01 2.254811562187683194e+00
5.934430067631234484e-01 2.667040076560866169e+00
5.947841209025204190e-01 2.355599232218679617e+00
5.961252350419171675e-01 2.270669993399138775e+00
5.974663491813141381e-01 2.441168091704341236e+00
5.988074633207108866e-01 2.761327352493864851e+00
