# q (1/Angstrom), Intensity (arb)
2.078726924066784734e-02 2.392522963884278795e+02
2.212838338006469993e-02 3.069521289280436918e+02
2.346949751946154905e-02 3.641767886630988187e+02
2.481061165885840164e-02 4.764564173315045537e+02
2.615172579825525423e-02 4.941247786890187399e+02
2.749283993765210335e-02 4.640070952054810505e+02
2.883395407704895941e-02 4.380609941344016534e+02
3.017506821644580506e-02 4.093901089306949075e+02
3.151618235584265765e-02 3.786683335387631359e+02
3.285729649523951718e-02 3.533839200279641659e+02
3.419841063463636283e-02 3.358281345298818792e+02
3.553952477403321542e-02 3.155972061451896025e+02
3.688063891343006800e-02 2.989794652759184146e+02
3.822175305282692059e-02 2.871011739854784537e+02
3.956286719222376624e-02 2.777570995661451434e+02
4.090398133162062577e-02 2.751972528905764648e+02
4.224509547101747142e-02 2.674816248467208197e+02
4.358620961041432401e-02 2.602608800770290145e+02
4.492732374981117660e-02 2.577852417017768403e+02
4.626843788920802919e-02 2.580462419384541590e+02
4.760955202860488178e-02 2.557939505792927832e+02
4.895066616800172743e-02 2.536257599366731483e+02
5.029178030739858696e-02 2.521006699889363745e+02
5.163289444679544649e-02 2.518966577903128155e+02
5.297400858619229214e-02 2.561657225927334025e+02
5.431512272558913779e-02 2.579138875252792786e+02
5.565623686498599731e-02 2.575849155335741898e+02
5.699735100438284990e-02 2.581687364134580775e+02
5.833846514377969555e-02 2.609691209045690812e+02
5.967957928317654814e-02 2.643622963718665346e+02
6.102069342257340767e-02 2.662242554213660242e+02
6.236180756197025332e-02 2.684255806246712837e+02
6.370292170136709897e-02 2.712608134328750111e+02
6.504403584076395850e-02 2.754531762813806495e+02
6.638514998016080415e-02 2.783800927061486163e+02
6.772626411955766368e-02 2.811991190476718430e+02
6.906737825895450933e-02 2.835730008870233405e+02
7.040849239835136886e-02 2.855979110843136937e+02
7.174960653774821451e-02 2.897048431593176474e+02
7.309072067714506016e-02 2.925037070965283874e+02
7.443183481654190581e-02 2.931670696306203467e+02
7.577294895593877921e-02 2.930807053023642084e+02
7.711406309533562486e-02 2.970670494514988604e+02
7.845517723473247051e-02 3.000328923449899321e+02
7.979629137412933004e-02 3.023933745451557229e+02
8.113740551352617569e-02 3.042509777267273421e+02
8.247851965292302134e-02 3.039277680976757097e+02
8.381963379231988087e-02 3.049187772126959999e+02
8.516074793171674040e-02 3.056884797748721212e+02
8.650186207111358605e-02 3.073801325549623016e+02
8.784297621051043170e-02 3.059616226914364461e+02
8.918409034990729123e-02 3.059395658052109752e+02
9.052520448930413688e-02 3.056308244836070571e+02
9.186631862870098253e-02 3.038258592862679279e+02
9.320743276809784206e-02 3.026369864726152628e+02
9.454854690749470159e-02 3.022531097455736244e+02
9.588966104689154724e-02 2.993622169031381759e+02
9.723077518628839289e-02 2.957688908274482742e+02
9.857188932568525241e-02 2.922102677770102446e+02
9.991300346508209806e-02 2.885735529844456551e+02
1.012541176044789437e-01 2.841686692473488165e+02
1.025952317438758032e-01 2.806879488124327509e+02
1.039363458832726350e-01 2.760062712743135762e+02
1.052774600226694945e-01 2.711796586047312303e+02
1.066185741620663541e-01 2.650549518430038916e+02
1.079596883014631858e-01 2.577963495765309858e+02
1.093008024408600454e-01 2.513755430441319731e+02
1.106419165802569049e-01 2.458143788482372258e+02
1.119830307196537506e-01 2.395486892923339894e+02
1.133241448590506101e-01 2.320541000240967833e+02
1.146652589984474419e-01 2.237793442724820352e+02
1.160063731378443014e-01 2.176022823594063311e+02
1.173474872772411609e-01 2.109354383936036470e+02
1.186886014166380066e-01 2.035604721474221606e+02
1.200297155560348661e-01 1.960234922868258138e+02
1.213708296954317256e-01 1.889253126146983277e+02
1.227119438348285574e-01 1.822663784057118050e+02
1.240530579742254169e-01 1.751562033693897433e+02
1.253941721136222764e-01 1.674250784041922770e+02
1.267352862530191082e-01 1.613648052205899717e+02
1.280764003924159677e-01 1.544787405078951110e+02
1.294175145318128273e-01 1.479185026774882203e+02
1.307586286712096590e-01 1.413585158665291601e+02
1.320997428106065186e-01 1.350047865657014086e+02
1.334408569500033781e-01 1.289535163630106354e+02
1.347819710894002376e-01 1.228715901001759647e+02
1.361230852287970972e-01 1.173019335831983341e+02
1.374641993681939289e-01 1.116155913619755466e+02
1.388053135075907885e-01 1.066527411312004006e+02
1.401464276469876480e-01 1.009445301879335801e+02
1.414875417863844798e-01 9.578824770722384585e+01
1.428286559257813393e-01 9.073914857329384631e+01
1.441697700651781988e-01 8.704296092873308055e+01
1.455108842045750306e-01 8.315788204937649652e+01
1.468519983439718901e-01 7.847546640112479110e+01
1.481931124833687219e-01 7.603724709827073980e+01
1.495342266227655814e-01 7.197022279723562121e+01
1.508753407621624687e-01 6.744270203278286147e+01
1.522164549015593005e-01 6.492248011803273755e+01
1.535575690409561600e-01 6.170056634502304860e+01
1.548986831803530195e-01 5.837923496104585297e+01
1.562397973197498513e-01 5.583992736274893787e+01
1.575809114591467108e-01 5.342407087241956276e+01
1.589220255985435704e-01 5.118915213112921947e+01
1.602631397379404021e-01 4.845825422552012185e+01
1.616042538773372617e-01 4.609879426265615621e+01
1.629453680167341212e-01 4.342860402881746040e+01
1.642864821561309530e-01 4.202127304220240944e+01
1.656275962955278125e-01 4.023717969701851871e+01
1.669687104349246720e-01 3.814407133608489175e+01
1.683098245743215315e-01 3.618073289399379178e+01
1.696509387137183911e-01 3.501274070961738971e+01
1.709920528531152228e-01 3.300112521188361825e+01
1.723331669925120824e-01 3.220481788374695498e+01
1.736742811319089419e-01 3.073178127781682178e+01
1.750153952713057737e-01 2.995787033357564155e+01
1.763565094107026332e-01 2.896182267565818336e+01
1.776976235500994927e-01 2.707563435618503433e+01
1.790387376894963245e-01 2.639534455124397994e+01
1.803798518288931840e-01 2.563102704606370708e+01
1.817209659682900158e-01 2.438895182452762356e+01
1.830620801076868753e-01 2.333096673394919662e+01
1.844031942470837349e-01 2.273659807094490759e+01
1.857443083864805944e-01 2.218311297731243315e+01
1.870854225258774539e-01 2.148535067204748827e+01
1.884265366652743134e-01 2.018129469879879423e+01
1.897676508046711452e-01 1.965788660433193513e+01
1.911087649440680047e-01 1.981488563043748741e+01
1.924498790834648643e-01 1.930903691094567876e+01
1.937909932228616960e-01 1.796825154679898162e+01
1.951321073622585556e-01 1.756493330118710361e+01
1.964732215016554151e-01 1.722335002741030507e+01
1.978143356410522469e-01 1.629613130201424553e+01
1.991554497804491064e-01 1.597947822123411754e+01
2.004965639198459382e-01 1.530768109573234170e+01
2.018376780592427977e-01 1.485344157974992640e+01
2.031787921986396572e-01 1.436019949448555622e+01
2.045199063380365168e-01 1.405691039003354348e+01
2.058610204774333763e-01 1.390027600336544111e+01
2.072021346168302081e-01 1.298522003669003055e+01
2.085432487562270676e-01 1.248382998310126624e+01
2.098843628956239271e-01 1.262069803527567302e+01
2.112254770350207866e-01 1.240717494984043867e+01
2.125665911744176462e-01 1.233212417125439941e+01
2.139077053138144502e-01 1.146989810330124726e+01
2.152488194532113097e-01 1.135136823043101373e+01
2.165899335926081692e-01 1.147598823319911077e+01
2.179310477320050288e-01 1.117848448817246521e+01
2.192721618714018883e-01 1.080318527093844949e+01
2.206132760107987478e-01 1.049568794614970102e+01
2.219543901501955796e-01 9.946855101754380257e+00
2.232955042895924391e-01 1.015011456150437397e+01
2.246366184289892987e-01 1.000911361719320780e+01
2.259777325683861582e-01 9.536318942481614158e+00
2.273188467077830177e-01 9.875911726928542578e+00
2.286599608471798217e-01 9.525670364886785535e+00
2.300010749865766813e-01 9.214100519058838756e+00
2.313421891259735408e-01 8.976229148149862169e+00
2.326833032653704003e-01 8.286279791666288475e+00
2.340244174047672598e-01 8.462915916288423546e+00
2.353655315441641194e-01 9.068564430471646176e+00
2.367066456835609234e-01 8.547954254785643968e+00
2.380477598229577829e-01 8.145095649719579001e+00
2.393888739623546424e-01 7.103522590432717720e+00
2.407299881017515020e-01 6.689408834394583891e+00
2.420711022411483615e-01 6.917972076447298946e+00
2.434122163805451933e-01 6.951531822167019925e+00
2.447533305199420528e-01 6.714256680342906236e+00
2.460944446593389123e-01 6.425382542876967307e+00
2.474355587987357719e-01 6.942613593314796105e+00
2.487766729381326314e-01 6.239102192539426994e+00
2.501177870775294632e-01 5.943950824345016315e+00
2.514589012169263227e-01 5.933091769941242433e+00
2.528000153563231822e-01 6.027669852003647577e+00
2.541411294957200417e-01 6.164152323626204577e+00
2.554822436351169013e-01 5.800577357568016623e+00
2.568233577745137608e-01 5.302671851873284936e+00
2.581644719139106203e-01 5.314960467493548890e+00
2.595055860533074243e-01 5.134446329465141901e+00
2.608467001927042839e-01 5.296343933626324940e+00
2.621878143321011434e-01 5.407879172141697666e+00
2.635289284714980029e-01 4.851299820979441790e+00
2.648700426108948625e-01 4.990086928314603654e+00
2.662111567502916665e-01 4.567423235628048417e+00
2.675522708896885260e-01 4.981269126477585019e+00
2.688933850290853855e-01 5.476983320779368114e+00
2.702344991684822451e-01 4.827262510827139863e+00
2.715756133078791046e-01 4.617697870345189415e+00
2.729167274472759641e-01 4.079615736518270808e+00
2.742578415866727681e-01 3.747938350112008266e+00
2.755989557260696277e-01 4.431504581022281286e+00
2.769400698654664872e-01 4.309237388919228806e+00
2.782811840048633467e-01 3.709847864779469262e+00
2.796222981442602062e-01 3.887914227128788980e+00
2.809634122836570103e-01 4.305788671462629225e+00
2.823045264230538698e-01 4.093831827778792842e+00
2.836456405624507293e-01 3.988704105583003923e+00
2.849867547018475888e-01 3.684639679263355561e+00
2.863278688412444484e-01 3.895997290528711687e+00
2.876689829806413079e-01 3.741207645307078167e+00
2.890100971200381674e-01 3.701271184495020350e+00
2.903512112594350270e-01 3.393736750870232299e+00
2.916923253988318865e-01 3.126078501789386621e+00
2.930334395382287460e-01 2.738720095064572035e+00
2.943745536776256055e-01 2.899382039313323389e+00
2.957156678170224096e-01 3.187898656543765696e+00
2.970567819564192691e-01 3.114743662760467657e+00
2.983978960958161286e-01 3.047399182190829947e+00
2.997390102352129881e-01 3.101904076339877747e+00
3.010801243746098477e-01 2.755576387037059760e+00
3.024212385140067072e-01 2.746555553968654806e+00
3.037623526534035112e-01 2.786170055756834074e+00
3.051034667928003707e-01 2.959725099541373083e+00
3.064445809321972303e-01 2.985801023386301267e+00
3.077856950715940898e-01 2.805604015567581655e+00
3.091268092109909493e-01 2.733522078979298442e+00
3.104679233503877533e-01 2.946483278251875504e+00
3.118090374897846129e-01 2.713215792745543808e+00
3.131501516291814724e-01 2.512007117934111022e+00
3.144912657685783319e-01 2.462661855900414309e+00
3.158323799079751915e-01 2.515351713887987728e+00
3.171734940473720510e-01 2.487954700465031976e+00
3.185146081867689105e-01 1.922602077958579514e+00
3.198557223261657700e-01 2.294611297968145891e+00
3.211968364655626296e-01 2.358217838839856029e+00
3.225379506049594891e-01 2.190606543065676703e+00
3.238790647443563486e-01 1.746006064670709179e+00
3.252201788837532082e-01 1.801112448719557335e+00
3.265612930231500122e-01 1.986958286806924434e+00
3.279024071625468717e-01 1.769112261915154249e+00
3.292435213019437312e-01 1.955298333376397579e+00
3.305846354413405908e-01 2.095862947464702586e+00
3.319257495807374503e-01 1.670165332269867520e+00
3.332668637201342543e-01 1.680833113251210875e+00
3.346079778595311138e-01 1.743063116538856150e+00
3.359490919989279734e-01 2.113476233181089015e+00
3.372902061383248329e-01 2.093061296934379811e+00
3.386313202777216924e-01 1.924887246798064666e+00
3.399724344171185519e-01 1.503502304317855476e+00
3.413135485565153560e-01 1.652494394323277049e+00
3.426546626959122155e-01 1.463643218094325960e+00
3.439957768353090750e-01 1.567855367619614526e+00
3.453368909747059345e-01 1.401310817636897355e+00
3.466780051141027941e-01 1.597108991706456038e+00
3.480191192534995981e-01 1.576873772133652096e+00
3.493602333928964576e-01 1.394214349409303111e+00
3.507013475322933171e-01 1.329430540991559440e+00
3.520424616716901767e-01 1.408181146497902603e+00
3.533835758110870362e-01 1.218112157528942419e+00
3.547246899504838957e-01 1.438832721653106717e+00
3.560658040898807553e-01 1.455354352416875940e+00
3.574069182292776148e-01 9.939760580140486468e-01
3.587480323686744743e-01 9.066677816932937617e-01
3.600891465080713338e-01 1.341873246786668972e+00
3.614302606474681934e-01 1.377579396481557694e+00
3.627713747868649974e-01 1.451897291892009889e+00
3.641124889262618569e-01 1.161003358640471106e+00
3.654536030656587164e-01 1.207184825746722368e+00
3.667947172050555760e-01 1.100446864158357130e+00
3.681358313444524355e-01 1.139957400285034339e+00
3.694769454838492950e-01 1.146097136959262741e+00
3.708180596232460990e-01 8.404130789642039190e-01
3.721591737626429586e-01 8.729767960021490580e-01
3.735002879020398181e-01 1.213825572479542814e+00
3.748414020414366776e-01 1.402187422325788191e+00
3.761825161808335372e-01 1.510213436248179164e+00
3.775236303202303967e-01 1.640622802928398016e+00
3.788647444596272007e-01 1.672764406965086437e+00
3.802058585990240602e-01 1.378689050582046605e+00
3.815469727384209198e-01 9.541381224123526295e-01
3.828880868778177793e-01 9.548192139231446163e-01
3.842292010172146388e-01 1.555583603246056157e+00
3.855703151566114428e-01 1.635404896851206047e+00
3.869114292960083024e-01 1.476424556131185284e+00
3.882525434354051619e-01 9.891773807051933431e-01
3.895936575748020214e-01 9.147162725692723484e-01
3.909347717141988809e-01 1.011942067806600676e+00
3.922758858535957405e-01 8.249783717551295581e-01
3.936169999929926000e-01 7.379408103200120195e-01
3.949581141323894595e-01 8.141959690923101789e-01
3.962992282717863191e-01 1.026421233780808961e+00
3.976403424111831786e-01 1.040212982377013873e+00
3.989814565505800381e-01 7.231483679005279441e-01
4.003225706899768976e-01 6.351320337552763817e-01
4.016636848293737572e-01 8.069040055273362100e-01
4.030047989687706167e-01 9.210672376391286775e-01
4.043459131081674207e-01 1.069235012954472097e+00
4.056870272475643358e-01 1.380506950756341666e+00
4.070281413869611398e-01 1.514367854921594869e+00
4.083692555263580548e-01 1.364246715035605462e+00
4.097103696657548588e-01 1.195380456355032095e+00
4.110514838051517739e-01 1.051823605053797905e+00
4.123925979445485779e-01 9.975442417061302081e-01
4.137337120839453819e-01 7.438193471294098913e-01
4.150748262233422969e-01 8.887079616043394026e-01
4.164159403627391010e-01 7.236462903622253862e-01
4.177570545021360160e-01 5.435687561831414882e-01
4.190981686415328200e-01 5.558878604225299114e-01
4.204392827809296240e-01 7.022252202991268177e-01
4.217803969203265391e-01 9.463755933073727533e-01
4.231215110597233431e-01 8.432104481444895328e-01
4.244626251991202581e-01 8.472446052139730455e-01
4.258037393385170621e-01 8.136783827251363732e-01
4.271448534779138662e-01 6.813713699274899227e-01
4.284859676173107812e-01 4.709423574368756249e-01
4.298270817567075852e-01 6.528573141923672551e-01
4.311681958961045003e-01 1.009026378677013724e+00
4.325093100355013043e-01 8.639137728614016964e-01
4.338504241748981638e-01 5.247524727909294029e-01
4.351915383142950233e-01 9.749463784516549936e-01
4.365326524536918829e-01 8.241974380493246599e-01
4.378737665930887424e-01 6.000959398512506482e-01
4.392148807324856019e-01 6.395518367132169146e-01
4.405559948718824614e-01 7.989945192303835597e-01
4.418971090112793210e-01 8.948677910372211386e-01
4.432382231506761250e-01 9.071900675592985408e-01
4.445793372900730400e-01 8.693439111951590803e-01
4.459204514294698440e-01 9.189259035534860232e-01
4.472615655688667591e-01 1.005972888201739579e+00
4.486026797082635631e-01 9.683842559851143506e-01
4.499437938476603671e-01 7.463970962408765786e-01
4.512849079870572822e-01 8.945821869457049047e-01
4.526260221264540862e-01 8.769507730752437169e-01
4.539671362658510012e-01 1.045432072737796148e+00
4.553082504052478052e-01 6.107913488611202979e-01
4.566493645446446092e-01 8.128014274124524263e-01
4.579904786840415243e-01 9.223633820068215527e-01
4.593315928234383283e-01 4.760351178636810232e-01
4.606727069628352433e-01 3.219622583315739917e-01
4.620138211022320474e-01 2.477841238820985836e-01
4.633549352416289624e-01 5.243466901604563191e-01
4.646960493810257664e-01 6.577840952804621111e-01
4.660371635204225704e-01 3.611185088240702612e-01
4.673782776598194855e-01 4.296123261644808622e-01
4.687193917992162895e-01 6.937626489753299097e-01
4.700605059386132045e-01 6.263736285680963078e-01
4.714016200780100085e-01 3.717231252359667337e-01
4.727427342174068681e-01 7.464069001285977834e-01
4.740838483568037276e-01 9.313324946830405793e-01
4.754249624962005871e-01 8.911862528278433615e-01
4.767660766355974467e-01 7.700399786202112296e-01
4.781071907749943062e-01 6.961998982964914262e-01
4.794483049143911102e-01 6.002011141837542141e-01
4.807894190537880252e-01 4.179065731301676578e-01
4.821305331931848293e-01 4.045174459328109151e-01
4.834716473325817443e-01 7.085662583217882116e-01
4.848127614719785483e-01 6.489187633666162469e-01
4.861538756113753523e-01 4.509133694393625547e-01
4.874949897507722674e-01 3.818908038833583873e-01
4.888361038901690714e-01 4.866207345363235959e-01
4.901772180295659864e-01 7.210897190043255023e-01
4.915183321689627904e-01 6.388594854893412389e-01
4.928594463083597055e-01 3.467098510321093841e-01
4.942005604477565095e-01 2.738786329971247824e-01
4.955416745871533135e-01 3.195238401881823620e-01
4.968827887265502286e-01 4.401675802293212314e-01
4.982239028659470326e-01 6.869857177015532557e-01
4.995650170053439476e-01 6.443675153266639200e-01
5.009061311447408071e-01 7.238930828078977697e-01
5.022472452841375556e-01 7.077591710620509957e-01
5.035883594235345262e-01 5.175231723369080328e-01
5.049294735629312747e-01 4.684248170081630747e-01
5.062705877023282452e-01 6.133129240069337129e-01
5.076117018417249938e-01 6.434471736458036162e-01
5.089528159811218533e-01 3.758565244091300883e-01
5.102939301205187128e-01 1.101326238725803819e-01
5.116350442599155723e-01 2.776902586696721187e-01
5.129761583993124319e-01 4.000389007749376447e-01
5.143172725387092914e-01 1.476315232719542792e-01
5.156583866781061509e-01 4.794940281720840858e-01
5.169995008175030105e-01 5.741282512985321773e-01
5.183406149568997590e-01 6.171865682470567549e-01
5.196817290962967295e-01 5.180256231244655396e-01
5.210228432356934780e-01 4.562928950521580873e-01
5.223639573750904486e-01 5.314627880140392335e-01
5.237050715144871971e-01 5.612873433437783888e-01
5.250461856538840566e-01 4.716715394975921072e-01
5.263872997932809161e-01 3.918388995894588334e-01
5.277284139326777757e-01 5.311318788517169764e-01
5.290695280720746352e-01 7.609308038081508130e-01
5.304106422114714947e-01 6.602375873454917610e-01
5.317517563508683542e-01 8.718579260144068144e-01
5.330928704902652138e-01 7.768956516670328938e-01
5.344339846296620733e-01 3.794581309408613379e-01
5.357750987690589328e-01 4.668375096260746204e-01
5.371162129084557924e-01 5.658059579985987853e-01
5.384573270478525409e-01 5.593045257354916089e-01
5.397984411872495114e-01 4.762647287175312272e-01
5.411395553266462599e-01 7.006590547827187265e-01
5.424806694660432305e-01 5.681696395835658109e-01
5.438217836054399790e-01 5.325121728693815726e-01
5.451628977448369495e-01 4.193438985000383923e-01
5.465040118842336980e-01 2.862523110888020028e-01
5.478451260236305576e-01 1.118392948512862972e-01
5.491862401630274171e-01 5.779090094422372204e-01
5.505273543024242766e-01 2.315080855416198347e-01
5.518684684418211361e-01 4.153223254441726908e-01
5.532095825812179957e-01 7.772310523829943918e-01
5.545506967206147442e-01 5.293909038383830534e-01
5.558918108600117147e-01 3.795263919966984645e-01
5.572329249994084632e-01 6.274000981446263836e-01
5.585740391388054338e-01 3.939911278292811403e-01
5.599151532782021823e-01 4.801196745776437069e-01
5.612562674175990418e-01 6.703141166007711149e-01
5.625973815569959013e-01 5.952864363922927282e-01
5.639384956963927609e-01 6.923039598399256533e-01
5.652796098357896204e-01 5.281449426567803584e-01
5.666207239751864799e-01 5.384228906318284658e-01
5.679618381145833395e-01 4.818937335223481000e-01
5.693029522539801990e-01 4.146080462185963711e-01
5.706440663933770585e-01 4.465849094174743072e-01
5.719851805327739180e-01 4.168457663840712257e-01
5.733262946721707776e-01 4.442125008566364386e-01
5.746674088115676371e-01 6.753508075952510126e-01
5.760085229509644966e-01 8.743637748464720971e-01
5.773496370903612451e-01 4.275168610977146955e-01
5.786907512297582157e-01 3.772240189562978685e-01
5.800318653691549642e-01 5.045051932059081423e-01
5.813729795085519347e-01 5.104603152837441371e-01
5.827140936479486832e-01 6.820006550899648801e-01
5.840552077873455428e-01 2.549285873135715974e-01
5.853963219267424023e-01 1.842302637199040305e-01
5.867374360661392618e-01 4.194584059980570601e-01
5.880785502055361214e-01 1.086740609146161773e-01
5.894196643449329809e-01 1.056139067949715127e-01
5.907607784843297294e-01 3.510638270385868509e-01
5.921018926237266999e-01 5.984802049951554181e-01
5.934430067631234484e-01 5.353392169785280430e-01
5.947841209025204190e-01 5.611442681656058085e-01
5.961252350419171675e-01 8.147682221977987638e-01
5.974663491813141381e-01 4.475607705430775241e-01
5.988074633207108866e-01 0.000000000000000000e+00
