# q (1/Angstrom), Intensity (arb)
2.078726924066784734e-02 1.011707085487605298e+02
2.212838338006469993e-02 1.730783692178086994e+02
2.346949751946154905e-02 2.452363393851628643e+02
2.481061165885840164e-02 3.453481801666333695e+02
2.615172579825525423e-02 3.916343141119999132e+02
2.749283993765210335e-02 4.078945416225349163e+02
2.883395407704895941e-02 4.247021138218349279e+02
3.017506821644580506e-02 4.329553819189244450e+02
3.151618235584265765e-02 4.329249711754718533e+02
3.285729649523951718e-02 4.332663543016178664e+02
3.419841063463636283e-02 4.270147733293431997e+02
3.553952477403321542e-02 4.192241942223410547e+02
3.688063891343006800e-02 4.152658734595777332e+02
3.822175305282692059e-02 4.138411595009386019e+02
3.956286719222376624e-02 4.103103265935695845e+02
4.090398133162062577e-02 4.021221321463175400e+02
4.224509547101747142e-02 3.979663496057404473e+02
4.358620961041432401e-02 3.970893859142939846e+02
4.492732374981117660e-02 3.904108222183743351e+02
4.626843788920802919e-02 3.856655425982461907e+02
4.760955202860488178e-02 3.858165417813717113e+02
4.895066616800172743e-02 3.815462695957766073e+02
5.029178030739858696e-02 3.781286122348864183e+02
5.163289444679544649e-02 3.755628238767391736e+02
5.297400858619229214e-02 3.688336077662503385e+02
5.431512272558913779e-02 3.665233531594161036e+02
5.565623686498599731e-02 3.660546326687471606e+02
5.699735100438284990e-02 3.598614740753824890e+02
5.833846514377969555e-02 3.554074150832250325e+02
5.967957928317654814e-02 3.504736267716970133e+02
6.102069342257340767e-02 3.455341095418572763e+02
6.236180756197025332e-02 3.403038206867962572e+02
6.370292170136709897e-02 3.372226081537847335e+02
6.504403584076395850e-02 3.317142967593218259e+02
6.638514998016080415e-02 3.276156220121663409e+02
6.772626411955766368e-02 3.216654015053680951e+02
6.906737825895450933e-02 3.130908090764689859e+02
7.040849239835136886e-02 3.051239552778347388e+02
7.174960653774821451e-02 3.009372721281053487e+02
7.309072067714506016e-02 2.960678013737497167e+02
7.443183481654190581e-02 2.897920776802941418e+02
7.577294895593877921e-02 2.852445601563580908e+02
7.711406309533562486e-02 2.785726352638548065e+02
7.845517723473247051e-02 2.710828751322883932e+02
7.979629137412933004e-02 2.632822697880951637e+02
8.113740551352617569e-02 2.560984905660042728e+02
8.247851965292302134e-02 2.503888688336859900e+02
8.381963379231988087e-02 2.454821168419906314e+02
8.516074793171674040e-02 2.392039878235132164e+02
8.650186207111358605e-02 2.338034877319918508e+02
8.784297621051043170e-02 2.286051220775298134e+02
8.918409034990729123e-02 2.224256222003182302e+02
9.052520448930413688e-02 2.165708651263432216e+02
9.186631862870098253e-02 2.102326632108852777e+02
9.320743276809784206e-02 2.046731112793283387e+02
9.454854690749470159e-02 1.998610535447531049e+02
9.588966104689154724e-02 1.942717177336554073e+02
9.723077518628839289e-02 1.892371487100602110e+02
9.857188932568525241e-02 1.831956394191719824e+02
9.991300346508209806e-02 1.774712288037333678e+02
1.012541176044789437e-01 1.706367695073914774e+02
1.025952317438758032e-01 1.653677074667374711e+02
1.039363458832726350e-01 1.595767957711366876e+02
1.052774600226694945e-01 1.539340237678252379e+02
1.066185741620663541e-01 1.488520062447804548e+02
1.079596883014631858e-01 1.436265597915712533e+02
1.093008024408600454e-01 1.388492132520697737e+02
1.106419165802569049e-01 1.351993002993939399e+02
1.119830307196537506e-01 1.323289636019908357e+02
1.133241448590506101e-01 1.266258759458410310e+02
1.146652589984474419e-01 1.225350053717216099e+02
1.160063731378443014e-01 1.184224479743980822e+02
1.173474872772411609e-01 1.117324286701492611e+02
1.186886014166380066e-01 1.085518066900654901e+02
1.200297155560348661e-01 1.051734764211498714e+02
1.213708296954317256e-01 1.005640188818352811e+02
1.227119438348285574e-01 9.539561238212395722e+01
1.240530579742254169e-01 9.169723356696404437e+01
1.253941721136222764e-01 8.925798532325238455e+01
1.267352862530191082e-01 8.501903946828416281e+01
1.280764003924159677e-01 8.133961588097554340e+01
1.294175145318128273e-01 7.818361946435135224e+01
1.307586286712096590e-01 7.404576962989543176e+01
1.320997428106065186e-01 7.171602651596376177e+01
1.334408569500033781e-01 6.793590767620557358e+01
1.347819710894002376e-01 6.469575856969773042e+01
1.361230852287970972e-01 6.164275339090522721e+01
1.374641993681939289e-01 5.799989617735654690e+01
1.388053135075907885e-01 5.567312647869029263e+01
1.401464276469876480e-01 5.333779853780804103e+01
1.414875417863844798e-01 5.038153887974519307e+01
1.428286559257813393e-01 4.751677557952986319e+01
1.441697700651781988e-01 4.640855376058891579e+01
1.455108842045750306e-01 4.405282052137746973e+01
1.468519983439718901e-01 4.084597668953844618e+01
1.481931124833687219e-01 3.802549542421316175e+01
1.495342266227655814e-01 3.627490864105631374e+01
1.508753407621624687e-01 3.413790757282725963e+01
1.522164549015593005e-01 3.274127619344471896e+01
1.535575690409561600e-01 3.060352564326124991e+01
1.548986831803530195e-01 2.861466883164671060e+01
1.562397973197498513e-01 2.728666308575971300e+01
1.575809114591467108e-01 2.581850685398087819e+01
1.589220255985435704e-01 2.378287831283766707e+01
1.602631397379404021e-01 2.173431240218536686e+01
1.616042538773372617e-01 2.108625735319519379e+01
1.629453680167341212e-01 1.907914353404544272e+01
1.642864821561309530e-01 1.776332197730484097e+01
1.656275962955278125e-01 1.700449238915744843e+01
1.669687104349246720e-01 1.563423756093938266e+01
1.683098245743215315e-01 1.475138485601435434e+01
1.696509387137183911e-01 1.408678320733390876e+01
1.709920528531152228e-01 1.253534089832447762e+01
1.723331669925120824e-01 1.146627588205232939e+01
1.736742811319089419e-01 1.028380441769947140e+01
1.750153952713057737e-01 8.950180467182249799e+00
1.763565094107026332e-01 9.290871255080347169e+00
1.776976235500994927e-01 8.163185117039802208e+00
1.790387376894963245e-01 7.407855962205601941e+00
1.803798518288931840e-01 6.807676990730556099e+00
1.817209659682900158e-01 6.626520038596552808e+00
1.830620801076868753e-01 6.522723970034377317e+00
1.844031942470837349e-01 5.473717871815594549e+00
1.857443083864805944e-01 5.237381588491615503e+00
1.870854225258774539e-01 3.981458521717826216e+00
1.884265366652743134e-01 3.265833790609462994e+00
1.897676508046711452e-01 3.282818141971048931e+00
1.911087649440680047e-01 3.948854420089332962e+00
1.924498790834648643e-01 3.630880216388860049e+00
1.937909932228616960e-01 3.124052495297576115e+00
1.951321073622585556e-01 2.615471288771686886e+00
1.964732215016554151e-01 2.385300999822817403e+00
1.978143356410522469e-01 2.102334252536408599e+00
1.991554497804491064e-01 2.564997376901416715e+00
2.004965639198459382e-01 2.798441304305072208e+00
2.018376780592427977e-01 2.747154658348165412e+00
2.031787921986396572e-01 2.998483142227314602e+00
2.045199063380365168e-01 2.447525965248729563e+00
2.058610204774333763e-01 1.980206683919831789e+00
2.072021346168302081e-01 1.191361076261955532e+00
2.085432487562270676e-01 1.687843174002594537e+00
2.098843628956239271e-01 2.244222264584394111e+00
2.112254770350207866e-01 2.034196261439092268e+00
2.125665911744176462e-01 2.654074058531080027e+00
2.139077053138144502e-01 2.022506869355140680e+00
2.152488194532113097e-01 1.976785457879330465e+00
2.165899335926081692e-01 1.735078899437581867e+00
2.179310477320050288e-01 2.027891975196823182e+00
2.192721618714018883e-01 2.443009576350632983e+00
2.206132760107987478e-01 2.528711515601841597e+00
2.219543901501955796e-01 2.208977775047273440e+00
2.232955042895924391e-01 2.311272606198343738e+00
2.246366184289892987e-01 2.159436522466080532e+00
2.259777325683861582e-01 2.341143761795478895e+00
2.273188467077830177e-01 2.460160152528246158e+00
2.286599608471798217e-01 2.379411648790778600e+00
2.300010749865766813e-01 2.247220187317537921e+00
2.313421891259735408e-01 2.015712372704271615e+00
2.326833032653704003e-01 2.036509392390883022e+00
2.340244174047672598e-01 2.391406132921090943e+00
2.353655315441641194e-01 2.846326789365662080e+00
2.367066456835609234e-01 2.615216141766097735e+00
2.380477598229577829e-01 2.790238366584759433e+00
2.393888739623546424e-01 2.666772128539676601e+00
2.407299881017515020e-01 2.293836549389851598e+00
2.420711022411483615e-01 1.587408886038673472e+00
2.434122163805451933e-01 2.603378207327622818e+00
2.447533305199420528e-01 2.684495997858618921e+00
2.460944446593389123e-01 2.738110865073181799e+00
2.474355587987357719e-01 2.414013006110266701e+00
2.487766729381326314e-01 2.270466122817367705e+00
2.501177870775294632e-01 2.640113820326618566e+00
2.514589012169263227e-01 2.747367072515075392e+00
2.528000153563231822e-01 2.773169749417419894e+00
2.541411294957200417e-01 2.611268893763366350e+00
2.554822436351169013e-01 2.635234250995594607e+00
2.568233577745137608e-01 2.372830668612678551e+00
2.581644719139106203e-01 2.381171877299905759e+00
2.595055860533074243e-01 2.128528866848995449e+00
2.608467001927042839e-01 1.793462225929189913e+00
2.621878143321011434e-01 2.096769798453280487e+00
2.635289284714980029e-01 2.686617463480374113e+00
2.648700426108948625e-01 2.728779643743450833e+00
2.662111567502916665e-01 2.962880779665894693e+00
2.675522708896885260e-01 3.020510831355494474e+00
2.688933850290853855e-01 2.689010767342566055e+00
2.702344991684822451e-01 2.829324615246974872e+00
2.715756133078791046e-01 2.519298190535678827e+00
2.729167274472759641e-01 2.187319733558496182e+00
2.742578415866727681e-01 2.288531360020257921e+00
2.755989557260696277e-01 3.167656472830074676e+00
2.769400698654664872e-01 3.122712501349312220e+00
2.782811840048633467e-01 2.752480711437186756e+00
2.796222981442602062e-01 2.929921973111348166e+00
2.809634122836570103e-01 3.064104789441188359e+00
2.823045264230538698e-01 2.265332887436912301e+00
2.836456405624507293e-01 2.185992068617522932e+00
2.849867547018475888e-01 2.255243407693683366e+00
2.863278688412444484e-01 2.319019495983766888e+00
2.876689829806413079e-01 1.809294715515903818e+00
2.890100971200381674e-01 1.720253515843012337e+00
2.903512112594350270e-01 2.017701396442348027e+00
2.916923253988318865e-01 2.664443239104869576e+00
2.930334395382287460e-01 2.611359049534598853e+00
2.943745536776256055e-01 2.221324269129468121e+00
2.957156678170224096e-01 1.898870532720579263e+00
2.970567819564192691e-01 2.210684368455972049e+00
2.983978960958161286e-01 1.781584839544734677e+00
2.997390102352129881e-01 1.938885002119178580e+00
3.010801243746098477e-01 2.618887164832443659e+00
3.024212385140067072e-01 2.069293541461391328e+00
3.037623526534035112e-01 2.077324377056996241e+00
3.051034667928003707e-01 2.078955857933621587e+00
3.064445809321972303e-01 2.139019496557892808e+00
3.077856950715940898e-01 1.809108934537164259e+00
3.091268092109909493e-01 1.364034617985041109e+00
3.104679233503877533e-01 1.842572780338812777e+00
3.118090374897846129e-01 1.642684429291634274e+00
3.131501516291814724e-01 1.645889526266202552e+00
3.144912657685783319e-01 1.050724570344215181e+00
3.158323799079751915e-01 1.496627606121890608e+00
3.171734940473720510e-01 1.801177400404611717e+00
3.185146081867689105e-01 2.146547057371748224e+00
3.198557223261657700e-01 2.071878415791701400e+00
3.211968364655626296e-01 1.579595400391795579e+00
3.225379506049594891e-01 1.366851161971951001e+00
3.238790647443563486e-01 1.082296791511595302e+00
3.252201788837532082e-01 1.179941517628819270e+00
3.265612930231500122e-01 1.568339227490071153e+00
3.279024071625468717e-01 1.459555825631767334e+00
3.292435213019437312e-01 1.398539291245697314e+00
3.305846354413405908e-01 1.659491718362417600e+00
3.319257495807374503e-01 1.819410499905984580e+00
3.332668637201342543e-01 1.240442933880501641e+00
3.346079778595311138e-01 9.605917923051094931e-01
3.359490919989279734e-01 9.187606708299540514e-01
3.372902061383248329e-01 1.211494011652945346e+00
3.386313202777216924e-01 1.366357473257892252e+00
3.399724344171185519e-01 1.239194354918069507e+00
3.413135485565153560e-01 1.486975078751939350e+00
3.426546626959122155e-01 1.402984257382627220e+00
3.439957768353090750e-01 1.122212889233168198e+00
3.453368909747059345e-01 1.116029366962848712e+00
3.466780051141027941e-01 1.272123696471908261e+00
3.480191192534995981e-01 1.501846314090371948e+00
3.493602333928964576e-01 1.225046396491350720e+00
3.507013475322933171e-01 9.293034228336409797e-01
3.520424616716901767e-01 1.015964497165754210e+00
3.533835758110870362e-01 9.765949698494011955e-01
3.547246899504838957e-01 9.997486781504107967e-01
3.560658040898807553e-01 1.219675301414284263e+00
3.574069182292776148e-01 1.152965183872396437e+00
3.587480323686744743e-01 1.032129668254967214e+00
3.600891465080713338e-01 9.666494002508017047e-01
3.614302606474681934e-01 1.137047175221837847e+00
3.627713747868649974e-01 1.133601886615622334e+00
3.641124889262618569e-01 8.028185682399708867e-01
3.654536030656587164e-01 9.207845355370949392e-01
3.667947172050555760e-01 1.109987626590708487e+00
3.681358313444524355e-01 1.167703470284664036e+00
3.694769454838492950e-01 8.434014006256660423e-01
3.708180596232460990e-01 1.211046665393226363e+00
3.721591737626429586e-01 1.288060095551912809e+00
3.735002879020398181e-01 1.241067704917568904e+00
3.748414020414366776e-01 1.137452208862313796e+00
3.761825161808335372e-01 1.401470334480066526e+00
3.775236303202303967e-01 1.132284640570674128e+00
3.788647444596272007e-01 1.249431748549142185e+00
3.802058585990240602e-01 1.268233744982723010e+00
3.815469727384209198e-01 1.534421517206865815e+00
3.828880868778177793e-01 1.391544911433399534e+00
3.842292010172146388e-01 1.021641490358319970e+00
3.855703151566114428e-01 9.724872045481873784e-01
3.869114292960083024e-01 1.107397202990100027e+00
3.882525434354051619e-01 1.600436440751451528e+00
3.895936575748020214e-01 1.306830334406484440e+00
3.909347717141988809e-01 1.418965196980309429e+00
3.922758858535957405e-01 1.375721632421090135e+00
3.936169999929926000e-01 9.083743770311940580e-01
3.949581141323894595e-01 5.260556568229617369e-01
3.962992282717863191e-01 1.192315700792320854e+00
3.976403424111831786e-01 1.259126492049162493e+00
3.989814565505800381e-01 1.211581746004299021e+00
4.003225706899768976e-01 1.351600542876767008e+00
4.016636848293737572e-01 9.931458552068903600e-01
4.030047989687706167e-01 1.172271451335788583e+00
4.043459131081674207e-01 1.366873119157190786e+00
4.056870272475643358e-01 1.400429522850203057e+00
4.070281413869611398e-01 1.335560720916106447e+00
4.083692555263580548e-01 1.305640703758527366e+00
4.097103696657548588e-01 1.283116210716926275e+00
4.110514838051517739e-01 1.259386143279755288e+00
4.123925979445485779e-01 1.247025502315494805e+00
4.137337120839453819e-01 7.044576493287877383e-01
4.150748262233422969e-01 1.195635629033958480e+00
4.164159403627391010e-01 1.236513471897836780e+00
4.177570545021360160e-01 1.414690615990096489e+00
4.190981686415328200e-01 1.444062645860000771e+00
4.204392827809296240e-01 1.087378550723016701e+00
4.217803969203265391e-01 1.020019783074175734e+00
4.231215110597233431e-01 1.420798367255557082e+00
4.244626251991202581e-01 8.773947546841327494e-01
4.258037393385170621e-01 5.964181360824056810e-01
4.271448534779138662e-01 1.122867037173406857e+00
4.284859676173107812e-01 1.236033122723199540e+00
4.298270817567075852e-01 1.211848203559959813e+00
4.311681958961045003e-01 7.223281588887289217e-01
4.325093100355013043e-01 8.763259754994976447e-01
4.338504241748981638e-01 1.351704669369404144e+00
4.351915383142950233e-01 1.113183679962503447e+00
4.365326524536918829e-01 1.042787700891729230e+00
4.378737665930887424e-01 8.560525913081917793e-01
4.392148807324856019e-01 1.105452174172626201e+00
4.405559948718824614e-01 1.070734259802449628e+00
4.418971090112793210e-01 1.184699976934744825e+00
4.432382231506761250e-01 8.262147628055700466e-01
4.445793372900730400e-01 9.965966097902381193e-01
4.459204514294698440e-01 1.030088692303891662e+00
4.472615655688667591e-01 9.105678751307948460e-01
4.486026797082635631e-01 1.133341120182386419e+00
4.499437938476603671e-01 1.235149910749569813e+00
4.512849079870572822e-01 1.214687293659444833e+00
4.526260221264540862e-01 1.423679077624157685e+00
4.539671362658510012e-01 1.103224704382505195e+00
4.553082504052478052e-01 8.237170136845577417e-01
4.566493645446446092e-01 7.946692276037978786e-01
4.579904786840415243e-01 7.214413897068823189e-01
4.593315928234383283e-01 9.016826199383132234e-01
4.606727069628352433e-01 7.658165573954249794e-01
4.620138211022320474e-01 7.321272094142727838e-01
4.633549352416289624e-01 8.449643747905071223e-01
4.646960493810257664e-01 1.009326282604099845e+00
4.660371635204225704e-01 1.160288682662134363e+00
4.673782776598194855e-01 8.649148118728291479e-01
4.687193917992162895e-01 5.069250746744202729e-01
4.700605059386132045e-01 7.491462855917063735e-01
4.714016200780100085e-01 8.178168769990818987e-01
4.727427342174068681e-01 6.882479844138060798e-01
4.740838483568037276e-01 7.190049366339081871e-01
4.754249624962005871e-01 7.120277922107618451e-01
4.767660766355974467e-01 1.090067274321192770e+00
4.781071907749943062e-01 1.227916879751994372e+00
4.794483049143911102e-01 1.408859363879834348e+00
4.807894190537880252e-01 1.345915717553360480e+00
4.821305331931848293e-01 1.268237392815443343e+00
4.834716473325817443e-01 1.050911810431379934e+00
4.848127614719785483e-01 8.504082647505910586e-01
4.861538756113753523e-01 8.393370589385753533e-01
4.874949897507722674e-01 7.503676562226857527e-01
4.888361038901690714e-01 7.791569833024070135e-01
4.901772180295659864e-01 7.117004924954102307e-01
4.915183321689627904e-01 7.851111117904707726e-01
4.928594463083597055e-01 5.137703736675973687e-01
4.942005604477565095e-01 3.822823736549381124e-01
4.955416745871533135e-01 5.689144256495453078e-01
4.968827887265502286e-01 7.439170080226062964e-01
4.982239028659470326e-01 5.353379488222671512e-01
4.995650170053439476e-01 5.146046974133611229e-01
5.009061311447408071e-01 5.472181056522629206e-01
5.022472452841375556e-01 5.767641097715099363e-01
5.035883594235345262e-01 5.164430143086917724e-01
5.049294735629312747e-01 7.025444489896202072e-01
5.062705877023282452e-01 9.335647880749462502e-01
5.076117018417249938e-01 9.576713581714955126e-01
5.089528159811218533e-01 7.062780771608245800e-01
5.102939301205187128e-01 5.165254310154523409e-01
5.116350442599155723e-01 5.164755283039070832e-01
5.129761583993124319e-01 5.062117557975582827e-01
5.143172725387092914e-01 4.508055061957776388e-01
5.156583866781061509e-01 9.899761287589825542e-01
5.169995008175030105e-01 1.033692491453230389e+00
5.183406149568997590e-01 1.140220965697700706e+00
5.196817290962967295e-01 1.020083545073212861e+00
5.210228432356934780e-01 5.810086908052980448e-01
5.223639573750904486e-01 4.692986470253686093e-01
5.237050715144871971e-01 6.776980235533969221e-01
5.250461856538840566e-01 7.903707113510805016e-01
5.263872997932809161e-01 4.824063821022619436e-01
5.277284139326777757e-01 4.192629824225448942e-01
5.290695280720746352e-01 4.500887984275507847e-01
5.304106422114714947e-01 8.506911770067873135e-01
5.317517563508683542e-01 8.653047354172258565e-01
5.330928704902652138e-01 7.899717163050326008e-01
5.344339846296620733e-01 4.399670754793660876e-01
5.357750987690589328e-01 6.202780309581541474e-01
5.371162129084557924e-01 7.620089608463445074e-01
5.384573270478525409e-01 5.708509413043145742e-01
5.397984411872495114e-01 4.211679817633608991e-01
5.411395553266462599e-01 5.120730020683907924e-01
5.424806694660432305e-01 3.740583507021071341e-01
5.438217836054399790e-01 3.554395851522045291e-01
5.451628977448369495e-01 3.267436235235123831e-01
5.465040118842336980e-01 2.906909593727533547e-01
5.478451260236305576e-01 4.323423455964388040e-01
5.491862401630274171e-01 4.256725086716315332e-01
5.505273543024242766e-01 5.196877526490624177e-01
5.518684684418211361e-01 4.652044706678850616e-01
5.532095825812179957e-01 3.738834334401133219e-01
5.545506967206147442e-01 3.640760614051075095e-01
5.558918108600117147e-01 5.156234765472831327e-01
5.572329249994084632e-01 3.094542136324420767e-01
5.585740391388054338e-01 5.149542757342615573e-01
5.599151532782021823e-01 4.641768840036846200e-01
5.612562674175990418e-01 5.699562161055098386e-01
5.625973815569959013e-01 5.677797332740723846e-01
5.639384956963927609e-01 5.101022690112344549e-01
5.652796098357896204e-01 2.483410164377204410e-01
5.666207239751864799e-01 2.918215228004044093e-01
5.679618381145833395e-01 3.048393444046624268e-01
5.693029522539801990e-01 1.681179983357594665e-02
5.706440663933770585e-01 2.352608308511960900e-01
5.719851805327739180e-01 4.462298935004298528e-01
5.733262946721707776e-01 5.642623068273096010e-01
5.746674088115676371e-01 4.365861092944669508e-01
5.760085229509644966e-01 2.289179807287666790e-01
5.773496370903612451e-01 1.607870088054355051e-01
5.786907512297582157e-01 2.826407185198149818e-01
5.800318653691549642e-01 2.999830957596216763e-01
5.813729795085519347e-01 3.330131582040962712e-01
5.827140936479486832e-01 2.615729743383283790e-01
5.840552077873455428e-01 6.219308684914182095e-02
5.853963219267424023e-01 0.000000000000000000e+00
5.867374360661392618e-01 1.258869591160305390e-01
5.880785502055361214e-01 1.297092731146065603e-01
5.894196643449329809e-01 2.152354097370476893e-01
5.907607784843297294e-01 1.446986719627787465e-01
5.921018926237266999e-01 5.963776974359547012e-02
5.934430067631234484e-01 8.210944187688085094e-02
5.947841209025204190e-01 1.290232067198004984e-01
5.961252350419171675e-01 2.215024758459875898e-01
5.974663491813141381e-01 2.701553620757195517e-01
5.988074633207108866e-01 3.593097175590003189e-01
