# q (1/Angstrom), Intensity (arb)
2.078726924066784734e-02 1.285271028362509185e+02
2.212838338006469993e-02 2.162522015833386604e+02
2.346949751946154905e-02 3.033127413367880081e+02
2.481061165885840164e-02 4.269095827581683693e+02
2.615172579825525423e-02 4.934237788041278918e+02
2.749283993765210335e-02 5.140760715030497749e+02
2.883395407704895941e-02 5.357603156659174601e+02
3.017506821644580506e-02 5.464539026099462262e+02
3.151618235584265765e-02 5.427799757180590632e+02
3.285729649523951718e-02 5.393608732813484039e+02
3.419841063463636283e-02 5.368787814436211647e+02
3.553952477403321542e-02 5.309566648310066057e+02
3.688063891343006800e-02 5.258373319705045787e+02
3.822175305282692059e-02 5.226753998002734534e+02
3.956286719222376624e-02 5.178782186311173064e+02
4.090398133162062577e-02 5.115465204769300271e+02
4.224509547101747142e-02 5.058176567912463497e+02
4.358620961041432401e-02 4.979102780051683794e+02
4.492732374981117660e-02 4.919675333971762257e+02
4.626843788920802919e-02 4.889677770085465909e+02
4.760955202860488178e-02 4.874116365133678528e+02
4.895066616800172743e-02 4.827667190337930379e+02
5.029178030739858696e-02 4.781302036975741885e+02
5.163289444679544649e-02 4.760776202616787032e+02
5.297400858619229214e-02 4.705716423979651495e+02
5.431512272558913779e-02 4.659922585802245294e+02
5.565623686498599731e-02 4.607392506203939888e+02
5.699735100438284990e-02 4.541736512484189348e+02
5.833846514377969555e-02 4.511662358145636063e+02
5.967957928317654814e-02 4.453703490308370760e+02
6.102069342257340767e-02 4.334566819355428606e+02
6.236180756197025332e-02 4.255236929379699973e+02
6.370292170136709897e-02 4.217081030585151211e+02
6.504403584076395850e-02 4.160004418121086474e+02
6.638514998016080415e-02 4.089320071791642590e+02
6.772626411955766368e-02 4.022964479164113527e+02
6.906737825895450933e-02 3.938441613596423281e+02
7.040849239835136886e-02 3.832309525100627638e+02
7.174960653774821451e-02 3.775924343508673360e+02
7.309072067714506016e-02 3.696404302023465220e+02
7.443183481654190581e-02 3.610046884251293591e+02
7.577294895593877921e-02 3.530699149837604409e+02
7.711406309533562486e-02 3.446723370778129265e+02
7.845517723473247051e-02 3.364132694620440134e+02
7.979629137412933004e-02 3.256935024580599247e+02
8.113740551352617569e-02 3.174072781548555895e+02
8.247851965292302134e-02 3.118561865511709357e+02
8.381963379231988087e-02 3.041750661832351170e+02
8.516074793171674040e-02 2.954333493226087057e+02
8.650186207111358605e-02 2.864161904672232595e+02
8.784297621051043170e-02 2.773263739012998030e+02
8.918409034990729123e-02 2.710132102777940304e+02
9.052520448930413688e-02 2.643316682376621429e+02
9.186631862870098253e-02 2.572460835309904610e+02
9.320743276809784206e-02 2.478603107220470179e+02
9.454854690749470159e-02 2.402537473381431141e+02
9.588966104689154724e-02 2.339099929236059552e+02
9.723077518628839289e-02 2.244392575573013460e+02
9.857188932568525241e-02 2.169027439729089224e+02
9.991300346508209806e-02 2.119162918333192920e+02
1.012541176044789437e-01 2.053794900285797951e+02
1.025952317438758032e-01 1.983737836009751163e+02
1.039363458832726350e-01 1.924422362151058792e+02
1.052774600226694945e-01 1.867432681686110527e+02
1.066185741620663541e-01 1.783790127980064426e+02
1.079596883014631858e-01 1.708541924184951313e+02
1.093008024408600454e-01 1.649458772503258217e+02
1.106419165802569049e-01 1.601394824160203143e+02
1.119830307196537506e-01 1.534124346926728322e+02
1.133241448590506101e-01 1.478287822088599910e+02
1.146652589984474419e-01 1.418413578288116241e+02
1.160063731378443014e-01 1.349043170296617973e+02
1.173474872772411609e-01 1.310843934707299354e+02
1.186886014166380066e-01 1.258666994232483489e+02
1.200297155560348661e-01 1.201258985605975624e+02
1.213708296954317256e-01 1.137298875700847134e+02
1.227119438348285574e-01 1.097183189712856546e+02
1.240530579742254169e-01 1.055288932272612499e+02
1.253941721136222764e-01 9.980455324361226133e+01
1.267352862530191082e-01 9.490514543246419521e+01
1.280764003924159677e-01 9.208025283675982564e+01
1.294175145318128273e-01 8.746742257398248910e+01
1.307586286712096590e-01 8.248605653867019782e+01
1.320997428106065186e-01 7.839713954334979462e+01
1.334408569500033781e-01 7.491850229525252303e+01
1.347819710894002376e-01 7.116113985075980963e+01
1.361230852287970972e-01 6.707022070545694703e+01
1.374641993681939289e-01 6.416949179436359429e+01
1.388053135075907885e-01 6.024522891588152618e+01
1.401464276469876480e-01 5.635702079702143408e+01
1.414875417863844798e-01 5.356511445423466000e+01
1.428286559257813393e-01 5.150403881263174810e+01
1.441697700651781988e-01 4.860133526161197892e+01
1.455108842045750306e-01 4.596429927709759511e+01
1.468519983439718901e-01 4.319668163700339392e+01
1.481931124833687219e-01 4.043814244581825790e+01
1.495342266227655814e-01 3.759182706515784389e+01
1.508753407621624687e-01 3.533700274279897258e+01
1.522164549015593005e-01 3.293604440976083936e+01
1.535575690409561600e-01 3.167781685726926355e+01
1.548986831803530195e-01 2.860878145051904653e+01
1.562397973197498513e-01 2.634113766393760159e+01
1.575809114591467108e-01 2.459554640072282439e+01
1.589220255985435704e-01 2.244695599920268592e+01
1.602631397379404021e-01 2.099409988518335979e+01
1.616042538773372617e-01 2.028912768222444640e+01
1.629453680167341212e-01 1.873460224741356228e+01
1.642864821561309530e-01 1.716536601263449313e+01
1.656275962955278125e-01 1.584905807155335822e+01
1.669687104349246720e-01 1.553956428055120398e+01
1.683098245743215315e-01 1.358500054124299083e+01
1.696509387137183911e-01 1.196235102619759516e+01
1.709920528531152228e-01 1.194990947048252394e+01
1.723331669925120824e-01 1.087780253941977548e+01
1.736742811319089419e-01 9.264399750018043278e+00
1.750153952713057737e-01 9.218258774593891758e+00
1.763565094107026332e-01 8.847407500510612977e+00
1.776976235500994927e-01 8.692788532698457971e+00
1.790387376894963245e-01 7.507267216147880617e+00
1.803798518288931840e-01 6.471401141285554104e+00
1.817209659682900158e-01 5.304145877847687984e+00
1.830620801076868753e-01 5.771156915022814360e+00
1.844031942470837349e-01 5.363980270162102215e+00
1.857443083864805944e-01 4.669391061893335859e+00
1.870854225258774539e-01 4.379785488504012392e+00
1.884265366652743134e-01 3.456297270111448938e+00
1.897676508046711452e-01 3.148988860396471523e+00
1.911087649440680047e-01 3.355151551885384720e+00
1.924498790834648643e-01 2.887718618206150722e+00
1.937909932228616960e-01 2.353056140126000173e+00
1.951321073622585556e-01 2.660981184622201567e+00
1.964732215016554151e-01 2.656195028940359748e+00
1.978143356410522469e-01 2.996291083955668455e+00
1.991554497804491064e-01 2.600849434064841148e+00
2.004965639198459382e-01 1.908404663215776509e+00
2.018376780592427977e-01 1.789872065056229644e+00
2.031787921986396572e-01 2.542355793659112351e+00
2.045199063380365168e-01 2.560455436172333066e+00
2.058610204774333763e-01 2.854826795926783234e+00
2.072021346168302081e-01 2.717800253762248985e+00
2.085432487562270676e-01 2.552809944357917971e+00
2.098843628956239271e-01 2.029866124574866149e+00
2.112254770350207866e-01 2.502891667134221620e+00
2.125665911744176462e-01 2.616431741303244962e+00
2.139077053138144502e-01 2.544576650017219777e+00
2.152488194532113097e-01 2.030706549528233040e+00
2.165899335926081692e-01 2.621760376545665849e+00
2.179310477320050288e-01 2.605642387136100524e+00
2.192721618714018883e-01 2.591167028171796005e+00
2.206132760107987478e-01 2.540065475436136921e+00
2.219543901501955796e-01 3.057101047568792751e+00
2.232955042895924391e-01 2.960258804731026316e+00
2.246366184289892987e-01 3.065072388002064940e+00
2.259777325683861582e-01 3.352618357243812852e+00
2.273188467077830177e-01 3.412798286444839846e+00
2.286599608471798217e-01 3.459497810020408792e+00
2.300010749865766813e-01 3.723012416261710200e+00
2.313421891259735408e-01 3.720309865765969448e+00
2.326833032653704003e-01 3.400631686057380421e+00
2.340244174047672598e-01 3.828473617901124726e+00
2.353655315441641194e-01 4.284305463752076548e+00
2.367066456835609234e-01 3.497361544267064914e+00
2.380477598229577829e-01 2.908703982236175989e+00
2.393888739623546424e-01 3.782264758545338168e+00
2.407299881017515020e-01 3.541495317218704031e+00
2.420711022411483615e-01 3.132993397242600508e+00
2.434122163805451933e-01 3.568125899959483149e+00
2.447533305199420528e-01 3.681181177708964469e+00
2.460944446593389123e-01 3.915229745277372331e+00
2.474355587987357719e-01 3.989646782213455367e+00
2.487766729381326314e-01 3.711603469681421075e+00
2.501177870775294632e-01 3.301577210279219798e+00
2.514589012169263227e-01 3.764291157073714089e+00
2.528000153563231822e-01 3.603526734367633821e+00
2.541411294957200417e-01 3.563347788412798423e+00
2.554822436351169013e-01 4.120831534312515032e+00
2.568233577745137608e-01 4.088070980637965590e+00
2.581644719139106203e-01 4.322469625371155644e+00
2.595055860533074243e-01 3.759499783799540751e+00
2.608467001927042839e-01 4.075154463275325156e+00
2.621878143321011434e-01 3.824537108994420009e+00
2.635289284714980029e-01 3.326259988216889951e+00
2.648700426108948625e-01 3.418737587834939973e+00
2.662111567502916665e-01 3.404337756087684852e+00
2.675522708896885260e-01 3.324512250200228891e+00
2.688933850290853855e-01 3.047521864898754984e+00
2.702344991684822451e-01 2.979593517899985500e+00
2.715756133078791046e-01 3.173969894269887959e+00
2.729167274472759641e-01 3.337183566679826185e+00
2.742578415866727681e-01 3.108933351165049430e+00
2.755989557260696277e-01 2.711624643381767896e+00
2.769400698654664872e-01 3.345270410715670550e+00
2.782811840048633467e-01 3.420109344458595046e+00
2.796222981442602062e-01 3.014251262022526134e+00
2.809634122836570103e-01 2.836594592955918870e+00
2.823045264230538698e-01 2.957307706680438741e+00
2.836456405624507293e-01 2.679920494436387912e+00
2.849867547018475888e-01 2.725113314088375205e+00
2.863278688412444484e-01 2.725430398044323965e+00
2.876689829806413079e-01 2.070311014375619152e+00
2.890100971200381674e-01 2.639726750658510923e+00
2.903512112594350270e-01 2.396926505970128574e+00
2.916923253988318865e-01 2.509599544533145377e+00
2.930334395382287460e-01 2.199500451726905226e+00
2.943745536776256055e-01 1.666304943841510067e+00
2.957156678170224096e-01 1.977026719880825567e+00
2.970567819564192691e-01 2.200532446465516045e+00
2.983978960958161286e-01 2.158185854531254222e+00
2.997390102352129881e-01 2.064072233385971344e+00
3.010801243746098477e-01 1.967567645692867018e+00
3.024212385140067072e-01 1.637874285820444697e+00
3.037623526534035112e-01 1.820257457727805672e+00
3.051034667928003707e-01 1.413117304937358654e+00
3.064445809321972303e-01 1.781930411754771626e+00
3.077856950715940898e-01 1.874908806205752398e+00
3.091268092109909493e-01 1.724634258349794891e+00
3.104679233503877533e-01 1.635678359857351438e+00
3.118090374897846129e-01 1.834876965058796827e+00
3.131501516291814724e-01 1.562687127532086606e+00
3.144912657685783319e-01 1.382376758021479191e+00
3.158323799079751915e-01 1.103958686049608673e+00
3.171734940473720510e-01 8.255974495966569293e-01
3.185146081867689105e-01 1.205628271981368016e+00
3.198557223261657700e-01 1.556810899982650653e+00
3.211968364655626296e-01 1.652136915840671350e+00
3.225379506049594891e-01 1.713980486491351485e+00
3.238790647443563486e-01 1.667189914501108206e+00
3.252201788837532082e-01 1.416718458671709868e+00
3.265612930231500122e-01 1.507175135435105062e+00
3.279024071625468717e-01 1.642523330637658319e+00
3.292435213019437312e-01 1.346132093087490489e+00
3.305846354413405908e-01 1.103898593252779392e+00
3.319257495807374503e-01 1.002389140280257607e+00
3.332668637201342543e-01 1.056957491272754623e+00
3.346079778595311138e-01 1.248390708628420498e+00
3.359490919989279734e-01 1.563177042929467575e+00
3.372902061383248329e-01 1.701607759098536121e+00
3.386313202777216924e-01 1.662946650809089988e+00
3.399724344171185519e-01 9.581581549223301408e-01
3.413135485565153560e-01 1.099466449955855296e+00
3.426546626959122155e-01 1.168938335503000303e+00
3.439957768353090750e-01 9.070424357325634901e-01
3.453368909747059345e-01 1.124518710910393793e+00
3.466780051141027941e-01 1.215524358676361771e+00
3.480191192534995981e-01 1.374599200500654206e+00
3.493602333928964576e-01 1.419025950588334695e+00
3.507013475322933171e-01 1.228320925447221157e+00
3.520424616716901767e-01 1.608324907688142957e+00
3.533835758110870362e-01 1.300629063280169362e+00
3.547246899504838957e-01 1.129872612660847153e+00
3.560658040898807553e-01 8.308154048159650529e-01
3.574069182292776148e-01 1.107037817155656967e+00
3.587480323686744743e-01 1.287844418364755938e+00
3.600891465080713338e-01 1.458511711686966805e+00
3.614302606474681934e-01 1.485928578385156129e+00
3.627713747868649974e-01 1.245545058652311354e+00
3.641124889262618569e-01 1.409127154193839715e+00
3.654536030656587164e-01 1.313441333884000528e+00
3.667947172050555760e-01 1.254073907033543378e+00
3.681358313444524355e-01 1.582565035045945478e+00
3.694769454838492950e-01 1.319517359179897653e+00
3.708180596232460990e-01 1.163972321099123519e+00
3.721591737626429586e-01 1.148961113017719526e+00
3.735002879020398181e-01 1.591687578453630181e+00
3.748414020414366776e-01 1.482475744755532787e+00
3.761825161808335372e-01 1.329087290538112143e+00
3.775236303202303967e-01 1.351345954893631074e+00
3.788647444596272007e-01 1.285052574137040438e+00
3.802058585990240602e-01 1.271207800785234099e+00
3.815469727384209198e-01 7.189739025059793676e-01
3.828880868778177793e-01 9.419010596177770367e-01
3.842292010172146388e-01 1.186922917191296278e+00
3.855703151566114428e-01 1.221980008641651239e+00
3.869114292960083024e-01 1.383824346711520548e+00
3.882525434354051619e-01 1.333465041354727987e+00
3.895936575748020214e-01 1.178633617468221928e+00
3.909347717141988809e-01 1.646095384172852505e+00
3.922758858535957405e-01 1.823255919687738924e+00
3.936169999929926000e-01 1.361553355680982236e+00
3.949581141323894595e-01 1.405163919890100033e+00
3.962992282717863191e-01 1.054379591681311013e+00
3.976403424111831786e-01 1.082048507360056533e+00
3.989814565505800381e-01 1.423061627775837223e+00
4.003225706899768976e-01 1.764689815500801728e+00
4.016636848293737572e-01 1.532967808024608303e+00
4.030047989687706167e-01 1.824177368994440940e+00
4.043459131081674207e-01 1.543830906429121796e+00
4.056870272475643358e-01 1.438340212683641539e+00
4.070281413869611398e-01 1.157103414272270925e+00
4.083692555263580548e-01 1.259870331174965941e+00
4.097103696657548588e-01 1.414798356946448621e+00
4.110514838051517739e-01 1.392998877799172419e+00
4.123925979445485779e-01 1.014070011970105156e+00
4.137337120839453819e-01 1.345135914806206756e+00
4.150748262233422969e-01 1.196007313578846265e+00
4.164159403627391010e-01 1.169546327344974657e+00
4.177570545021360160e-01 1.527746700956164716e+00
4.190981686415328200e-01 1.381241404670937811e+00
4.204392827809296240e-01 1.468359836807088925e+00
4.217803969203265391e-01 1.299071720534236363e+00
4.231215110597233431e-01 9.191875950334349454e-01
4.244626251991202581e-01 8.138854285324370608e-01
4.258037393385170621e-01 9.486723988738816615e-01
4.271448534779138662e-01 1.055309241937912645e+00
4.284859676173107812e-01 1.272496221336396616e+00
4.298270817567075852e-01 1.492079870611021875e+00
4.311681958961045003e-01 1.801717899441420911e+00
4.325093100355013043e-01 1.811598802242521344e+00
4.338504241748981638e-01 1.590651152552972292e+00
4.351915383142950233e-01 1.294258643534590192e+00
4.365326524536918829e-01 1.140558309575538942e+00
4.378737665930887424e-01 8.875992086220065858e-01
4.392148807324856019e-01 9.625841538346975312e-01
4.405559948718824614e-01 1.290136853689631380e+00
4.418971090112793210e-01 1.017116353024988484e+00
4.432382231506761250e-01 6.681947696102241707e-01
4.445793372900730400e-01 6.368933162956409433e-01
4.459204514294698440e-01 1.046531640840207444e+00
4.472615655688667591e-01 1.146877264447248024e+00
4.486026797082635631e-01 1.064191347275126986e+00
4.499437938476603671e-01 1.331992125066356891e+00
4.512849079870572822e-01 1.153664824920049625e+00
4.526260221264540862e-01 1.019482197050535888e+00
4.539671362658510012e-01 7.654540058998122731e-01
4.553082504052478052e-01 8.314684042532007879e-01
4.566493645446446092e-01 8.537144897738500049e-01
4.579904786840415243e-01 1.139610709729261373e+00
4.593315928234383283e-01 8.143630850282406186e-01
4.606727069628352433e-01 9.572471013868337764e-01
4.620138211022320474e-01 1.152955457381558801e+00
4.633549352416289624e-01 7.130782563793616191e-01
4.646960493810257664e-01 9.719171660723233686e-01
4.660371635204225704e-01 1.148276471011826061e+00
4.673782776598194855e-01 8.828698320425516499e-01
4.687193917992162895e-01 1.145427697718631066e+00
4.700605059386132045e-01 1.225703814001100511e+00
4.714016200780100085e-01 1.017271062760158884e+00
4.727427342174068681e-01 8.308188969611194352e-01
4.740838483568037276e-01 7.836859532853353016e-01
4.754249624962005871e-01 6.459087712376003765e-01
4.767660766355974467e-01 9.045774759222666717e-01
4.781071907749943062e-01 1.003007548323168407e+00
4.794483049143911102e-01 1.259972896787004970e+00
4.807894190537880252e-01 9.087744044833385715e-01
4.821305331931848293e-01 7.150299023532795673e-01
4.834716473325817443e-01 1.018755301762155341e+00
4.848127614719785483e-01 1.153286615574657503e+00
4.861538756113753523e-01 1.100361220995601741e+00
4.874949897507722674e-01 1.270286872988855009e+00
4.888361038901690714e-01 1.395971501509308155e+00
4.901772180295659864e-01 1.041700202627140470e+00
4.915183321689627904e-01 6.932206189700025334e-01
4.928594463083597055e-01 8.035544495717417135e-01
4.942005604477565095e-01 6.518630385897452584e-01
4.955416745871533135e-01 4.742741690588019310e-01
4.968827887265502286e-01 7.884976974622830426e-01
4.982239028659470326e-01 1.018655740389142750e+00
4.995650170053439476e-01 1.159976880634751240e+00
5.009061311447408071e-01 9.405428425222623900e-01
5.022472452841375556e-01 5.388606429868687542e-01
5.035883594235345262e-01 5.798798347030640343e-01
5.049294735629312747e-01 7.010649821398757808e-01
5.062705877023282452e-01 1.123036181271530154e+00
5.076117018417249938e-01 7.708450095390873003e-01
5.089528159811218533e-01 8.654577435561350285e-01
5.102939301205187128e-01 7.665534107038354250e-01
5.116350442599155723e-01 7.732575490983819577e-01
5.129761583993124319e-01 4.928051001031334977e-01
5.143172725387092914e-01 7.221176729409748418e-01
5.156583866781061509e-01 7.195488880525360287e-01
5.169995008175030105e-01 7.798252931874145588e-01
5.183406149568997590e-01 7.458738471664716485e-01
5.196817290962967295e-01 8.504074355075630365e-01
5.210228432356934780e-01 4.756366385725669943e-01
5.223639573750904486e-01 6.341609565836137108e-01
5.237050715144871971e-01 9.160955145526799015e-01
5.250461856538840566e-01 7.629145153518166467e-01
5.263872997932809161e-01 4.853878006243448340e-01
5.277284139326777757e-01 1.859347597573659527e-01
5.290695280720746352e-01 4.794857798123288717e-01
5.304106422114714947e-01 6.991863892807685943e-01
5.317517563508683542e-01 9.422653747876736929e-01
5.330928704902652138e-01 9.112504719525347241e-01
5.344339846296620733e-01 7.393021162849677808e-01
5.357750987690589328e-01 6.029710027573642606e-01
5.371162129084557924e-01 6.636982294048152653e-01
5.384573270478525409e-01 5.831803646076139103e-01
5.397984411872495114e-01 6.155854997802379103e-01
5.411395553266462599e-01 5.297519705073057139e-01
5.424806694660432305e-01 5.234316890353625240e-01
5.438217836054399790e-01 4.675676930894780980e-01
5.451628977448369495e-01 5.581930828434664704e-01
5.465040118842336980e-01 6.008381600229171227e-01
5.478451260236305576e-01 4.884052624759078753e-01
5.491862401630274171e-01 6.475518403992523986e-01
5.505273543024242766e-01 7.704193018510991919e-01
5.518684684418211361e-01 9.776939845909211613e-01
5.532095825812179957e-01 7.454948134167125318e-01
5.545506967206147442e-01 5.117333232811418497e-01
5.558918108600117147e-01 5.338400692855387319e-01
5.572329249994084632e-01 5.471065089819475702e-01
5.585740391388054338e-01 2.287378054908444369e-01
5.599151532782021823e-01 3.111767670734835178e-01
5.612562674175990418e-01 2.907824235867551010e-01
5.625973815569959013e-01 4.138668726607832582e-01
5.639384956963927609e-01 1.571695676448214840e-01
5.652796098357896204e-01 3.063556769299466964e-01
5.666207239751864799e-01 3.085792796860786780e-01
5.679618381145833395e-01 6.314333510588880927e-01
5.693029522539801990e-01 2.735365408623096073e-01
5.706440663933770585e-01 0.000000000000000000e+00
5.719851805327739180e-01 4.591849970119099567e-01
5.733262946721707776e-01 4.415267027514602205e-01
5.746674088115676371e-01 4.917278107985225688e-01
5.760085229509644966e-01 5.422922369252631825e-01
5.773496370903612451e-01 5.334417998301788089e-01
5.786907512297582157e-01 5.395973379561667116e-01
5.800318653691549642e-01 6.353990184439766153e-01
5.813729795085519347e-01 4.379711253785174563e-01
5.827140936479486832e-01 3.067173058815839681e-01
5.840552077873455428e-01 5.066427087962424025e-01
5.853963219267424023e-01 3.545698888806612104e-01
5.867374360661392618e-01 2.516107104160454355e-01
5.880785502055361214e-01 4.419453945181075483e-01
5.894196643449329809e-01 3.395833564790819992e-01
5.907607784843297294e-01 3.196749233536451129e-01
5.921018926237266999e-01 3.538352006251059834e-01
5.934430067631234484e-01 4.684744525946626936e-02
5.947841209025204190e-01 2.775255690702920219e-01
5.961252350419171675e-01 3.510859111493331852e-01
5.974663491813141381e-01 2.929213490212632109e-01
5.988074633207108866e-01 2.966381199379526379e-01
