# q (1/Angstrom), I (arb)
5.625383698728531057e-01 6.271099999999999852e+01
5.672606551264444130e-01 6.280100000000000193e+01
5.718704315179852227e-01 6.499099999999999966e+01
5.765925655666890304e-01 6.417600000000000193e+01
5.813146221580920425e-01 6.723900000000000432e+01
5.859241735107164617e-01 6.590399999999999636e+01
5.906460751662977460e-01 6.825600000000000023e+01
5.953678974766819509e-01 6.808100000000000307e+01
5.999772183054309371e-01 7.084000000000000341e+01
6.046988819492439271e-01 7.110699999999999932e+01
6.094204643600581450e-01 7.244599999999999795e+01
6.140295491802468808e-01 7.346599999999999397e+01
6.187509691939288015e-01 7.317199999999999704e+01
6.234723060869068467e-01 7.644700000000000273e+01
6.280811494141316231e-01 7.589600000000000080e+01
6.328023201796096897e-01 7.872400000000000375e+01
6.375234059367775874e-01 7.852299999999999613e+01
6.421320022869219102e-01 8.010099999999999909e+01
6.468529181864197675e-01 8.036299999999999955e+01
6.515737471901027478e-01 8.290500000000000114e+01
6.561820910793437767e-01 8.375700000000000500e+01
6.609027464953887154e-01 8.739600000000000080e+01
6.656233131282167648e-01 8.827899999999999636e+01
6.702313990730325299e-01 8.887999999999999545e+01
6.749517883884613711e-01 9.424699999999999989e+01
6.796720870333774478e-01 9.899399999999999977e+01
6.842799095505526230e-01 1.161340000000000003e+02
6.890000271485190453e-01 1.460440000000000111e+02
6.937200521887844085e-01 2.252270000000000039e+02
6.983276057954173055e-01 2.284149999999999920e+02
7.030474460593981734e-01 2.254780000000000086e+02
7.077671918786000438e-01 1.736990000000000123e+02
7.123744710921086076e-01 1.468600000000000136e+02
7.170940284059108549e-01 1.198889999999999958e+02
7.218134893879688541e-01 1.095619999999999976e+02
7.264204887260974353e-01 1.063589999999999947e+02
7.311397574738651706e-01 1.054309999999999974e+02
7.358589280030370938e-01 1.068810000000000002e+02
7.404656419838639980e-01 1.069500000000000028e+02
7.451846165500836117e-01 1.089309999999999974e+02
7.499034910109735330e-01 1.098769999999999953e+02
7.545099141529156839e-01 1.127189999999999941e+02
7.592285889224246187e-01 1.125460000000000065e+02
7.639471616999886638e-01 1.153280000000000030e+02
7.685532885218094856e-01 1.159470000000000027e+02
7.732716578798012330e-01 1.163739999999999952e+02
7.779899233593546848e-01 1.205949999999999989e+02
7.825957483801698755e-01 1.204489999999999981e+02
7.873138067122019690e-01 1.250780000000000030e+02
7.920317592794252626e-01 1.251039999999999992e+02
7.966372770187102326e-01 1.287889999999999873e+02
8.013550187107096878e-01 1.312909999999999968e+02
8.060726527516565154e-01 1.390480000000000018e+02
8.106778577292513832e-01 1.464370000000000118e+02
8.153952771675223588e-01 1.517760000000000105e+02
8.201125870686245545e-01 1.537239999999999895e+02
8.247174738047425846e-01 1.525670000000000073e+02
8.294345653759724879e-01 1.544819999999999993e+02
8.341515455240480215e-01 1.532889999999999873e+02
8.387561085392805094e-01 1.568220000000000027e+02
8.434728666305472133e-01 1.566220000000000141e+02
8.481895114128060742e-01 1.609050000000000011e+02
8.527937452281298958e-01 1.612709999999999866e+02
8.575101642269077340e-01 1.653280000000000030e+02
8.622264680309595919e-01 1.675500000000000114e+02
8.668303671677428657e-01 1.689590000000000032e+02
8.715464414619097377e-01 1.737369999999999948e+02
8.762623986757693828e-01 1.752259999999999991e+02
8.808659576557790194e-01 1.824180000000000064e+02
8.855816816336232744e-01 1.864840000000000089e+02
8.902972866457182777e-01 2.035730000000000075e+02
8.949004999911254199e-01 2.273619999999999948e+02
8.996158680413519626e-01 2.549739999999999895e+02
9.043311152405285602e-01 2.560679999999999836e+02
9.089339774739162436e-01 2.345790000000000077e+02
9.136489839856534179e-01 2.353770000000000095e+02
9.183638677611841716e-01 2.510900000000000034e+02
9.229663734055526536e-01 2.910470000000000255e+02
9.276810127683592366e-01 3.041200000000000045e+02
9.323955275099486961e-01 2.905350000000000250e+02
9.369976710887228943e-01 2.698109999999999786e+02
9.417119376925940921e-01 2.589279999999999973e+02
9.464260777903864552e-01 2.671370000000000005e+02
9.510278538274218318e-01 2.764159999999999968e+02
9.557417420627974947e-01 3.021539999999999964e+02
9.604555019073820477e-01 3.226139999999999759e+02
9.650569049269716038e-01 3.752860000000000014e+02
9.697704091847403340e-01 4.499970000000000141e+02
9.744837831671594452e-01 6.071779999999999973e+02
9.790848076940400491e-01 9.315059999999999718e+02
9.837979223655485272e-01 1.526421000000000049e+03
9.885109048773034202e-01 2.496177999999999884e+03
9.931115454366620243e-01 2.907179000000000087e+03
9.978242649137201159e-01 2.373193000000000211e+03
1.002536850346777531e+00 1.438114000000000033e+03
1.007137101464258500e+00 9.490850000000000364e+02
1.011849420139146138e+00 5.844610000000000127e+02
1.016561602885945881e+00 4.341009999999999991e+02
1.021161459087656764e+00 3.746220000000000141e+02
1.025873371353130503e+00 3.363860000000000241e+02
1.030585145806591552e+00 3.224209999999999923e+02
1.035184601619109301e+00 3.067450000000000045e+02
1.039896101868410527e+00 3.043500000000000227e+02
1.044607462421937027e+00 2.981519999999999868e+02
1.049206512372315547e+00 2.973439999999999941e+02
1.053917594999174812e+00 2.960729999999999791e+02
1.058628536046663848e+00 2.973000000000000114e+02
1.063227174662440433e+00 2.990690000000000168e+02
1.067937834061084557e+00 3.010609999999999786e+02
1.072648349996933037e+00 3.029080000000000155e+02
1.077246571806133257e+00 3.057389999999999759e+02
1.081956802371294879e+00 3.066349999999999909e+02
1.086666887590403974e+00 3.109560000000000173e+02
1.091264687121550558e+00 3.148899999999999864e+02
1.095974483248470577e+00 3.204449999999999932e+02
1.100684132146255045e+00 3.214569999999999936e+02
1.105281503928372322e+00 3.272549999999999955e+02
1.109990860012809666e+00 3.321309999999999718e+02
1.114700066985203630e+00 3.343380000000000223e+02
1.119297005547825519e+00 3.418330000000000268e+02
1.124005915986062476e+00 3.419870000000000232e+02
1.128714675429525416e+00 3.502160000000000082e+02
1.133311175302700091e+00 3.515539999999999736e+02
1.138019634491549192e+00 3.599449999999999932e+02
1.142727940803073050e+00 3.633530000000000086e+02
1.147323996517372713e+00 3.685059999999999718e+02
1.152031998854182948e+00 3.736800000000000068e+02
1.156739846431299235e+00 3.758349999999999795e+02
1.161335452517823219e+00 3.846610000000000014e+02
1.166042992400488032e+00 3.892579999999999814e+02
1.170750375641274044e+00 3.945810000000000173e+02
1.175345526631656590e+00 4.018849999999999909e+02
1.180052598458619206e+00 4.068709999999999809e+02
1.184759511761704465e+00 4.157200000000000273e+02
1.189354202188122045e+00 4.238559999999999945e+02
1.194060800358382801e+00 4.322479999999999905e+02
1.198767238122956602e+00 4.401789999999999736e+02
1.203361462518133251e+00 4.441739999999999782e+02
1.208067581431255588e+00 4.541109999999999900e+02
1.212773538057072331e+00 4.601549999999999727e+02
1.217367290954287196e+00 4.707119999999999891e+02
1.222072925010405209e+00 4.687169999999999845e+02
1.226778394897792390e+00 4.778500000000000227e+02
1.231371670830885057e+00 4.803029999999999973e+02
1.236076814430710380e+00 4.890729999999999791e+02
1.240781791980573923e+00 5.030579999999999927e+02
1.245374585483951746e+00 5.116779999999999973e+02
1.250079233028779102e+00 5.231960000000000264e+02
1.254783712642611349e+00 5.223750000000000000e+02
1.259376018251255669e+00 5.237659999999999627e+02
1.264080164142969753e+00 5.285990000000000464e+02
1.268784140222855683e+00 5.314790000000000418e+02
1.273375952472328265e+00 5.383350000000000364e+02
1.278079591113411073e+00 5.437609999999999673e+02
1.282783058062034964e+00 5.494210000000000491e+02
1.287374371488485103e+00 5.589199999999999591e+02
1.292077497282021037e+00 5.643590000000000373e+02
1.296780449502672461e+00 5.749959999999999809e+02
1.301371258642842754e+00 5.787300000000000182e+02
1.306073865992528837e+00 5.922899999999999636e+02
1.310776297889109543e+00 5.980850000000000364e+02
1.315366597280342331e+00 6.031739999999999782e+02
1.320068680590490651e+00 6.154360000000000355e+02
1.324770586567522335e+00 6.206280000000000427e+02
1.329360370747766584e+00 6.332369999999999663e+02
1.334061924423313839e+00 6.395969999999999800e+02
1.338763298885943920e+00 6.452240000000000464e+02
1.343352562393761662e+00 6.574829999999999472e+02
1.348053580840273380e+00 6.608250000000000455e+02
1.352754418194281660e+00 6.748880000000000337e+02
1.357343155568855098e+00 6.836159999999999854e+02
1.362043633192535186e+00 6.937229999999999563e+02
1.366743927844339179e+00 7.041960000000000264e+02
1.371332133625476457e+00 7.154249999999999545e+02
1.376032064833171198e+00 7.418909999999999627e+02
1.380731811189836789e+00 7.679890000000000327e+02
1.385319479917977548e+00 8.090090000000000146e+02
1.390018859117184258e+00 8.798930000000000291e+02
1.394718051586427698e+00 9.685349999999999682e+02
1.399305177802651512e+00 1.051981999999999971e+03
1.404003999401524094e+00 1.038181000000000040e+03
1.408702632391721332e+00 9.684220000000000255e+02
1.413289210637753701e+00 9.244769999999999754e+02
1.417987469045109084e+00 8.883160000000000309e+02
1.422685536965301978e+00 8.650969999999999800e+02
1.427271561783519438e+00 8.465280000000000200e+02
1.431969251408844901e+00 8.363139999999999645e+02
1.436666748668748106e+00 8.422619999999999436e+02
1.441252214602185777e+00 8.409610000000000127e+02
1.445949329855646281e+00 8.504370000000000118e+02
1.450646250865652132e+00 8.569370000000000118e+02
1.455231152458011268e+00 8.668590000000000373e+02
1.459927687750454339e+00 8.803980000000000246e+02
1.464624026921641731e+00 8.854850000000000136e+02
1.469208358717293939e+00 9.019980000000000473e+02
1.473904308460257218e+00 9.127480000000000473e+02
1.478600060204397826e+00 9.256150000000000091e+02
1.483183816748393280e+00 9.351250000000000000e+02
1.487879175354111183e+00 9.332129999999999654e+02
1.492574334083674792e+00 9.388010000000000446e+02
1.497157509921748231e+00 9.482169999999999845e+02
1.501852271803159278e+00 9.496649999999999636e+02
1.506546831931321773e+00 9.621219999999999573e+02
1.511129421609898715e+00 9.667799999999999727e+02
1.515823581180649970e+00 9.786159999999999854e+02
1.520517537121299556e+00 9.907039999999999509e+02
1.525099535187502742e+00 1.002691000000000031e+03
1.529793086861959583e+00 1.021735000000000014e+03
1.534486433029703445e+00 1.025800999999999931e+03
1.539067834031359938e+00 1.019940000000000055e+03
1.543760772224610278e+00 1.032844000000000051e+03
1.548453503034780576e+00 1.028026000000000067e+03
1.553034301520428206e+00 1.035779999999999973e+03
1.557726620648290261e+00 1.042703999999999951e+03
1.562418730516951682e+00 1.042627999999999929e+03
1.566998921035844372e+00 1.056570999999999913e+03
1.571690615514872880e+00 1.066419000000000096e+03
1.576382098858829517e+00 1.072166999999999916e+03
1.580961675960945279e+00 1.087792999999999893e+03
1.585652740208437717e+00 1.104522999999999911e+03
1.590343591445238847e+00 1.129155999999999949e+03
1.594922549681285329e+00 1.148491999999999962e+03
1.599612978115289685e+00 1.142744999999999891e+03
1.604303191663235983e+00 1.139644999999999982e+03
1.608881525584657801e+00 1.139089999999999918e+03
1.613571312623978571e+00 1.133605999999999995e+03
1.618260882902130771e+00 1.135001999999999953e+03
1.622838587061114390e+00 1.132866999999999962e+03
1.627527727125319235e+00 1.134701000000000022e+03
1.632216648553502791e+00 1.135058999999999969e+03
1.636793717502984524e+00 1.137073000000000093e+03
1.641482205012411377e+00 1.143662000000000035e+03
1.646170472011223795e+00 1.147125000000000000e+03
1.650746900304896014e+00 1.151236000000000104e+03
1.655434729680657968e+00 1.159463999999999942e+03
1.660122336671475685e+00 1.157317999999999984e+03
1.664698118863793042e+00 1.162596000000000004e+03
1.669385284527787672e+00 1.172809999999999945e+03
1.674072225932772495e+00 1.174740000000000009e+03
1.678647356578957917e+00 1.196877999999999929e+03
1.683333852953872167e+00 1.207278999999999996e+03
1.688020123195977718e+00 1.231723999999999933e+03
1.692594596852029953e+00 1.274731999999999971e+03
1.697280418361347021e+00 1.338387999999999920e+03
1.701966011864325168e+00 1.438483999999999924e+03
1.706539823087025010e+00 1.590012999999999920e+03
1.711224964155030781e+00 1.715281999999999925e+03
1.715909875343439417e+00 1.729349999999999909e+03
1.720483018690355470e+00 1.612707000000000107e+03
1.725167473742146740e+00 1.502423000000000002e+03
1.729851697041355330e+00 1.439917999999999893e+03
1.734424167070850453e+00 1.381621000000000095e+03
1.739107930532338253e+00 1.326571999999999889e+03
1.743791460368535384e+00 1.291873000000000047e+03
1.748363251639773797e+00 1.257567000000000007e+03
1.753046317937694276e+00 1.242488000000000056e+03
1.757729148737892100e+00 1.243132000000000062e+03
1.762300255810847149e+00 1.247083000000000084e+03
1.766982619372764018e+00 1.256767000000000053e+03
1.771664745564808241e+00 1.271223999999999933e+03
1.776235163000265516e+00 1.283313000000000102e+03
1.780916818254580702e+00 1.295108999999999924e+03
1.785598234267154361e+00 1.304432999999999993e+03
1.790167956626720125e+00 1.307029999999999973e+03
1.794848898002677107e+00 1.316611000000000104e+03
1.799529598265308783e+00 1.338971000000000004e+03
1.804098620111417972e+00 1.348324000000000069e+03
1.808778842039109547e+00 1.338555000000000064e+03
1.813458820982179809e+00 1.313138999999999896e+03
1.818027136878099137e+00 1.293936999999999898e+03
1.822706633788475195e+00 1.291811999999999898e+03
1.827385885843221258e+00 1.292858999999999924e+03
1.831953490353059211e+00 1.300375000000000000e+03
1.836632256677931618e+00 1.332599999999999909e+03
1.841310776276456895e+00 1.368123000000000047e+03
1.845877663965167503e+00 1.399634000000000015e+03
1.850555694137217433e+00 1.427068999999999960e+03
1.855233475712497748e+00 1.427249000000000024e+03
1.859799641145887028e+00 1.411861000000000104e+03
1.864476929598671173e+00 1.380403000000000020e+03
1.869153967584559428e+00 1.339508000000000038e+03
1.873719405329294929e+00 1.309662000000000035e+03
1.878395946497253499e+00 1.299136999999999944e+03
1.883072235328487221e+00 1.290256000000000085e+03
1.887636939952101134e+00 1.290599999999999909e+03
1.892312728270563404e+00 1.315654999999999973e+03
1.896988262382772072e+00 1.352198000000000093e+03
1.901552228453668114e+00 1.394778999999999996e+03
1.906227258358859311e+00 1.413115999999999985e+03
1.910902032188569466e+00 1.386659000000000106e+03
1.915465254276032869e+00 1.369720000000000027e+03
1.920139520205079497e+00 1.366751999999999953e+03
1.924813528189724288e+00 1.359324000000000069e+03
1.929376000863922025e+00 1.345678000000000111e+03
1.934049497254860528e+00 1.340434999999999945e+03
1.938722733832783041e+00 1.340996000000000095e+03
1.943284451664776480e+00 1.359367999999999938e+03
1.947957172956559235e+00 1.412040999999999940e+03
1.952629632567020490e+00 1.487901000000000067e+03
1.957190590128768060e+00 1.592442999999999984e+03
1.961862530761269596e+00 1.775215999999999894e+03
1.966534207844455429e+00 2.081768000000000029e+03
1.971094399708820388e+00 2.504358999999999924e+03
1.975765554122843382e+00 2.944603999999999814e+03
1.980436443119871326e+00 3.065782000000000153e+03
1.984995863860627763e+00 2.688599000000000160e+03
1.989666226497911916e+00 2.317208000000000084e+03
1.994336321850835647e+00 2.084510999999999967e+03
1.998894966042675803e+00 1.904125999999999976e+03
2.003564531345901845e+00 1.754547000000000025e+03
2.008233827497720281e+00 1.602233999999999924e+03
2.012791689716260990e+00 1.458916999999999916e+03
2.017460452129058002e+00 1.351730999999999995e+03
2.022128943523721745e+00 1.286528999999999996e+03
2.026686018345509321e+00 1.248211999999999989e+03
2.031353972312462286e+00 1.222232999999999947e+03
2.036021653394878950e+00 1.214987000000000080e+03
2.040577935397396292e+00 1.205262999999999920e+03
2.045245075364053200e+00 1.195823000000000093e+03
2.049911940580093628e+00 1.195241999999999962e+03
2.054467424341767323e+00 1.192785000000000082e+03
2.059133744754644280e+00 1.188506000000000085e+03
2.063799788551150982e+00 1.185176999999999907e+03
2.068354468651358857e+00 1.179656999999999925e+03
2.073019963957944967e+00 1.178229000000000042e+03
2.077685180782739671e+00 1.171634999999999991e+03
2.082239051801813901e+00 1.170259000000000015e+03
2.086903716450581925e+00 1.164962999999999965e+03
2.091568100752467796e+00 1.158311999999999898e+03
2.096121157271703783e+00 1.159529999999999973e+03
2.100784985712116359e+00 1.154337999999999965e+03
2.105448531940887325e+00 1.153487000000000080e+03
2.110000768542550809e+00 1.148232999999999947e+03
2.114663755225062669e+00 1.146755000000000109e+03
2.119326457831511412e+00 1.147506000000000085e+03
2.123877869098842464e+00 1.144359999999999900e+03
2.128540008474911538e+00 1.145270999999999958e+03
2.133201861910833941e+00 1.146096000000000004e+03
2.137752442428054511e+00 1.143569999999999936e+03
2.142413728950147700e+00 1.142326999999999998e+03
2.147074727668349059e+00 1.142128999999999905e+03
2.151624472020670531e+00 1.142968000000000075e+03
2.156284900142268146e+00 1.145938000000000102e+03
2.160945038596572054e+00 1.154065000000000055e+03
2.165493941370201014e+00 1.166259999999999991e+03
2.170153505545804773e+00 1.184076000000000022e+03
2.174812778191058005e+00 1.222791999999999916e+03
2.179360833973201572e+00 1.273951999999999998e+03
2.184019528658341258e+00 1.341170000000000073e+03
2.188677929950422207e+00 1.424165999999999940e+03
2.193225133329295584e+00 1.544882000000000062e+03
2.197882952980536597e+00 1.716513999999999896e+03
2.202540477376356609e+00 1.957469000000000051e+03
2.207086822941190185e+00 2.193934999999999945e+03
2.211743762016139314e+00 2.229768000000000029e+03
2.216400403973656896e+00 2.004268000000000029e+03
2.220945886314699802e+00 1.759798999999999978e+03
2.225601939272010110e+00 1.618037000000000035e+03
2.230257693250232265e+00 1.517285000000000082e+03
2.234802306958763030e+00 1.436450000000000045e+03
2.239457468258142736e+00 1.357811999999999898e+03
2.244112328717134286e+00 1.282721999999999980e+03
2.248656068385463946e+00 1.210778999999999996e+03
2.253310332487680867e+00 1.151289999999999964e+03
2.257964293888569340e+00 1.112559999999999945e+03
2.262507154110048102e+00 1.094647999999999911e+03
2.267160515476941196e+00 1.086940000000000055e+03
2.271813572281922156e+00 1.080151000000000067e+03
2.276355547650948719e+00 1.076394000000000005e+03
2.281008000745427200e+00 1.069871000000000095e+03
2.285660147417775345e+00 1.058355999999999995e+03
2.290201232529798681e+00 1.047182999999999993e+03
2.294852771815855341e+00 1.042383000000000038e+03
2.299504002819927173e+00 1.036159000000000106e+03
2.304044192271458513e+00 1.029316000000000031e+03
2.308694812214171943e+00 1.025173999999999978e+03
2.313345122015411981e+00 1.023068999999999960e+03
2.317884410404026152e+00 1.025509999999999991e+03
2.322534105469570065e+00 1.022260999999999967e+03
2.327183488534520173e+00 1.019403999999999996e+03
2.331721870458865364e+00 1.008927000000000021e+03
2.336370635114513483e+00 1.001927000000000021e+03
2.341019085910819530e+00 9.914930000000000518e+02
2.345556555970621293e+00 9.841470000000000482e+02
2.350204384684753567e+00 9.810890000000000555e+02
2.354851897681168982e+00 9.748139999999999645e+02
2.359388450477239552e+00 9.698089999999999691e+02
2.364035337719350149e+00 9.616929999999999836e+02
2.368681907385746577e+00 9.605140000000000100e+02
2.373217537519987541e+00 9.563239999999999554e+02
2.377863477760691513e+00 9.576079999999999472e+02
2.382509098568059702e+00 9.538239999999999554e+02
2.387043800643473546e+00 9.571970000000000027e+02
2.391688788354511708e+00 9.590910000000000082e+02
2.396333454774973948e+00 9.624850000000000136e+02
2.400867223395664496e+00 9.690629999999999882e+02
2.405511253049912312e+00 9.869289999999999736e+02
2.410154959556726428e+00 1.015383000000000038e+03
2.414687789327909950e+00 1.050574000000000069e+03
2.419330855399381530e+00 1.078296000000000049e+03
2.423973596466945324e+00 1.075709000000000060e+03
2.428505481994954973e+00 1.041356999999999971e+03
2.433147578958812840e+00 1.007272000000000048e+03
2.437789349062675193e+00 9.835009999999999764e+02
2.442320284954966780e+00 9.659070000000000391e+02
2.446961407287525425e+00 9.530259999999999536e+02
2.451602200904389850e+00 9.417200000000000273e+02
2.456132181769550726e+00 9.267569999999999482e+02
2.460772323948283713e+00 9.082949999999999591e+02
2.465412135556015905e+00 8.959650000000000318e+02
2.469941156003768068e+00 8.874030000000000200e+02
2.474580312507316915e+00 8.777920000000000300e+02
2.479219136584950078e+00 8.731180000000000518e+02
2.483747191226159501e+00 8.709950000000000045e+02
2.488385356534337678e+00 8.675689999999999600e+02
2.493023187562081855e+00 8.666810000000000400e+02
2.497550271008763367e+00 8.624890000000000327e+02
2.502187439602563401e+00 8.590919999999999845e+02
2.506824272061809022e+00 8.612500000000000000e+02
2.511350378927133420e+00 8.551910000000000309e+02
2.515986545288733556e+00 8.487369999999999663e+02
2.520622373662060323e+00 8.422050000000000409e+02
2.525147498560359693e+00 8.357010000000000218e+02
2.529782657173131888e+00 8.347609999999999673e+02
2.534417475944312770e+00 8.288680000000000518e+02
2.538941613491088045e+00 8.252799999999999727e+02
2.543575758839604628e+00 8.225099999999999909e+02
2.548209562493612967e+00 8.191150000000000091e+02
2.552732707305541471e+00 8.162749999999999773e+02
2.557365833875576477e+00 8.115789999999999509e+02
2.561998616898597536e+00 8.050009999999999764e+02
2.566520763593535204e+00 7.994809999999999945e+02
2.571152865872078142e+00 7.957419999999999618e+02
2.575784622751508657e+00 7.930259999999999536e+02
2.580305765948500252e+00 7.917970000000000255e+02
2.584936838423758765e+00 7.895220000000000482e+02
2.589567563648216719e+00 7.911770000000000209e+02
2.594087697967501605e+00 7.929990000000000236e+02
2.598717735128908135e+00 8.007830000000000155e+02
2.603347423188239418e+00 8.080629999999999882e+02
2.607866543251257330e+00 8.165439999999999827e+02
2.612495539589477112e+00 8.203750000000000000e+02
2.617124184974761736e+00 8.206169999999999618e+02
2.621642285404159001e+00 8.214840000000000373e+02
2.626270235411094056e+00 8.154569999999999936e+02
2.630897832614653709e+00 8.032870000000000346e+02
2.635414908034288128e+00 7.898060000000000400e+02
2.640041806203087482e+00 7.814099999999999682e+02
2.644668349718489964e+00 7.750589999999999691e+02
2.649184394753442362e+00 7.682300000000000182e+02
2.653810235578506482e+00 7.606059999999999945e+02
2.658435719900572813e+00 7.566639999999999873e+02
2.662950729177148368e+00 7.521209999999999809e+02
2.667575507154134051e+00 7.477150000000000318e+02
2.672199926778947354e+00 7.464840000000000373e+02
2.676713894924683146e+00 7.462219999999999800e+02
2.681337604550513731e+00 7.455850000000000364e+02
2.685960953975423227e+00 7.459400000000000546e+02
2.690473875619095789e+00 7.457859999999999445e+02
2.695096511391964711e+00 7.445249999999999773e+02
2.699718785115592823e+00 7.469370000000000118e+02
2.704230654887224805e+00 7.453260000000000218e+02
2.708852211306603586e+00 7.482780000000000200e+02
2.713473403828852604e+00 7.498840000000000146e+02
2.717984216359716765e+00 7.528609999999999900e+02
2.722604687926362566e+00 7.559950000000000045e+02
2.727224793748420861e+00 7.626960000000000264e+02
2.731734543671049398e+00 7.706330000000000382e+02
2.736353924887008127e+00 7.766620000000000346e+02
2.740972938511358148e+00 7.865049999999999955e+02
2.745481620459546690e+00 7.995099999999999909e+02
2.750099905828162772e+00 8.102350000000000136e+02
2.754717821758587259e+00 8.228479999999999563e+02
2.759225430367401977e+00 8.382720000000000482e+02
2.763842614393325015e+00 8.586490000000000009e+02
2.768459427134910111e+00 8.907500000000000000e+02
2.772965957040695262e+00 9.372160000000000082e+02
2.777582034229883146e+00 1.016423000000000002e+03
2.782197738289030831e+00 1.134776000000000067e+03
2.786703184129413646e+00 1.287550999999999931e+03
2.791318148989141879e+00 1.456705999999999904e+03
2.795932738873571299e+00 1.532305000000000064e+03
2.800437095287469980e+00 1.443681000000000040e+03
2.805050942326338781e+00 1.301637999999999920e+03
2.809664412545096024e+00 1.198243999999999915e+03
2.814167674172722844e+00 1.129401000000000067e+03
2.818780397900660706e+00 1.078436999999999898e+03
2.823392742964123681e+00 1.036638999999999896e+03
2.827894904446996094e+00 1.004539999999999964e+03
2.832506499375269993e+00 9.635579999999999927e+02
2.837117713795155538e+00 9.257000000000000455e+02
2.841618769776098841e+00 8.977269999999999754e+02
2.846229230417317346e+00 8.724850000000000136e+02
2.850839308706687447e+00 8.495230000000000246e+02
2.855339253829842328e+00 8.298849999999999909e+02
2.859948574697964929e+00 8.144550000000000409e+02
2.864557511371233378e+00 8.069700000000000273e+02
2.869056340282063022e+00 8.011570000000000391e+02
2.873664515892405458e+00 7.984919999999999618e+02
2.878272305465344072e+00 7.967690000000000055e+02
2.882770012810639493e+00 7.953110000000000355e+02
2.887377037679878633e+00 7.932050000000000409e+02
2.891983674669626581e+00 7.917540000000000191e+02
2.896480255097512835e+00 7.916970000000000027e+02
2.901086123743696898e+00 7.918940000000000055e+02
2.905691602668761142e+00 7.964039999999999964e+02
2.910187050828704436e+00 8.029460000000000264e+02
2.914791757771256986e+00 8.100259999999999536e+02
2.919396073151525162e+00 8.192190000000000509e+02
2.923890383694339512e+00 8.272910000000000537e+02
2.928493923454065673e+00 8.354420000000000073e+02
2.933097069810809199e+00 8.456109999999999900e+02
2.937590237388662207e+00 8.652670000000000528e+02
2.942192604487755325e+00 8.963600000000000136e+02
2.946794576343636507e+00 9.455599999999999454e+02
2.951286595610055574e+00 1.016720000000000027e+03
2.955887784572105659e+00 1.106496000000000095e+03
2.960488576451185239e+00 1.195248000000000047e+03
2.964979442061063342e+00 1.226267000000000053e+03
2.969579447411062390e+00 1.160952999999999975e+03
2.974179053838803544e+00 1.072018000000000029e+03
2.978668760448408559e+00 1.015437999999999988e+03
2.983267576712755886e+00 9.779360000000000355e+02
2.987865992216033106e+00 9.513099999999999454e+02
2.992354534483010031e+00 9.275670000000000073e+02
2.996952156189521155e+00 9.093830000000000382e+02
3.001549375296626465e+00 8.874149999999999636e+02
3.006036747880006743e+00 8.626050000000000182e+02
3.010633169557916933e+00 8.422150000000000318e+02
3.015229186798565220e+00 8.228930000000000291e+02
3.019715384358772070e+00 8.086050000000000182e+02
3.024310600538745675e+00 7.996470000000000482e+02
3.028905410444082680e+00 7.932619999999999436e+02
3.033390427642936871e+00 7.921979999999999791e+02
3.037984432857073092e+00 7.915420000000000300e+02
3.042578029959681185e+00 7.952050000000000409e+02
3.047061861460407695e+00 7.964439999999999600e+02
3.051654650242246802e+00 7.982500000000000000e+02
3.056247029076150312e+00 8.016779999999999973e+02
3.060729669543386766e+00 8.020299999999999727e+02
3.065321236427914098e+00 7.992880000000000109e+02
3.069912391528588191e+00 7.948920000000000528e+02
3.074393835628387972e+00 7.894139999999999873e+02
3.078984175152045921e+00 7.849759999999999991e+02
3.083574101056420602e+00 7.829059999999999491e+02
3.088054343456261286e+00 7.809039999999999964e+02
3.092643450156950635e+00 7.780259999999999536e+02
3.097232141403420957e+00 7.774320000000000164e+02
3.101711176772208312e+00 7.754450000000000500e+02
3.106299045189297559e+00 7.757119999999999891e+02
3.110886496317726291e+00 7.766620000000000346e+02
3.115364319325804487e+00 7.779589999999999463e+02
3.119950944000135618e+00 7.811050000000000182e+02
3.124537149551860793e+00 7.838099999999999454e+02
3.129013754871015962e+00 7.811230000000000473e+02
3.133599130344909778e+00 7.778590000000000373e+02
3.138184084862751799e+00 7.750599999999999454e+02
3.142659467166220466e+00 7.741029999999999518e+02
3.147243587983484581e+00 7.728289999999999509e+02
3.151827286011752882e+00 7.731539999999999964e+02
3.156301439974224188e+00 7.745130000000000337e+02
3.160884300680160575e+00 7.737749999999999773e+02
3.165466736764658062e+00 7.711760000000000446e+02
3.169939657062284866e+00 7.712960000000000491e+02
3.174521252203694743e+00 7.738709999999999809e+02
3.179102420891727565e+00 7.726319999999999482e+02
3.183574102202128664e+00 7.720979999999999563e+02
3.188154426327318269e+00 7.747500000000000000e+02
3.192734322167700700e+00 7.763869999999999436e+02
3.197204759169970600e+00 7.799679999999999609e+02
3.201783806828758738e+00 7.782340000000000373e+02
3.206362424371818509e+00 7.763029999999999973e+02
3.210831611746532310e+00 7.723029999999999973e+02
3.215409377490257015e+00 7.668250000000000455e+02
3.219986711287844638e+00 7.657500000000000000e+02
3.224454643717062918e+00 7.641499999999999773e+02
3.229031122098587225e+00 7.645040000000000191e+02
3.233607166704078661e+00 7.637759999999999536e+02
3.238073838871357690e+00 7.651720000000000255e+02
3.242649024445075856e+00 7.653440000000000509e+02
3.247223774413384056e+00 7.643220000000000027e+02
3.251689181003777573e+00 7.637019999999999982e+02
3.256263068325622623e+00 7.647880000000000109e+02
3.260836518213198421e+00 7.683020000000000209e+02
3.265300653913267404e+00 7.743289999999999509e+02
3.269873237540717348e+00 7.828509999999999991e+02
3.274445381905559227e+00 7.903220000000000027e+02
3.278908241403377222e+00 7.900650000000000546e+02
3.283479515895460832e+00 7.819120000000000346e+02
3.288050349297120700e+00 7.731390000000000100e+02
3.292511927282278705e+00 7.687530000000000427e+02
3.297081887199585282e+00 7.660480000000000018e+02
3.301651404199173800e+00 7.643079999999999927e+02
3.306111695362788261e+00 7.609980000000000473e+02
3.310680335267467189e+00 7.605579999999999927e+02
3.315248530427664431e+00 7.596069999999999709e+02
3.319707529462381679e+00 7.586900000000000546e+02
3.324274843918156641e+00 7.564410000000000309e+02
3.328841711803213421e+00 7.546280000000000427e+02
3.333299413403219003e+00 7.518469999999999800e+02
3.337865396975387533e+00 7.512480000000000473e+02
3.342430932151134293e+00 7.473410000000000082e+02
3.346887331012156963e+00 7.455439999999999827e+02
3.351451978267603771e+00 7.468360000000000127e+02
3.356016175301456794e+00 7.465309999999999491e+02
3.360471266120775624e+00 7.478750000000000000e+02
3.365034571627972149e+00 7.470729999999999791e+02
3.369597425088939779e+00 7.519360000000000355e+02
3.374051202565389929e+00 7.544759999999999991e+02
3.378613160894405887e+00 7.585819999999999936e+02
3.383174665353096522e+00 7.641960000000000264e+02
3.387627124187077232e+00 7.685399999999999636e+02
3.392187729909585059e+00 7.770950000000000273e+02
3.396747879938210701e+00 7.873010000000000446e+02
3.401199014831687073e+00 8.071349999999999909e+02
3.405758262520969915e+00 8.297580000000000382e+02
3.410317052693354167e+00 8.621549999999999727e+02
3.414766858349871370e+00 8.980170000000000528e+02
3.419324742580825305e+00 9.302089999999999463e+02
3.423882167472411364e+00 9.361760000000000446e+02
3.428330638597091973e+00 9.061820000000000164e+02
3.432887153946238890e+00 8.733490000000000464e+02
3.437443208134092654e+00 8.518750000000000000e+02
3.441890339433650414e+00 8.329170000000000300e+02
3.446445480479137569e+00 8.226380000000000337e+02
3.451000158541959184e+00 8.147509999999999764e+02
3.455445944724699014e+00 8.067720000000000482e+02
3.459999706046311907e+00 7.997920000000000300e+02
3.464553002564435769e+00 7.925000000000000000e+02
3.468997438340264416e+00 7.830499999999999545e+02
3.473549814519429901e+00 7.726269999999999527e+02
3.478101724074834422e+00 7.623390000000000555e+02
3.482544804155267570e+00 7.567870000000000346e+02
3.487095789775060517e+00 7.502949999999999591e+02
3.491646306951374346e+00 7.477100000000000364e+02
3.496088026049538833e+00 7.456660000000000537e+02
3.500637615694687454e+00 7.453579999999999472e+02
3.505186735077198357e+00 7.452069999999999936e+02
3.509627087907839726e+00 7.464640000000000555e+02
3.514175276164734019e+00 7.479139999999999873e+02
3.518722992340391542e+00 7.503419999999999845e+02
3.523161973619883813e+00 7.514279999999999973e+02
3.527708755076582214e+00 7.555489999999999782e+02
3.532255062634006126e+00 7.601380000000000337e+02
3.536692667080351793e+00 7.678869999999999436e+02
3.541238036326585181e+00 7.774719999999999800e+02
3.545782929856070798e+00 7.910720000000000027e+02
3.550219152188913263e+00 8.066660000000000537e+02
3.554763103816093395e+00 8.237649999999999864e+02
3.559306577909620461e+00 8.426939999999999600e+02
3.563741412850245815e+00 8.434850000000000136e+02
3.568283941451472874e+00 8.282000000000000455e+02
3.572825990702706012e+00 8.128419999999999845e+02
3.577259432974054576e+00 8.042930000000000064e+02
3.581800533144118948e+00 7.972500000000000000e+02
3.586341152148421862e+00 7.923669999999999618e+02
3.590773196475087747e+00 7.882730000000000246e+02
3.595312862810482013e+00 7.834969999999999573e+02
3.599852046164918828e+00 7.804829999999999472e+02
3.604282687273161478e+00 7.759260000000000446e+02
3.608820914372084854e+00 7.735009999999999764e+02
3.613358656675427660e+00 7.711369999999999436e+02
3.617787889293174963e+00 7.693020000000000209e+02
3.622324671755535963e+00 7.676799999999999500e+02
3.626860967608273256e+00 7.681730000000000018e+02
3.631288786465129537e+00 7.688680000000000518e+02
3.635824118892559298e+00 7.707359999999999900e+02
3.640358962896899975e+00 7.705240000000000009e+02
3.644785362724150879e+00 7.692069999999999936e+02
3.649319239720004493e+00 7.682549999999999955e+02
3.653852626479883625e+00 7.659249999999999545e+02
3.658277602010505003e+00 7.648790000000000191e+02
3.662810018179869065e+00 7.646879999999999882e+02
3.667341942300957225e+00 7.685839999999999463e+02
3.671765488269619127e+00 7.702799999999999727e+02
3.676296438219317952e+00 7.748410000000000082e+02
3.680826894309026542e+00 7.799930000000000518e+02
3.685249005452099436e+00 7.888400000000000318e+02
3.689778483790703500e+00 7.974009999999999536e+02
3.694307466458189637e+00 8.040090000000000146e+02
3.698728137513752401e+00 8.011939999999999600e+02
3.703256138851581891e+00 7.918619999999999663e+02
3.707783642707755511e+00 7.825299999999999727e+02
3.712202868415600321e+00 7.774980000000000473e+02
3.716729387364733128e+00 7.756559999999999491e+02
3.721255407022265427e+00 7.727870000000000346e+02
3.725673182123903970e+00 7.695280000000000200e+02
3.730198213298183685e+00 7.675049999999999955e+02
3.734722743371508891e+00 7.656839999999999691e+02
3.739139062610179476e+00 7.655359999999999445e+02
3.743662600625217163e+00 7.630330000000000155e+02
3.748185635730545862e+00 7.617329999999999472e+02
3.752600493851217855e+00 7.611879999999999882e+02
3.757122533324404490e+00 7.595589999999999691e+02
3.761644068079724512e+00 7.603869999999999436e+02
3.766057459829106335e+00 7.610510000000000446e+02
3.770577995379614133e+00 7.618650000000000091e+02
3.775098024404697217e+00 7.634880000000000564e+02
3.779509944531242560e+00 7.671889999999999645e+02
3.784028970780032974e+00 7.685090000000000146e+02
3.788547488696444532e+00 7.715620000000000118e+02
3.792957931950358574e+00 7.728160000000000309e+02
3.797475443520188954e+00 7.741040000000000418e+02
3.801992444951292960e+00 7.752150000000000318e+02
3.806401406084538142e+00 7.739560000000000173e+02
3.810917397599968837e+00 7.732799999999999727e+02
3.815432877170930492e+00 7.735430000000000064e+02
3.819840350937232287e+00 7.742519999999999527e+02
3.824354817024632425e+00 7.752380000000000564e+02
3.828868769362431923e+00 7.765420000000000300e+02
3.833274750517284168e+00 7.773730000000000473e+02
3.837787685804839199e+00 7.797799999999999727e+02
3.842300105538269506e+00 7.800839999999999463e+02
3.846704588838945504e+00 7.801520000000000437e+02
3.851215987956658982e+00 7.804660000000000082e+02
3.855726869716340932e+00 7.798289999999999509e+02
3.860129849921894341e+00 7.808189999999999600e+02
3.864639707501601684e+00 7.803010000000000446e+02
3.869149045919983543e+00 7.810700000000000500e+02
3.873550517791257253e+00 7.830349999999999682e+02
3.878058828466623975e+00 7.830019999999999527e+02
3.882566618177992535e+00 7.851499999999999773e+02
3.886966576477622226e+00 7.853500000000000227e+02
3.891473334884158142e+00 7.880610000000000355e+02
3.895979570524640501e+00 7.887640000000000100e+02
3.900378010017066188e+00 7.908590000000000373e+02
3.904883210792126746e+00 7.943959999999999582e+02
3.909387886999701411e+00 7.970819999999999936e+02
3.913784802451167000e+00 7.998830000000000382e+02
3.918288440233961722e+00 8.026459999999999582e+02
3.922791551648460384e+00 8.057210000000000036e+02
3.927186937827026103e+00 8.094379999999999882e+02
3.931689007258622581e+00 8.158920000000000528e+02
3.936190548521741661e+00 8.278460000000000036e+02
3.940584400197286286e+00 8.385199999999999818e+02
3.945084895920621282e+00 8.522269999999999754e+02
3.949584861675922820e+00 8.653220000000000027e+02
3.953977173620149888e+00 8.646309999999999718e+02
3.958476090280029780e+00 8.526480000000000246e+02
3.962974475172953426e+00 8.436820000000000164e+02
3.967365242159399674e+00 8.388709999999999809e+02
3.971862574402510671e+00 8.354990000000000236e+02
3.976359373080376791e+00 8.323360000000000127e+02
3.980748589884416599e+00 8.311639999999999873e+02
3.985244332359331398e+00 8.287519999999999527e+02
3.989739539471345076e+00 8.287799999999999727e+02
3.994127200870199346e+00 8.278229999999999791e+02
3.998621348227380690e+00 8.268949999999999818e+02
4.003114958424642822e+00 8.304020000000000437e+02
4.007501059197383420e+00 8.323350000000000364e+02
4.011993606089192532e+00 8.355270000000000437e+02
4.016485614024703388e+00 8.412540000000000191e+02
4.020870148952256251e+00 8.475670000000000073e+02
4.025361090032959943e+00 8.536580000000000155e+02
4.029851490361627597e+00 8.625810000000000173e+02
4.034234454226782951e+00 8.692830000000000155e+02
4.038723784152558061e+00 8.780069999999999482e+02
4.043212571531201505e+00 8.895230000000000246e+02
4.047593959118620077e+00 9.037229999999999563e+02
4.052081672547561020e+00 9.235910000000000082e+02
4.056568841634920375e+00 9.506299999999999955e+02
4.060948647731137839e+00 9.805209999999999582e+02
4.065434739323261049e+00 1.018941000000000031e+03
4.069920284780002007e+00 1.057896999999999935e+03
4.074298504173435198e+00 1.067756000000000085e+03
4.078782968590688007e+00 1.038468000000000075e+03
4.083266885079408048e+00 1.006376999999999953e+03
4.087643512560362957e+00 9.855339999999999918e+02
4.092126344466628929e+00 9.740800000000000409e+02
4.096608626651862650e+00 9.641109999999999900e+02
4.100983657012538863e+00 9.592720000000000482e+02
4.105464851073644894e+00 9.537980000000000018e+02
4.109945493621872004e+00 9.481789999999999736e+02
4.114318921656371586e+00 9.443310000000000173e+02
4.118798472540089683e+00 9.387759999999999536e+02
4.123277470119742105e+00 9.322720000000000482e+02
4.127649290624070488e+00 9.267029999999999745e+02
4.132127193000132870e+00 9.211380000000000337e+02
4.136604540281599185e+00 9.184099999999999682e+02
4.140974748053675825e+00 9.168079999999999927e+02
4.145450996593774917e+00 9.162440000000000282e+02
4.149926688249405693e+00 9.174270000000000209e+02
4.154295278089070287e+00 9.200220000000000482e+02
4.158769867466864945e+00 9.206230000000000473e+02
4.163243898170982504e+00 9.226829999999999927e+02
4.167610864879999433e+00 9.276119999999999663e+02
4.172083789771122042e+00 9.338189999999999600e+02
4.176556154200027571e+00 9.428750000000000000e+02
4.180921492582089449e+00 9.539930000000000518e+02
4.185392747664156587e+00 9.657150000000000318e+02
4.189863440496130131e+00 9.741860000000000355e+02
4.194227145356872022e+00 9.724840000000000373e+02
4.198696725309484457e+00 9.644189999999999827e+02
4.203165741224794694e+00 9.573089999999999691e+02
4.207527807371793216e+00 9.544279999999999973e+02
4.211995706876545675e+00 9.486929999999999836e+02
4.216463040557459685e+00 9.477390000000000327e+02
4.220823462800241010e+00 9.441000000000000227e+02
4.225289676540726624e+00 9.447169999999999845e+02
4.229755322671512552e+00 9.428730000000000473e+02
4.234114095821559509e+00 9.440109999999999673e+02
4.238578618483377802e+00 9.426130000000000564e+02
4.243042571750311964e+00 9.419529999999999745e+02
4.247399690621068480e+00 9.414930000000000518e+02
4.251862516891836030e+00 9.399869999999999663e+02
4.256324771983205579e+00 9.412100000000000364e+02
4.260680231390084671e+00 9.399700000000000273e+02
4.265141355959428893e+00 9.410499999999999545e+02
4.269601907565545140e+00 9.403940000000000055e+02
4.273955702325937800e+00 9.407770000000000437e+02
4.278415119885513818e+00 9.415760000000000218e+02
4.282873962698715786e+00 9.424539999999999509e+02
4.287226087631988314e+00 9.439120000000000346e+02
4.291683792875484293e+00 9.446319999999999482e+02
4.296140921590143158e+00 9.471470000000000482e+02
4.300491371517651373e+00 9.483110000000000355e+02
4.304947359140792074e+00 9.501730000000000018e+02
4.309402768453316490e+00 9.496069999999999709e+02
4.313751538198409285e+00 9.508940000000000055e+02
4.318205802898962276e+00 9.514320000000000164e+02
4.322659487507809928e+00 9.530199999999999818e+02
4.327006571895836373e+00 9.540579999999999927e+02
4.331459108373620026e+00 9.559429999999999836e+02
4.335911062979298514e+00 9.563350000000000364e+02
4.340256456837613186e+00 9.591839999999999691e+02
4.344707259794502896e+00 9.608909999999999627e+02
4.349157479099578616e+00 9.613060000000000400e+02
4.353501177257545152e+00 9.616459999999999582e+02
4.357950241397478663e+00 9.664329999999999927e+02
4.362398720106584804e+00 9.688959999999999582e+02
4.366740717395585669e+00 9.715040000000000191e+02
4.371188037424570183e+00 9.755289999999999964e+02
4.375634770244411165e+00 9.795689999999999600e+02
4.379975061497852096e+00 9.845380000000000109e+02
4.384420632123967820e+00 9.892050000000000409e+02
4.388865613763322848e+00 9.967530000000000427e+02
4.393204193816643510e+00 1.009089000000000055e+03
4.397648009750055209e+00 1.024932000000000016e+03
4.402091234919789819e+00 1.046951000000000022e+03
4.406428098610459365e+00 1.075060999999999922e+03
4.410870154563419021e+00 1.104047000000000025e+03
4.415311617976486858e+00 1.128345000000000027e+03
4.419646760144023467e+00 1.126864000000000033e+03
4.424087050830876500e+00 1.100162000000000035e+03
4.428526747202328195e+00 1.073528999999999996e+03
4.432860162688294636e+00 1.058534000000000106e+03
4.437298682825486118e+00 1.049323000000000093e+03
4.441736606872476401e+00 1.040916999999999916e+03
4.446068290520492461e+00 1.035728000000000065e+03
4.450505034826575113e+00 1.029817000000000007e+03
4.454941181268364581e+00 1.027638999999999896e+03
4.459271127924107070e+00 1.024089999999999918e+03
4.463706091119749253e+00 1.018455000000000041e+03
4.468140454677716811e+00 1.013335000000000036e+03
4.472468659188933771e+00 1.011998000000000047e+03
4.476901835996918599e+00 1.009158999999999992e+03
4.481334411394563233e+00 1.004756999999999948e+03
4.485660868611070384e+00 1.004267000000000053e+03
4.490092253756311713e+00 1.002047000000000025e+03
4.494523035719259596e+00 1.003471999999999980e+03
4.498847740492957215e+00 1.008081000000000017e+03
4.503277328702496973e+00 1.016202999999999975e+03
4.507706311958509460e+00 1.033265000000000100e+03
4.512029259143379711e+00 1.052234999999999900e+03
4.516457045146397675e+00 1.075096999999999980e+03
4.520884224425375741e+00 1.100965999999999894e+03
4.525205408877495117e+00 1.124262999999999920e+03
4.529631387405318677e+00 1.119403000000000020e+03
4.534056757439309138e+00 1.091267000000000053e+03
4.538376174016849340e+00 1.067443999999999960e+03
4.542800339802954390e+00 1.051368999999999915e+03
4.547223895326157894e+00 1.036239000000000033e+03
4.551541538889393834e+00 1.025326000000000022e+03
4.555963886669414542e+00 1.017178999999999974e+03
4.560385622418190898e+00 1.009768000000000029e+03
4.564701487829509574e+00 1.005743000000000052e+03
4.569122012341241046e+00 9.983410000000000082e+02
4.573541923054115443e+00 9.911839999999999691e+02
4.577856005178015941e+00 9.834829999999999472e+02
4.582274701161425767e+00 9.772140000000000555e+02
4.586692781579096767e+00 9.696839999999999691e+02
4.591005075282201808e+00 9.629489999999999554e+02
4.595421937479432728e+00 9.603390000000000555e+02
4.599838182344772264e+00 9.566520000000000437e+02
4.604148682495834422e+00 9.530679999999999836e+02
4.608563705651209652e+00 9.507350000000000136e+02
4.612978109709278129e+00 9.523239999999999554e+02
4.617286811179184269e+00 9.510320000000000391e+02
4.621699990039215500e+00 9.506570000000000391e+02
4.626112548037260019e+00 9.506029999999999518e+02
4.630419445699034853e+00 9.509420000000000073e+02
4.634830775012429349e+00 9.512789999999999964e+02
4.639241481699896141e+00 9.489009999999999536e+02
4.643546570428713771e+00 9.469619999999999891e+02
4.647956044946379706e+00 9.443640000000000327e+02
4.652364895074917683e+00 9.427430000000000518e+02
4.656668169748101604e+00 9.412770000000000437e+02
4.661075784223151608e+00 9.415869999999999891e+02
4.665482772546618584e+00 9.400510000000000446e+02
4.669784228043650565e+00 9.396359999999999673e+02
4.674189977231416826e+00 9.384900000000000091e+02
4.678595098505885730e+00 9.393110000000000355e+02
4.682894729708415582e+00 9.366549999999999727e+02
4.687298608366441854e+00 9.366660000000000537e+02
4.691701857350208726e+00 9.350180000000000291e+02
4.695999659142052529e+00 9.356420000000000528e+02
4.700401662030115446e+00 9.349809999999999945e+02
4.704803033483702102e+00 9.352210000000000036e+02
4.709099000750855524e+00 9.350370000000000346e+02
4.713499122630959270e+00 9.336079999999999472e+02
4.717898611317121293e+00 9.317989999999999782e+02
4.722192738947764035e+00 9.330689999999999600e+02
4.726590974584151006e+00 9.318289999999999509e+02
4.730988575267887519e+00 9.309310000000000400e+02
4.735280858152386863e+00 9.318740000000000236e+02
4.739677202311547433e+00 9.321680000000000064e+02
4.744072909760100210e+00 9.316660000000000537e+02
4.748363342791018127e+00 9.316789999999999736e+02
4.752757790241688873e+00 9.312730000000000246e+02
4.757151599224553884e+00 9.302659999999999627e+02
4.761440177296657694e+00 9.291559999999999491e+02
4.765832722809832944e+00 9.264900000000000091e+02
4.770224628098767461e+00 9.260710000000000264e+02
4.774511346109022725e+00 9.256499999999999773e+02
4.778901984457965213e+00 9.247300000000000182e+02
4.783291980826988699e+00 9.250199999999999818e+02
4.787576833674581422e+00 9.270800000000000409e+02
4.791965559634816962e+00 9.273360000000000127e+02
4.796353641860221728e+00 9.280370000000000346e+02
4.800636624446557477e+00 9.301250000000000000e+02
4.805023432795888283e+00 9.324099999999999682e+02
4.809409595656244818e+00 9.349460000000000264e+02
4.813690702884949602e+00 9.376130000000000564e+02
4.818075588403464948e+00 9.453469999999999800e+02
4.822459826679625472e+00 9.534589999999999463e+02
4.826739053456561734e+00 9.652580000000000382e+02
4.831122010926631738e+00 9.793360000000000127e+02
4.835504319401741746e+00 9.939640000000000555e+02
4.839781660635006588e+00 9.980090000000000146e+02
4.844162684841300859e+00 9.880700000000000500e+02
4.848543058300799125e+00 9.729579999999999700e+02
4.852818508900734962e+00 9.621209999999999809e+02
4.857197594630221715e+00 9.549489999999999554e+02
4.861576027861848281e+00 9.501159999999999854e+02
4.865849582741046397e+00 9.441180000000000518e+02
4.870226724783000449e+00 9.412680000000000291e+02
4.874603212576809064e+00 9.380030000000000427e+02
4.878874866650116715e+00 9.338139999999999645e+02
4.883250059796124809e+00 9.307240000000000464e+02
4.887624596944482036e+00 9.284880000000000564e+02
4.891894345129006894e+00 9.248949999999999818e+02
4.896267584172976584e+00 9.218709999999999809e+02
4.900640165470569798e+00 9.189339999999999691e+02
4.904908002685688828e+00 9.164859999999999900e+02
4.909279282423851143e+00 9.172870000000000346e+02
4.913649902667693858e+00 9.176499999999999773e+02
4.917915823835058653e+00 9.190720000000000027e+02
4.922285139065975201e+00 9.229360000000000355e+02
4.926653793055415953e+00 9.279919999999999618e+02
4.930917793098957169e+00 9.333980000000000246e+02
4.935285138623532575e+00 9.406390000000000100e+02
4.939651821160257583e+00 9.441989999999999554e+02
4.943913895006191161e+00 9.412369999999999663e+02
4.948279265627666845e+00 9.360620000000000118e+02
4.952643971515710675e+00 9.308339999999999463e+02
4.956904114092545832e+00 9.254909999999999854e+02
4.961267504616516888e+00 9.221269999999999527e+02
4.965630228662265111e+00 9.195720000000000027e+02
4.969888434900808782e+00 9.165739999999999554e+02
4.974249840135226641e+00 9.139189999999999827e+02
4.978610577147421168e+00 9.150140000000000100e+02
4.982866841980782446e+00 9.133450000000000273e+02
4.987226256735960206e+00 9.135510000000000446e+02
4.991585001525711718e+00 9.125069999999999482e+02
4.995839319889313401e+00 9.122400000000000091e+02
5.000196738977931155e+00 9.138980000000000246e+02
5.004553486358715553e+00 9.086820000000000164e+02
5.008805853190293256e+00 9.103920000000000528e+02
5.013161271427407861e+00 9.142590000000000146e+02
5.017516016215084917e+00 9.139629999999999654e+02
5.021766426454696841e+00 9.180109999999999673e+02
5.026119838657746364e+00 9.216290000000000191e+02
5.030472575670549951e+00 9.258700000000000045e+02
5.034721024260584876e+00 9.300520000000000209e+02
5.039072425249391252e+00 9.297160000000000082e+02
5.043423149307951547e+00 9.234450000000000500e+02
5.047669631193130613e+00 9.183379999999999654e+02
5.052019015789912082e+00 9.143460000000000036e+02
5.056367721717250241e+00 9.108239999999999554e+02
5.060612231844634934e+00 9.080910000000000082e+02
5.064959594874007820e+00 9.049099999999999682e+02
5.069306277495548407e+00 9.060330000000000155e+02
5.073548810814545895e+00 9.017200000000000273e+02
5.077894147103533484e+00 9.010720000000000027e+02
5.082238801247108029e+00 8.985560000000000400e+02
5.086479352709480040e+00 8.951779999999999973e+02
5.090822657087512582e+00 8.928519999999999754e+02
5.095165277583365793e+00 8.889560000000000173e+02
5.099403842143228616e+00 8.874610000000000127e+02
5.103745109442161976e+00 8.870420000000000300e+02
5.108085691122960625e+00 8.848569999999999709e+02
5.112322263736796657e+00 8.832359999999999900e+02
5.116661488790905210e+00 8.839800000000000182e+02
5.121000026491737245e+00 8.810270000000000437e+02
5.125234602118400318e+00 8.795679999999999836e+02
5.129571779764386719e+00 8.786509999999999536e+02
5.133908268322780799e+00 8.793400000000000318e+02
5.138140841923498847e+00 8.777050000000000409e+02
5.142475967000506465e+00 8.774170000000000300e+02
5.146810401256418643e+00 8.747930000000000064e+02
5.151040967794806136e+00 8.742799999999999727e+02
5.155374035144419054e+00 8.752359999999999900e+02
5.159706409940257643e+00 8.742720000000000482e+02
5.163934964382312032e+00 8.733700000000000045e+02
5.168265968848562153e+00 8.724800000000000182e+02
5.172596279029184174e+00 8.727400000000000091e+02
5.176822816343297440e+00 8.705170000000000528e+02
5.181151752772673369e+00 8.697830000000000155e+02
5.185479993185392544e+00 8.694880000000000564e+02
5.189704508342360079e+00 8.693690000000000282e+02
5.194031371583808010e+00 8.690009999999999764e+02
5.198357537078399204e+00 8.688769999999999527e+02
5.202580025051423362e+00 8.689909999999999854e+02
5.206904809956357738e+00 8.686989999999999554e+02
5.211228895385066728e+00 8.679470000000000027e+02
5.215449351149755941e+00 8.657960000000000491e+02
5.219772052572067444e+00 8.662409999999999854e+02
5.224094052789616249e+00 8.666340000000000146e+02
5.228312471324001898e+00 8.654220000000000255e+02
5.232633084120053901e+00 8.635700000000000500e+02
5.236952993983642557e+00 8.633070000000000164e+02
5.241169370268181638e+00 8.635789999999999509e+02
5.245487889296828854e+00 8.622060000000000173e+02
5.249805703666145185e+00 8.620529999999999973e+02
5.254020032683719421e+00 8.615430000000000064e+02
5.258336452806307015e+00 8.597820000000000391e+02
5.262652166543531962e+00 8.598229999999999791e+02
5.266864443279463792e+00 8.601290000000000191e+02
5.271178759359832711e+00 8.605339999999999918e+02
5.275492367329650101e+00 8.598250000000000455e+02
5.279702586771700901e+00 8.588730000000000473e+02
5.284014793676194977e+00 8.606570000000000391e+02
5.288326290745792413e+00 8.610339999999999918e+02
5.292534447884173154e+00 8.618550000000000182e+02
5.296844540481646213e+00 8.639829999999999472e+02
5.301153921520724843e+00 8.698410000000000082e+02
5.305360011348099647e+00 8.733819999999999482e+02
5.309667984509922611e+00 8.799080000000000155e+02
5.313975244390698016e+00 8.845140000000000100e+02
5.318179261902193034e+00 8.887160000000000082e+02
5.322485110502258365e+00 8.862060000000000173e+02
5.326790244099471217e+00 8.765199999999999818e+02
5.330992184292675518e+00 8.692430000000000518e+02
5.335295903207404322e+00 8.646449999999999818e+02
5.339598905398326600e+00 8.611900000000000546e+02
5.343798763273302832e+00 8.576820000000000164e+02
5.348100347381649300e+00 8.562720000000000482e+02
5.352401213046086959e+00 8.532740000000000009e+02
5.356598983605377562e+00 8.498619999999999663e+02
5.360898427788835185e+00 8.475950000000000273e+02
5.365197151809139697e+00 8.457899999999999636e+02
5.369392830057766020e+00 8.430009999999999764e+02
5.373690129200377363e+00 8.408500000000000227e+02
5.377986706461446609e+00 8.366119999999999663e+02
5.382180287406921337e+00 8.337340000000000373e+02
5.386475436395282479e+00 8.333799999999999955e+02
5.390769861784565187e+00 8.323849999999999909e+02
5.394961340436901231e+00 8.307809999999999491e+02
5.399254334160160873e+00 8.309339999999999691e+02
5.403546602567673496e+00 8.300910000000000082e+02
5.407735973939376883e+00 8.285370000000000346e+02
5.412026807289252339e+00 8.290069999999999482e+02
5.416316913607576389e+00 8.276730000000000018e+02
5.420504172713667579e+00 8.254180000000000064e+02
5.424792840584446552e+00 8.237939999999999827e+02
5.429080779708730375e+00 8.222889999999999873e+02
5.433265921566740708e+00 8.210829999999999700e+02
5.437552418855286618e+00 8.199310000000000400e+02
5.441838185683264939e+00 8.189740000000000464e+02
5.446021205313244629e+00 8.151799999999999500e+02
5.450305526919005494e+00 8.149080000000000155e+02
5.454589116350992306e+00 8.125969999999999800e+02
5.458770008775517546e+00 8.113690000000000282e+02
5.463052149600526874e+00 8.098099999999999454e+02
5.467333556539429651e+00 8.094809999999999945e+02
5.471512316783608831e+00 8.068559999999999945e+02
5.475792271732498939e+00 8.075119999999999436e+02
5.480071491083822188e+00 8.056369999999999436e+02
5.484248114175298561e+00 8.047870000000000346e+02
5.488525878155299687e+00 8.036539999999999964e+02
5.492802904827149391e+00 8.007079999999999700e+02
5.496977385796109949e+00 8.009829999999999472e+02
5.501252953717063576e+00 8.008669999999999618e+02
5.505527782620156074e+00 7.987870000000000346e+02
5.509700116499337774e+00 7.977400000000000091e+02
5.513973483273693077e+00 7.956730000000000018e+02
5.518246109321358617e+00 7.942219999999999800e+02
5.522416291146054590e+00 7.932989999999999782e+02
5.526687451688882646e+00 7.925629999999999882e+02
5.530957869797076043e+00 7.907599999999999909e+02
5.535125894605134711e+00 7.906000000000000227e+02
5.539394843834133830e+00 7.886430000000000291e+02
5.543663048921430914e+00 7.885480000000000018e+02
5.547828911753272862e+00 7.872179999999999609e+02
5.552095644588768586e+00 7.870900000000000318e+02
5.556361631576386628e+00 7.853730000000000473e+02
5.560525327475002833e+00 7.878859999999999673e+02
5.564789838839959479e+00 7.867480000000000473e+02
5.569053602651749202e+00 7.860090000000000146e+02
5.573215126662707242e+00 7.854489999999999554e+02
5.577477411482735015e+00 7.891440000000000055e+02
5.581738947045192134e+00 7.898379999999999654e+02
5.585898294216650406e+00 7.911090000000000373e+02
5.590158347420006280e+00 7.897910000000000537e+02
5.594417649662280390e+00 7.872010000000000218e+02
5.598574815044978337e+00 7.832870000000000346e+02
5.602832631562574051e+00 7.795309999999999491e+02
5.607089695416473951e+00 7.789450000000000500e+02
5.611244674063755156e+00 7.777699999999999818e+02
5.615500248829166985e+00 7.768559999999999945e+02
5.619755069229161570e+00 7.762450000000000045e+02
5.623907856196967536e+00 7.741680000000000064e+02
5.628161184146433627e+00 7.726689999999999827e+02
5.632413756029660767e+00 7.729850000000000136e+02
5.636564346376542467e+00 7.709020000000000437e+02
5.640815422448981487e+00 7.695760000000000218e+02
5.645065740755258687e+00 7.705330000000000155e+02
5.649214129542379226e+00 7.696730000000000018e+02
5.653462948679385036e+00 7.706280000000000427e+02
5.657711008351206772e+00 7.722809999999999491e+02
5.661857190642351156e+00 7.752100000000000364e+02
5.666103747788205247e+00 7.781019999999999754e+02
5.670349543770756284e+00 7.811069999999999709e+02
5.674493514632331426e+00 7.818210000000000264e+02
5.678737804734006467e+00 7.788509999999999991e+02
5.682981331975164530e+00 7.753830000000000382e+02
5.687123086476212563e+00 7.698949999999999818e+02
5.691365104483375958e+00 7.688210000000000264e+02
5.695606357933719721e+00 7.656680000000000064e+02
5.699745891145918897e+00 7.662000000000000455e+02
5.703985632010945217e+00 7.646009999999999991e+02
5.708224606623756081e+00 7.625449999999999591e+02
5.712361913621426091e+00 7.615470000000000255e+02
5.716599372299397963e+00 7.593819999999999482e+02
5.720836063030672491e+00 7.595570000000000164e+02
5.724971138890784239e+00 7.574410000000000309e+02
5.729206310339499453e+00 7.541580000000000155e+02
5.733440712147949370e+00 7.537659999999999627e+02
5.737573551950127637e+00 7.520639999999999645e+02
5.741806431130107136e+00 7.500529999999999973e+02
5.746038538977165544e+00 7.507859999999999445e+02
5.750169137803697872e+00 7.522110000000000127e+02
5.754399719678188418e+00 7.526159999999999854e+02
5.758629528528023123e+00 7.522000000000000455e+02
5.762757881463860699e+00 7.501680000000000064e+02
5.766986160998842870e+00 7.492809999999999491e+02
5.771213665818355487e+00 7.487400000000000091e+02
5.775339767951121139e+00 7.479700000000000273e+02
5.779565740115318206e+00 7.459980000000000473e+02
5.783790935874149497e+00 7.456799999999999500e+02
5.787914782294147464e+00 7.450410000000000537e+02
5.792138442059025394e+00 7.451960000000000264e+02
5.796361323729565918e+00 7.436240000000000236e+02
5.800482909529782738e+00 7.422649999999999864e+02
5.804704251869557297e+00 7.430940000000000509e+02
5.808924814426953631e+00 7.419299999999999500e+02
5.813044134703066135e+00 7.409750000000000227e+02
5.817263154594715324e+00 7.395009999999999764e+02
5.821481393016866512e+00 7.405009999999999764e+02
5.825598442867248927e+00 7.414740000000000464e+02
5.829815135290508543e+00 7.408759999999999764e+02
5.834031044558087409e+00 7.409080000000000155e+02
5.838145819083813137e+00 7.399439999999999600e+02
5.842360179021193645e+00 7.403650000000000091e+02
5.846573754117638799e+00 7.400620000000000118e+02
5.850686248422487523e+00 7.391079999999999472e+02
5.854898270859273168e+00 7.404450000000000500e+02
5.859109506770802334e+00 7.387839999999999918e+02
5.863219715961271561e+00 7.399299999999999500e+02
5.867429395885527477e+00 7.388899999999999864e+02
5.871638287601141037e+00 7.399560000000000173e+02
5.875746206786445214e+00 7.413859999999999673e+02
5.879953539189021861e+00 7.410249999999999773e+02
5.884160081700510858e+00 7.430689999999999600e+02
5.888265705992588472e+00 7.424880000000000564e+02
5.892470685867134961e+00 7.450990000000000464e+02
5.896674874169086422e+00 7.465560000000000400e+02
5.900778198682605336e+00 7.457300000000000182e+02
5.904980821025564985e+00 7.472169999999999845e+02
5.909182650115365476e+00 7.498609999999999900e+02
5.913283669967733580e+00 7.543329999999999700e+02
5.917483929778358132e+00 7.586200000000000045e+02
5.921683394656202637e+00 7.612269999999999754e+02
5.925782104967567854e+00 7.634589999999999463e+02
5.929979997247919243e+00 7.619239999999999782e+02
5.934177092916812946e+00 7.580860000000000127e+02
5.938273488810073886e+00 7.559460000000000264e+02
5.942469008565030464e+00 7.412089999999999463e+02
5.946663730030802952e+00 7.365850000000000364e+02
5.950757806631608027e+00 7.355389999999999873e+02
