# q (1/Angstrom), Intensity (arb)
2.029070354705860696e-02 1.617790309941984560e+03
2.133125244372399004e-02 1.607136469272756131e+03
2.237180134038937659e-02 1.601503064082215587e+03
2.341235023705475968e-02 1.590615923084144697e+03
2.445289913372014276e-02 1.575655416213129911e+03
2.549344803038552584e-02 1.568517666432962642e+03
2.653399692705091240e-02 1.545651367500021479e+03
2.757454582371629548e-02 1.527682416039930786e+03
2.861509472038167856e-02 1.507184268956778624e+03
2.965564361704706164e-02 1.487766096093463375e+03
3.069619251371244473e-02 1.465992302030622341e+03
3.173674141037782781e-02 1.447684537634198023e+03
3.277729030704321089e-02 1.428192070476461822e+03
3.381783920370859398e-02 1.406759903203355634e+03
3.485838810037397706e-02 1.385140316677940973e+03
3.589893699703936014e-02 1.358142823409648372e+03
3.693948589370474322e-02 1.336733251703161386e+03
3.798003479037012631e-02 1.309983872865287822e+03
3.902058368703550939e-02 1.287972964806071332e+03
4.006113258370089247e-02 1.261792427896845084e+03
4.110168148036627556e-02 1.235656525315124327e+03
4.214223037703165864e-02 1.213265416992188420e+03
4.318277927369704866e-02 1.191185237867252681e+03
4.422332817036243174e-02 1.163980946627536014e+03
4.526387706702781483e-02 1.136992567622692832e+03
4.630442596369319791e-02 1.106855894609515417e+03
4.734497486035858099e-02 1.083907350353809306e+03
4.838552375702396408e-02 1.058117180127040911e+03
4.942607265368934716e-02 1.033311532442901807e+03
5.046662155035473024e-02 1.006077585015652517e+03
5.150717044702011332e-02 9.768587329995715436e+02
5.254771934368549641e-02 9.500797342278478936e+02
5.358826824035087949e-02 9.269153253349900297e+02
5.462881713701626257e-02 8.984255275386302628e+02
5.566936603368164566e-02 8.705450841074143682e+02
5.670991493034702874e-02 8.448770494891339240e+02
5.775046382701241182e-02 8.199550558470238002e+02
5.879101272367779490e-02 7.935597041451521818e+02
5.983156162034317799e-02 7.656660455395507370e+02
6.087211051700856107e-02 7.415338587594259252e+02
6.191265941367394415e-02 7.180443827349341746e+02
6.295320831033933417e-02 6.948635316323843654e+02
6.399375720700471726e-02 6.728916490954472920e+02
6.503430610367010034e-02 6.488484273445459394e+02
6.607485500033548342e-02 6.226075691664929082e+02
6.711540389700086651e-02 5.987446496976480148e+02
6.815595279366624959e-02 5.777342157481161848e+02
6.919650169033163267e-02 5.549289293414625490e+02
7.023705058699701576e-02 5.330712551656852156e+02
7.127759948366239884e-02 5.123906904874845623e+02
7.231814838032778192e-02 4.907259010865962523e+02
7.335869727699316500e-02 4.681412015849158479e+02
7.439924617365854809e-02 4.463696270953993235e+02
7.543979507032393117e-02 4.257578306793295155e+02
7.648034396698931425e-02 4.072618810166591174e+02
7.752089286365469734e-02 3.879896729465393150e+02
7.856144176032008042e-02 3.694858698044343441e+02
7.960199065698546350e-02 3.527838187173517213e+02
8.064253955365084658e-02 3.356428305860110868e+02
8.168308845031622967e-02 3.187952844715650258e+02
8.272363734698161275e-02 3.005347631553419205e+02
8.376418624364699583e-02 2.842073206512014281e+02
8.480473514031239279e-02 2.697772899700050857e+02
8.584528403697777588e-02 2.556183100473664922e+02
8.688583293364315896e-02 2.415870332589726672e+02
8.792638183030854204e-02 2.273708681684043711e+02
8.896693072697392513e-02 2.131654695989774950e+02
9.000747962363930821e-02 1.996865037858360381e+02
9.104802852030469129e-02 1.871248518376795857e+02
9.208857741697007437e-02 1.759831246385537895e+02
9.312912631363545746e-02 1.640576447469323398e+02
9.416967521030084054e-02 1.523808542127510464e+02
9.521022410696622362e-02 1.420801016467292754e+02
9.625077300363160671e-02 1.335946196252671996e+02
9.729132190029698979e-02 1.235155290236354517e+02
9.833187079696237287e-02 1.139473102460150074e+02
9.937241969362775595e-02 1.055893057112162410e+02
1.004129685902931390e-01 9.647096695015375190e+01
1.014535174869585221e-01 8.885612142339692809e+01
1.024940663836239052e-01 8.127155467767457253e+01
1.035346152802892883e-01 7.446925812910723153e+01
1.045751641769546714e-01 6.827819273416993440e+01
1.056157130736200545e-01 6.164719642169914948e+01
1.066562619702854375e-01 5.610896330933826448e+01
1.076968108669508206e-01 5.098509644490573578e+01
1.087373597636162037e-01 4.558391495201193777e+01
1.097779086602815868e-01 4.094746674992546787e+01
1.108184575569469699e-01 3.699688523006675922e+01
1.118590064536123529e-01 3.311824777181082169e+01
1.128995553502777360e-01 2.904127499586542172e+01
1.139401042469431191e-01 2.587843854884581418e+01
1.149806531436085022e-01 2.252298986732857955e+01
1.160212020402738853e-01 1.974780422470916363e+01
1.170617509369392684e-01 1.732141416421100288e+01
1.181022998336046514e-01 1.499331226362586733e+01
1.191428487302700345e-01 1.289532378050704153e+01
1.201833976269354176e-01 1.094733978296299526e+01
1.212239465236008007e-01 9.329395894571344883e+00
1.222644954202661838e-01 7.797421090955676704e+00
1.233050443169315669e-01 6.641424179152242147e+00
1.243455932135969499e-01 5.559917106296214939e+00
1.253861421102623330e-01 4.322105855319254175e+00
1.264266910069277161e-01 3.636530521501782687e+00
1.274672399035930992e-01 3.116978712267506779e+00
1.285077888002584823e-01 2.603482053648935590e+00
1.295483376969238654e-01 2.804430533401347958e+00
1.305888865935892484e-01 2.336677270188168620e+00
1.316294354902546315e-01 1.720600820294549749e+00
1.326699843869200146e-01 1.354572058007835977e+00
1.337105332835853977e-01 1.905863124842614553e+00
1.347510821802507808e-01 2.235154603447135457e+00
1.357916310769161639e-01 2.599161630080946139e+00
1.368321799735815469e-01 2.544940508636532428e+00
1.378727288702469300e-01 3.091023685655414965e+00
1.389132777669123131e-01 3.647478350774015610e+00
1.399538266635776962e-01 3.962166042331599414e+00
1.409943755602430793e-01 4.523669736299297028e+00
1.420349244569084624e-01 5.339038425529135878e+00
1.430754733535738454e-01 5.411423165250415224e+00
1.441160222502392285e-01 5.744105649480829356e+00
1.451565711469046116e-01 5.916308228566617089e+00
1.461971200435699947e-01 6.442996592160252334e+00
1.472376689402353778e-01 7.297426782494301989e+00
1.482782178369007609e-01 7.858594977918716751e+00
1.493187667335661439e-01 8.541858448338636833e+00
1.503593156302315270e-01 9.051446848800651424e+00
1.513998645268969101e-01 9.452823693094977386e+00
1.524404134235622932e-01 9.849898506255296837e+00
1.534809623202276763e-01 1.048010792144442149e+01
1.545215112168930593e-01 1.091543200299792460e+01
1.555620601135584424e-01 1.137676818028488768e+01
1.566026090102238255e-01 1.189993409490434928e+01
1.576431579068892086e-01 1.192949548579062835e+01
1.586837068035545917e-01 1.256547840730220855e+01
1.597242557002199748e-01 1.279298487974128662e+01
1.607648045968853578e-01 1.246007419776064751e+01
1.618053534935507409e-01 1.279594476094850464e+01
1.628459023902161240e-01 1.335982524449262954e+01
1.638864512868815071e-01 1.355494043194066478e+01
1.649270001835468902e-01 1.366873883913144994e+01
1.659675490802122733e-01 1.343905515518866878e+01
1.670080979768776563e-01 1.313693541810895837e+01
1.680486468735430672e-01 1.334881178482591224e+01
1.690891957702084503e-01 1.364737462064071849e+01
1.701297446668738333e-01 1.376282073746876122e+01
1.711702935635392164e-01 1.369443703748581243e+01
1.722108424602045995e-01 1.365200214261496114e+01
1.732513913568699826e-01 1.365491047285118853e+01
1.742919402535353657e-01 1.340017878688135511e+01
1.753324891502007488e-01 1.320915296173558673e+01
1.763730380468661318e-01 1.326429738763831878e+01
1.774135869435315149e-01 1.275217691308055379e+01
1.784541358401968980e-01 1.234470841629432769e+01
1.794946847368622811e-01 1.196072421865909163e+01
1.805352336335276642e-01 1.185524057208342796e+01
1.815757825301930473e-01 1.158902268832457239e+01
1.826163314268584303e-01 1.127235845184320695e+01
1.836568803235238134e-01 1.114242724090281556e+01
1.846974292201891965e-01 1.076189961125940187e+01
1.857379781168545796e-01 1.026266629718833556e+01
1.867785270135199627e-01 9.850119352628670555e+00
1.878190759101853458e-01 9.534937670707812174e+00
1.888596248068507288e-01 8.992929384875605336e+00
1.899001737035161119e-01 8.896818697255852726e+00
1.909407226001814950e-01 8.587623767985469669e+00
1.919812714968468781e-01 7.992584270467428809e+00
1.930218203935122612e-01 7.571849909888861418e+00
1.940623692901776443e-01 7.378523609104771452e+00
1.951029181868430273e-01 6.973875624555429198e+00
1.961434670835084104e-01 6.851066143254996632e+00
1.971840159801737935e-01 6.461960181606553277e+00
1.982245648768391766e-01 6.128243865174386684e+00
1.992651137735045597e-01 5.699957639021842937e+00
2.003056626701699428e-01 5.345812947900896006e+00
2.013462115668353813e-01 4.684857527285206658e+00
2.023867604635007644e-01 4.314709519961052564e+00
2.034273093601661475e-01 4.456114881811025441e+00
2.044678582568315306e-01 4.238150438329714831e+00
2.055084071534969137e-01 3.697663305725960470e+00
2.065489560501622968e-01 3.376180380598480468e+00
2.075895049468276798e-01 2.964640151488147524e+00
2.086300538434930629e-01 2.975549985533877617e+00
2.096706027401584460e-01 2.649560060173715925e+00
2.107111516368238291e-01 2.417341787381687368e+00
2.117517005334892122e-01 2.329365041187951846e+00
2.127922494301545953e-01 2.142892931384462685e+00
2.138327983268199783e-01 1.743795211944767942e+00
2.148733472234853614e-01 1.735600641790842502e+00
2.159138961201507445e-01 1.760559443287721848e+00
2.169544450168161276e-01 1.552685472380129994e+00
2.179949939134815107e-01 1.301490576785248265e+00
2.190355428101468938e-01 1.160503036891739725e+00
2.200760917068122768e-01 1.354983280486777630e+00
2.211166406034776599e-01 1.454899074208213960e+00
2.221571895001430430e-01 1.553889759809667481e+00
2.231977383968084261e-01 1.534983788118903902e+00
2.242382872934738092e-01 1.120218042891650612e+00
2.252788361901391923e-01 1.176444828611899140e+00
2.263193850868045753e-01 9.384555023359339998e-01
2.273599339834699584e-01 1.060733283012151418e+00
2.284004828801353415e-01 9.734544920984014027e-01
2.294410317768007246e-01 8.631260077142535181e-01
2.304815806734661077e-01 7.720333509320909116e-01
2.315221295701314908e-01 1.048045532326622009e+00
2.325626784667968738e-01 1.083566285291620801e+00
2.336032273634622569e-01 1.029889154781425731e+00
2.346437762601276400e-01 1.082168994101593285e+00
2.356843251567930231e-01 8.908425943024802507e-01
2.367248740534584062e-01 1.180681774326682643e+00
2.377654229501237892e-01 1.136069021455213601e+00
2.388059718467891723e-01 1.218738674591836713e+00
2.398465207434545554e-01 1.191844510184719041e+00
2.408870696401199385e-01 1.216993328276441133e+00
2.419276185367853216e-01 1.612258112749891836e+00
2.429681674334507047e-01 1.494175356402433152e+00
2.440087163301160877e-01 1.604355425128087376e+00
2.450492652267814708e-01 1.840835459602217838e+00
2.460898141234468539e-01 1.862112497663346744e+00
2.471303630201122370e-01 1.812527865211215783e+00
2.481709119167776201e-01 1.872974386153757109e+00
2.492114608134430032e-01 2.243821597773766996e+00
2.502520097101083585e-01 2.227963647333425001e+00
2.512925586067737416e-01 2.099801410298258730e+00
2.523331075034391247e-01 2.008222693895703514e+00
2.533736564001045077e-01 2.237702871757843326e+00
2.544142052967698908e-01 2.335689834740694693e+00
2.554547541934352739e-01 2.297512376218534769e+00
2.564953030901006570e-01 2.614656751882744601e+00
2.575358519867660401e-01 2.629413730971339902e+00
2.585764008834314231e-01 2.510067660480562068e+00
2.596169497800968062e-01 2.663834785985894626e+00
2.606574986767621893e-01 2.735183316710489976e+00
2.616980475734275724e-01 2.596025014992864755e+00
2.627385964700929555e-01 2.578935597638515986e+00
2.637791453667583386e-01 2.923477808700347680e+00
2.648196942634237216e-01 2.724713298791986205e+00
2.658602431600891047e-01 2.544453019472616262e+00
2.669007920567544878e-01 2.338007199090132104e+00
2.679413409534198709e-01 2.500654839631618387e+00
2.689818898500852540e-01 2.463246048336944938e+00
2.700224387467506371e-01 2.339908741436548922e+00
2.710629876434160201e-01 2.618356795104567425e+00
2.721035365400814032e-01 2.745523563760144725e+00
2.731440854367467863e-01 2.695542913966896492e+00
2.741846343334121694e-01 2.698998929694568005e+00
2.752251832300775525e-01 2.731711509867285059e+00
2.762657321267429356e-01 2.500333995897904060e+00
2.773062810234083186e-01 2.513133454105112463e+00
2.783468299200737017e-01 2.525136394487226710e+00
2.793873788167390848e-01 2.623264278868681743e+00
2.804279277134044679e-01 2.321542664078791063e+00
2.814684766100698510e-01 2.114426720759301048e+00
2.825090255067352341e-01 2.115044696426025439e+00
2.835495744034006171e-01 1.896245367380885227e+00
2.845901233000660002e-01 2.067455284440548269e+00
2.856306721967313833e-01 2.252451114190613168e+00
2.866712210933967664e-01 2.101688334187965523e+00
2.877117699900621495e-01 1.825895464137509805e+00
2.887523188867275326e-01 1.788099173531975339e+00
2.897928677833929156e-01 1.679907939199605238e+00
2.908334166800582987e-01 1.641934568460982291e+00
2.918739655767236818e-01 1.524360874098285024e+00
2.929145144733890649e-01 1.237256195894001820e+00
2.939550633700544480e-01 1.261896939149782071e+00
2.949956122667198311e-01 1.266407694688307828e+00
2.960361611633852141e-01 1.444167888319874749e+00
2.970767100600505972e-01 1.333686858860826163e+00
2.981172589567159803e-01 1.165031471695975540e+00
2.991578078533813634e-01 1.057130730454915124e+00
3.001983567500468020e-01 1.246100382586202926e+00
3.012389056467121851e-01 1.250980129874243119e+00
3.022794545433775681e-01 1.199780142858081433e+00
3.033200034400429512e-01 1.082774957651679415e+00
3.043605523367083343e-01 1.052262391297816180e+00
3.054011012333737174e-01 1.025503655678306814e+00
3.064416501300391005e-01 9.187518873041646827e-01
3.074821990267044836e-01 9.697357438763667403e-01
3.085227479233698666e-01 9.795341356427478274e-01
3.095632968200352497e-01 9.972133175041939523e-01
3.106038457167006328e-01 9.556579151380084625e-01
3.116443946133660159e-01 8.854501635970351003e-01
3.126849435100313990e-01 9.437092842684933203e-01
3.137254924066967821e-01 9.949303412715053696e-01
3.147660413033621651e-01 8.231239641963483678e-01
3.158065902000275482e-01 7.393914449382670284e-01
3.168471390966929313e-01 8.434968562776070655e-01
3.178876879933583144e-01 8.014977054153362701e-01
3.189282368900236975e-01 9.038001665760511116e-01
3.199687857866890806e-01 8.686144927637400315e-01
3.210093346833544636e-01 9.221695286883075937e-01
3.220498835800198467e-01 8.446556286352020493e-01
3.230904324766852298e-01 6.296025533079792069e-01
3.241309813733506129e-01 6.160156694278242639e-01
3.251715302700159960e-01 6.872682746730447434e-01
3.262120791666813790e-01 8.419480161120951323e-01
3.272526280633467621e-01 6.006977718918840026e-01
3.282931769600121452e-01 6.360309722295589552e-01
3.293337258566775283e-01 7.200572025938818399e-01
3.303742747533429114e-01 6.968845070970566269e-01
3.314148236500082945e-01 7.551758394550773801e-01
3.324553725466736775e-01 8.095187629433837628e-01
3.334959214433390606e-01 5.977692826851637165e-01
3.345364703400044437e-01 6.851148893457903455e-01
3.355770192366698268e-01 8.378402138009874989e-01
3.366175681333352099e-01 7.306266845135489518e-01
3.376581170300005930e-01 1.024951297634650871e+00
3.386986659266659760e-01 1.117514380162550225e+00
3.397392148233313591e-01 9.793819659212381623e-01
3.407797637199967422e-01 1.052309192250366010e+00
3.418203126166621253e-01 1.090698135729645912e+00
3.428608615133275084e-01 8.809766257560518454e-01
3.439014104099928915e-01 9.415370574154415806e-01
3.449419593066582745e-01 1.122696779470562234e+00
3.459825082033236576e-01 9.720241519714285516e-01
3.470230570999890407e-01 9.265458043089331852e-01
3.480636059966544238e-01 1.056163465086957132e+00
3.491041548933198069e-01 1.025449544493973519e+00
3.501447037899851900e-01 1.137280239334693022e+00
3.511852526866505730e-01 1.033648762867734661e+00
3.522258015833159561e-01 1.076665407442110478e+00
3.532663504799813392e-01 1.161112763192956976e+00
3.543068993766467223e-01 1.205572299726206609e+00
3.553474482733121054e-01 1.300016961345868083e+00
3.563879971699774885e-01 1.334329655317390007e+00
3.574285460666428715e-01 1.207749945621301890e+00
3.584690949633082546e-01 1.056606584527813197e+00
3.595096438599736377e-01 1.194769165698946978e+00
3.605501927566390208e-01 1.222529002564495926e+00
3.615907416533044039e-01 1.139587873202358992e+00
3.626312905499697870e-01 1.090327465979601840e+00
3.636718394466351700e-01 1.282952861297157909e+00
3.647123883433005531e-01 1.213187002729210207e+00
3.657529372399659362e-01 1.021993001679156521e+00
3.667934861366313193e-01 9.788686361019927062e-01
3.678340350332967024e-01 1.028975891557145417e+00
3.688745839299620854e-01 1.143601549482937685e+00
3.699151328266274685e-01 1.116889622547169836e+00
3.709556817232928516e-01 1.009890010618214262e+00
3.719962306199582347e-01 9.125421358166860841e-01
3.730367795166236178e-01 1.087468284073480618e+00
3.740773284132890009e-01 1.092056967903690889e+00
3.751178773099543839e-01 9.842238375282654772e-01
3.761584262066197670e-01 8.745171743481350290e-01
3.771989751032851501e-01 9.648309087768431880e-01
3.782395239999505332e-01 9.601856253480356429e-01
3.792800728966159163e-01 9.638360219561583619e-01
3.803206217932812994e-01 8.964008506053211534e-01
3.813611706899466824e-01 1.010072920866466717e+00
3.824017195866120655e-01 9.493638320236073014e-01
3.834422684832774486e-01 9.261266617366139542e-01
3.844828173799428317e-01 9.584311968830974138e-01
3.855233662766082148e-01 8.130864207318211356e-01
3.865639151732735979e-01 8.038410433901148622e-01
3.876044640699389809e-01 8.096017795389336413e-01
3.886450129666043640e-01 8.450244053092070828e-01
3.896855618632697471e-01 7.540782541059840582e-01
3.907261107599351302e-01 8.738711228066016190e-01
3.917666596566005133e-01 7.396109478108598978e-01
3.928072085532658964e-01 8.348244628665923983e-01
3.938477574499312794e-01 8.356882843406445716e-01
3.948883063465966625e-01 4.413090729095472398e-01
3.959288552432620456e-01 7.650478219394862833e-01
3.969694041399274287e-01 6.904533705632935892e-01
3.980099530365928118e-01 7.991153346244210809e-01
3.990505019332581949e-01 7.526620917695439061e-01
4.000910508299235779e-01 4.300910617903745958e-01
4.011315997265889610e-01 4.582247121320222050e-01
4.021721486232543441e-01 5.561953458975601450e-01
4.032126975199197272e-01 5.949168163098583761e-01
4.042532464165851103e-01 7.491098445927910632e-01
4.052937953132504934e-01 7.087679545909040257e-01
4.063343442099158764e-01 6.252669563026707067e-01
4.073748931065812595e-01 0.000000000000000000e+00
4.084154420032466426e-01 2.042334394777078899e-01
4.094559908999120257e-01 8.192756367014943919e-01
4.104965397965774088e-01 7.536877193477629078e-01
4.115370886932427918e-01 6.938200142312815899e-01
4.125776375899081749e-01 8.132417419043740381e-01
4.136181864865735580e-01 7.304041305851676213e-01
4.146587353832389411e-01 3.701310303801825796e-01
4.156992842799043242e-01 5.395796511026986764e-01
4.167398331765697073e-01 6.492306913392447143e-01
4.177803820732350903e-01 7.342218050455322498e-01
4.188209309699004734e-01 7.224825068279621121e-01
4.198614798665658565e-01 6.342298168171112138e-01
4.209020287632312396e-01 7.159122313326555798e-01
4.219425776598966227e-01 6.967878098702371403e-01
4.229831265565620058e-01 7.100402096438251931e-01
4.240236754532273888e-01 6.935843427726808841e-01
4.250642243498927719e-01 7.994969402730660590e-01
4.261047732465581550e-01 8.924204139076756803e-01
4.271453221432235381e-01 7.127649874345074466e-01
4.281858710398889212e-01 8.810834932923867768e-01
4.292264199365543043e-01 7.079478797342986240e-01
4.302669688332196873e-01 5.617506194356494120e-01
4.313075177298850704e-01 5.094139241709250143e-01
4.323480666265504535e-01 5.414220956155375575e-01
4.333886155232158366e-01 7.444665546139184187e-01
4.344291644198812197e-01 7.018403450356345274e-01
4.354697133165466028e-01 7.146048215301767925e-01
4.365102622132119858e-01 5.992358115296205767e-01
4.375508111098773689e-01 6.725933821553304881e-01
4.385913600065427520e-01 7.660175829279260995e-01
4.396319089032081351e-01 6.373423760217065137e-01
4.406724577998735182e-01 7.269020807155044395e-01
4.417130066965389013e-01 7.038976859098404759e-01
4.427535555932042843e-01 6.732668253991498375e-01
4.437941044898696674e-01 6.798720099930335437e-01
4.448346533865350505e-01 6.187670851062421207e-01
4.458752022832004336e-01 7.901058219887104883e-01
4.469157511798658167e-01 6.750680448477979212e-01
4.479563000765311997e-01 7.917438187636243185e-01
4.489968489731965828e-01 7.045905804383991722e-01
4.500373978698619659e-01 6.457618136481286797e-01
4.510779467665273490e-01 7.823580718493090558e-01
4.521184956631927321e-01 9.901750028055893438e-01
4.531590445598581152e-01 8.583081342961307314e-01
4.541995934565234982e-01 6.002456549780781359e-01
4.552401423531888813e-01 6.519742510968882243e-01
4.562806912498542644e-01 7.804640804405060805e-01
4.573212401465196475e-01 8.145820341655287677e-01
4.583617890431850306e-01 7.094647401207332393e-01
4.594023379398504137e-01 6.063791357179511010e-01
4.604428868365157967e-01 7.801674647219201120e-01
4.614834357331811798e-01 8.601060507315203552e-01
4.625239846298465629e-01 8.178422823324815738e-01
4.635645335265119460e-01 7.103127405451736820e-01
4.646050824231773291e-01 6.030600735331503870e-01
4.656456313198427122e-01 8.364894506756108683e-01
4.666861802165080952e-01 7.610463134851208622e-01
4.677267291131734783e-01 8.915782495363018256e-01
4.687672780098388614e-01 8.951971678710819447e-01
4.698078269065042445e-01 8.400224531520485982e-01
4.708483758031696276e-01 7.140285006659894407e-01
4.718889246998350107e-01 7.989178886546390856e-01
4.729294735965003937e-01 8.032497169750527632e-01
4.739700224931657768e-01 8.055951065318147641e-01
4.750105713898311599e-01 7.396424410553770201e-01
4.760511202864965430e-01 6.843023853982366234e-01
4.770916691831619261e-01 6.992100348822418709e-01
4.781322180798273092e-01 6.320033113231744437e-01
4.791727669764926922e-01 6.329862764067897274e-01
4.802133158731580753e-01 8.575282504365873137e-01
4.812538647698234584e-01 7.418099951254220059e-01
4.822944136664888415e-01 5.579599796104943721e-01
4.833349625631542246e-01 5.762161014859010777e-01
4.843755114598196077e-01 4.788312786780863917e-01
4.854160603564849907e-01 6.189131717857954129e-01
4.864566092531503738e-01 5.584379099861216389e-01
4.874971581498157569e-01 7.070921970143331237e-01
4.885377070464811400e-01 7.069252420485163668e-01
4.895782559431465231e-01 5.507627869608562321e-01
4.906188048398119061e-01 4.340934140599479463e-01
4.916593537364772892e-01 5.189711314284934929e-01
4.926999026331426723e-01 5.203117737833586887e-01
4.937404515298080554e-01 5.951785597015941676e-01
4.947810004264734385e-01 7.061204782426386828e-01
4.958215493231388216e-01 7.942562430472683843e-01
4.968620982198042046e-01 7.019547790374183194e-01
4.979026471164695877e-01 6.608085932512395289e-01
4.989431960131349708e-01 6.412211245884478217e-01
4.999837449098003539e-01 6.603809339293924552e-01
5.010242938064657370e-01 4.847739938014541394e-01
5.020648427031311201e-01 4.676271265277200939e-01
5.031053915997965031e-01 6.869097870218148216e-01
5.041459404964618862e-01 6.952155829495545447e-01
5.051864893931272693e-01 6.514344841631931615e-01
5.062270382897926524e-01 6.713546267294852044e-01
5.072675871864580355e-01 6.441474112014269338e-01
5.083081360831234186e-01 6.128303870981994805e-01
5.093486849797888016e-01 5.578685477126654746e-01
5.103892338764541847e-01 6.177335265522785335e-01
5.114297827731195678e-01 5.542279755627923521e-01
5.124703316697849509e-01 3.996366317405772861e-01
5.135108805664503340e-01 4.671856993641227973e-01
5.145514294631157171e-01 5.346495144602876337e-01
5.155919783597811001e-01 3.975530587400903926e-01
5.166325272564464832e-01 3.922115663187319967e-01
5.176730761531118663e-01 4.178922260927429022e-01
5.187136250497772494e-01 5.006924719289216341e-01
5.197541739464426325e-01 4.720459941797088277e-01
5.207947228431080156e-01 4.064044814558016583e-01
5.218352717397733986e-01 3.881964150740522257e-01
5.228758206364387817e-01 5.241139277550139752e-01
5.239163695331041648e-01 5.151231326077763129e-01
5.249569184297695479e-01 5.469993910862633868e-01
5.259974673264349310e-01 5.268967204586232356e-01
5.270380162231003141e-01 4.992147802827773262e-01
5.280785651197656971e-01 5.613347674964828116e-01
5.291191140164310802e-01 6.023114845560968433e-01
5.301596629130964633e-01 4.943726697948953586e-01
5.312002118097618464e-01 4.209087213681890205e-01
5.322407607064272295e-01 5.293437232098163747e-01
5.332813096030926125e-01 4.848966086131589748e-01
5.343218584997581067e-01 4.990857189370636604e-01
5.353624073964233787e-01 5.381175978159546958e-01
5.364029562930888728e-01 5.572796368669870049e-01
5.374435051897541449e-01 5.722669344131325886e-01
5.384840540864196390e-01 4.201051637349024759e-01
5.395246029830849110e-01 3.874829523606173609e-01
5.405651518797504052e-01 5.642324610316151734e-01
5.416057007764156772e-01 6.677789725381551023e-01
5.426462496730811713e-01 4.795176424300713336e-01
5.436867985697464434e-01 4.416295728243362362e-01
5.447273474664119375e-01 3.664800088173478798e-01
5.457678963630772095e-01 4.067089849830516357e-01
5.468084452597427036e-01 5.819169965038213377e-01
5.478489941564079757e-01 6.212506459180708873e-01
5.488895430530734698e-01 5.041977930996246471e-01
5.499300919497387419e-01 4.695002014236635546e-01
5.509706408464042360e-01 6.157627981420787933e-01
5.520111897430695080e-01 6.773058428733875758e-01
5.530517386397350021e-01 6.429653477778281001e-01
5.540922875364002742e-01 4.602008712340968088e-01
5.551328364330657683e-01 4.498447571183277205e-01
5.561733853297310404e-01 5.614977853535911834e-01
5.572139342263965345e-01 6.616329228636530502e-01
5.582544831230618065e-01 6.758579120504535354e-01
5.592950320197273006e-01 5.310804694073709697e-01
5.603355809163925727e-01 4.076419403928674967e-01
5.613761298130580668e-01 5.488425369721774416e-01
5.624166787097233389e-01 4.655047236565827973e-01
5.634572276063888330e-01 5.277218568816586242e-01
5.644977765030541050e-01 7.186304723323928556e-01
5.655383253997195991e-01 6.393694268009539883e-01
5.665788742963848712e-01 5.751760248868222902e-01
5.676194231930503653e-01 5.527370273186811289e-01
5.686599720897156374e-01 5.423056244832906714e-01
5.697005209863811315e-01 4.892430225923121156e-01
5.707410698830464035e-01 4.637482529329695069e-01
5.717816187797118976e-01 3.788696544566576563e-01
5.728221676763771697e-01 2.145763271369638403e-01
5.738627165730426638e-01 1.921539939637924022e-01
5.749032654697079359e-01 2.710460386194384341e-01
5.759438143663734300e-01 4.463817882576393004e-01
5.769843632630387020e-01 5.324500912356775473e-01
5.780249121597041961e-01 3.605484572452262171e-01
5.790654610563694682e-01 3.312250743223827953e-01
5.801060099530349623e-01 3.442584618033421862e-01
5.811465588497002344e-01 2.981212911807809007e-01
5.821871077463657285e-01 3.420055373627732820e-01
5.832276566430310005e-01 4.843763219944037246e-01
5.842682055396964946e-01 5.095932745839135691e-01
5.853087544363617667e-01 4.661488625529734975e-01
5.863493033330272608e-01 4.624593960076950339e-01
5.873898522296925329e-01 3.968845599946071445e-01
5.884304011263580270e-01 3.209174252976971786e-01
5.894709500230232990e-01 4.050375683062981125e-01
5.905114989196887931e-01 5.002149478886330769e-01
5.915520478163540652e-01 4.083811231083451787e-01
5.925925967130195593e-01 4.890211739956065173e-01
5.936331456096848314e-01 4.532453779064091748e-01
5.946736945063503255e-01 3.937442286472609965e-01
5.957142434030155975e-01 4.121449020399623464e-01
5.967547922996810916e-01 5.388038268907600070e-01
5.977953411963463637e-01 5.140625806594272262e-01
5.988358900930118578e-01 4.978280798855010403e-01
5.998764389896771299e-01 5.306561623629022506e-01
