# q (1/Angstrom), Intensity (arb)
2.078726924066784734e-02 2.966437061260438668e+02
2.212838338006469993e-02 4.407176197464548295e+02
2.346949751946154905e-02 5.969901359301554749e+02
2.481061165885840164e-02 8.653254291844054933e+02
2.615172579825525423e-02 1.012757345800186954e+03
2.749283993765210335e-02 1.063879448623128610e+03
2.883395407704895941e-02 1.107326476722581447e+03
3.017506821644580506e-02 1.134051745439382557e+03
3.151618235584265765e-02 1.148101700143090056e+03
3.285729649523951718e-02 1.149959502883891901e+03
3.419841063463636283e-02 1.140121984847385193e+03
3.553952477403321542e-02 1.132238456746446673e+03
3.688063891343006800e-02 1.126491243084177768e+03
3.822175305282692059e-02 1.122206505803435221e+03
3.956286719222376624e-02 1.115426288911189658e+03
4.090398133162062577e-02 1.109362681884771064e+03
4.224509547101747142e-02 1.101610803663173556e+03
4.358620961041432401e-02 1.090950709174592703e+03
4.492732374981117660e-02 1.077790365905233102e+03
4.626843788920802919e-02 1.077361102561615553e+03
4.760955202860488178e-02 1.077441830905853976e+03
4.895066616800172743e-02 1.067834984717819680e+03
5.029178030739858696e-02 1.060510044254507420e+03
5.163289444679544649e-02 1.053505109379839496e+03
5.297400858619229214e-02 1.049006579029235127e+03
5.431512272558913779e-02 1.037316140223233788e+03
5.565623686498599731e-02 1.027630256921046112e+03
5.699735100438284990e-02 1.014475067847025571e+03
5.833846514377969555e-02 1.007305634968662162e+03
5.967957928317654814e-02 9.990123401726301609e+02
6.102069342257340767e-02 9.862219666061544103e+02
6.236180756197025332e-02 9.705841694563733881e+02
6.370292170136709897e-02 9.615987624283080777e+02
6.504403584076395850e-02 9.531447660397644768e+02
6.638514998016080415e-02 9.413710075208913395e+02
6.772626411955766368e-02 9.260651599161541299e+02
6.906737825895450933e-02 9.103727945118713478e+02
7.040849239835136886e-02 8.938482826431442163e+02
7.174960653774821451e-02 8.774496551403601643e+02
7.309072067714506016e-02 8.629706510830170600e+02
7.443183481654190581e-02 8.460031816682353565e+02
7.577294895593877921e-02 8.329691425234600501e+02
7.711406309533562486e-02 8.158778115893511540e+02
7.845517723473247051e-02 8.007345116647309169e+02
7.979629137412933004e-02 7.848130336666838502e+02
8.113740551352617569e-02 7.677871755779679006e+02
8.247851965292302134e-02 7.538996400703940708e+02
8.381963379231988087e-02 7.382638966995446026e+02
8.516074793171674040e-02 7.198885487157622265e+02
8.650186207111358605e-02 7.066354179075889306e+02
8.784297621051043170e-02 6.901737632804545228e+02
8.918409034990729123e-02 6.771044900483851734e+02
9.052520448930413688e-02 6.612036942650515812e+02
9.186631862870098253e-02 6.442754337413125540e+02
9.320743276809784206e-02 6.302104673345280617e+02
9.454854690749470159e-02 6.153059979796731795e+02
9.588966104689154724e-02 5.964349738503525487e+02
9.723077518628839289e-02 5.837854405248808689e+02
9.857188932568525241e-02 5.698864495756307633e+02
9.991300346508209806e-02 5.528677329332376758e+02
1.012541176044789437e-01 5.382725380940031528e+02
1.025952317438758032e-01 5.232427024939963758e+02
1.039363458832726350e-01 5.065750945193560710e+02
1.052774600226694945e-01 4.940943116730187512e+02
1.066185741620663541e-01 4.817424791515496167e+02
1.079596883014631858e-01 4.678124808231742691e+02
1.093008024408600454e-01 4.533101285767709214e+02
1.106419165802569049e-01 4.391020500457511275e+02
1.119830307196537506e-01 4.274090200091122256e+02
1.133241448590506101e-01 4.138932452755293525e+02
1.146652589984474419e-01 3.996956010670190835e+02
1.160063731378443014e-01 3.866393168416140611e+02
1.173474872772411609e-01 3.757762791821809856e+02
1.186886014166380066e-01 3.636584970796614584e+02
1.200297155560348661e-01 3.507263211379485597e+02
1.213708296954317256e-01 3.384120808459761065e+02
1.227119438348285574e-01 3.252301867622524583e+02
1.240530579742254169e-01 3.136251343882740912e+02
1.253941721136222764e-01 3.041432057138587766e+02
1.267352862530191082e-01 2.940301789023518495e+02
1.280764003924159677e-01 2.828784226128134947e+02
1.294175145318128273e-01 2.713638670015180878e+02
1.307586286712096590e-01 2.617604967744155147e+02
1.320997428106065186e-01 2.522049406057669785e+02
1.334408569500033781e-01 2.426812182956080619e+02
1.347819710894002376e-01 2.336789687562641689e+02
1.361230852287970972e-01 2.239483603520501731e+02
1.374641993681939289e-01 2.145983717184624879e+02
1.388053135075907885e-01 2.070575046913468782e+02
1.401464276469876480e-01 1.966752528691322368e+02
1.414875417863844798e-01 1.891810506683112862e+02
1.428286559257813393e-01 1.804474453695291629e+02
1.441697700651781988e-01 1.730993910473773099e+02
1.455108842045750306e-01 1.653445129975686712e+02
1.468519983439718901e-01 1.575294904202242492e+02
1.481931124833687219e-01 1.500959497021689515e+02
1.495342266227655814e-01 1.429964425145414566e+02
1.508753407621624687e-01 1.360740722220873522e+02
1.522164549015593005e-01 1.295382542943219164e+02
1.535575690409561600e-01 1.233536673929177852e+02
1.548986831803530195e-01 1.176766201867561108e+02
1.562397973197498513e-01 1.114689682072819608e+02
1.575809114591467108e-01 1.056036265047151517e+02
1.589220255985435704e-01 9.967907472790224688e+01
1.602631397379404021e-01 9.449164214319253574e+01
1.616042538773372617e-01 8.859406707340677656e+01
1.629453680167341212e-01 8.410231724102003170e+01
1.642864821561309530e-01 8.018023721767109180e+01
1.656275962955278125e-01 7.545368870529587468e+01
1.669687104349246720e-01 7.104693975183420207e+01
1.683098245743215315e-01 6.703515546524027968e+01
1.696509387137183911e-01 6.352858114270546253e+01
1.709920528531152228e-01 5.918231654212947035e+01
1.723331669925120824e-01 5.484651448297179854e+01
1.736742811319089419e-01 5.150458476431130350e+01
1.750153952713057737e-01 4.893136698567113285e+01
1.763565094107026332e-01 4.582995199130746755e+01
1.776976235500994927e-01 4.222429329905392592e+01
1.790387376894963245e-01 3.955721608409722023e+01
1.803798518288931840e-01 3.753914511576407165e+01
1.817209659682900158e-01 3.440248761833616697e+01
1.830620801076868753e-01 3.136667580596487426e+01
1.844031942470837349e-01 2.940459472842107402e+01
1.857443083864805944e-01 2.804263425470350057e+01
1.870854225258774539e-01 2.586979872161377614e+01
1.884265366652743134e-01 2.364747510595967128e+01
1.897676508046711452e-01 2.220243075721796799e+01
1.911087649440680047e-01 2.024527613351799005e+01
1.924498790834648643e-01 1.788020935239924825e+01
1.937909932228616960e-01 1.702156187489451611e+01
1.951321073622585556e-01 1.542607229249837530e+01
1.964732215016554151e-01 1.384499139095515829e+01
1.978143356410522469e-01 1.329105508946231851e+01
1.991554497804491064e-01 1.269187608855530414e+01
2.004965639198459382e-01 1.114530873540364553e+01
2.018376780592427977e-01 1.042933337827810192e+01
2.031787921986396572e-01 9.777490439754956242e+00
2.045199063380365168e-01 9.051071273478854096e+00
2.058610204774333763e-01 7.930934556773863164e+00
2.072021346168302081e-01 7.500947868407862984e+00
2.085432487562270676e-01 7.087087042813152493e+00
2.098843628956239271e-01 6.866489314892845641e+00
2.112254770350207866e-01 6.845437552336491649e+00
2.125665911744176462e-01 6.701707217744441891e+00
2.139077053138144502e-01 5.846947688433772328e+00
2.152488194532113097e-01 5.628896236826705035e+00
2.165899335926081692e-01 5.605193757006006194e+00
2.179310477320050288e-01 4.854262197619163999e+00
2.192721618714018883e-01 4.993419653686856918e+00
2.206132760107987478e-01 4.218203921795847577e+00
2.219543901501955796e-01 4.374495369322872307e+00
2.232955042895924391e-01 4.897878392805353087e+00
2.246366184289892987e-01 4.945527992265112971e+00
2.259777325683861582e-01 4.969850069105561374e+00
2.273188467077830177e-01 4.777982753057543164e+00
2.286599608471798217e-01 5.258866322039907004e+00
2.300010749865766813e-01 5.262726388821477030e+00
2.313421891259735408e-01 4.959854537996591262e+00
2.326833032653704003e-01 5.083290004941147799e+00
2.340244174047672598e-01 5.023282473864668418e+00
2.353655315441641194e-01 4.986197083508784544e+00
2.367066456835609234e-01 5.374768151849792730e+00
2.380477598229577829e-01 5.116817216367749666e+00
2.393888739623546424e-01 5.747775899895870566e+00
2.407299881017515020e-01 6.018428785507083489e+00
2.420711022411483615e-01 6.639222197110385082e+00
2.434122163805451933e-01 6.198392581476980467e+00
2.447533305199420528e-01 6.249181091024894386e+00
2.460944446593389123e-01 6.792990856038528591e+00
2.474355587987357719e-01 7.151308278760538428e+00
2.487766729381326314e-01 6.979434068453002737e+00
2.501177870775294632e-01 6.844528315465893797e+00
2.514589012169263227e-01 6.947513838967353195e+00
2.528000153563231822e-01 7.095941070205455503e+00
2.541411294957200417e-01 7.655697233531938650e+00
2.554822436351169013e-01 7.823861268167703997e+00
2.568233577745137608e-01 7.477469099149487874e+00
2.581644719139106203e-01 7.581013109252324966e+00
2.595055860533074243e-01 7.805904104870791116e+00
2.608467001927042839e-01 8.154236185002446291e+00
2.621878143321011434e-01 8.452408776253165001e+00
2.635289284714980029e-01 8.210622219151218815e+00
2.648700426108948625e-01 8.164236010694764900e+00
2.662111567502916665e-01 8.051362504141636123e+00
2.675522708896885260e-01 8.180305600601712968e+00
2.688933850290853855e-01 8.392389701165114957e+00
2.702344991684822451e-01 8.985896887041874947e+00
2.715756133078791046e-01 9.563475776003230067e+00
2.729167274472759641e-01 9.279552137805524126e+00
2.742578415866727681e-01 9.016557859251790319e+00
2.755989557260696277e-01 8.295973617941115208e+00
2.769400698654664872e-01 7.959465606909461144e+00
2.782811840048633467e-01 8.441578959333185139e+00
2.796222981442602062e-01 8.341492756205227010e+00
2.809634122836570103e-01 8.147936426410012700e+00
2.823045264230538698e-01 7.995390675112290069e+00
2.836456405624507293e-01 8.010526726072072279e+00
2.849867547018475888e-01 8.139384971843099947e+00
2.863278688412444484e-01 7.935970586237218072e+00
2.876689829806413079e-01 7.874572045262041797e+00
2.890100971200381674e-01 8.289919784548516191e+00
2.903512112594350270e-01 7.753485364847989558e+00
2.916923253988318865e-01 7.631199968943533918e+00
2.930334395382287460e-01 7.492042497405805079e+00
2.943745536776256055e-01 7.726966970655055889e+00
2.957156678170224096e-01 7.404527420343754329e+00
2.970567819564192691e-01 7.237892423426444566e+00
2.983978960958161286e-01 7.065604496020043257e+00
2.997390102352129881e-01 6.812741298367640752e+00
3.010801243746098477e-01 6.678049147007811825e+00
3.024212385140067072e-01 6.510568264888092926e+00
3.037623526534035112e-01 6.726939568281295578e+00
3.051034667928003707e-01 6.281756126840960519e+00
3.064445809321972303e-01 6.251667662218281407e+00
3.077856950715940898e-01 5.850844138046213061e+00
3.091268092109909493e-01 5.280564333486893247e+00
3.104679233503877533e-01 5.749640912315456376e+00
3.118090374897846129e-01 5.789033089310748892e+00
3.131501516291814724e-01 5.510402270915577105e+00
3.144912657685783319e-01 4.948109493177469176e+00
3.158323799079751915e-01 4.921869046212123067e+00
3.171734940473720510e-01 4.963222717295181496e+00
3.185146081867689105e-01 4.972837292572336310e+00
3.198557223261657700e-01 5.231109078500125520e+00
3.211968364655626296e-01 4.644753455761645000e+00
3.225379506049594891e-01 4.485975954827722489e+00
3.238790647443563486e-01 4.617309227447677245e+00
3.252201788837532082e-01 4.455077016410385227e+00
3.265612930231500122e-01 3.850899494976246729e+00
3.279024071625468717e-01 3.779234154964754566e+00
3.292435213019437312e-01 3.485508756577928580e+00
3.305846354413405908e-01 3.363733608065828662e+00
3.319257495807374503e-01 3.149621738634564849e+00
3.332668637201342543e-01 3.061064778726318991e+00
3.346079778595311138e-01 2.981201997416079053e+00
3.359490919989279734e-01 2.972016503448287494e+00
3.372902061383248329e-01 2.458060138536197314e+00
3.386313202777216924e-01 3.205882825278791870e+00
3.399724344171185519e-01 2.689465387866235346e+00
3.413135485565153560e-01 2.507668585102379666e+00
3.426546626959122155e-01 2.509375133108946443e+00
3.439957768353090750e-01 2.573267711661586077e+00
3.453368909747059345e-01 2.457689501265790000e+00
3.466780051141027941e-01 2.694538488456359460e+00
3.480191192534995981e-01 2.171576172583513653e+00
3.493602333928964576e-01 2.100801823561241122e+00
3.507013475322933171e-01 1.960456638796586049e+00
3.520424616716901767e-01 2.251813693552207951e+00
3.533835758110870362e-01 2.214522146666681124e+00
3.547246899504838957e-01 1.525466342383566598e+00
3.560658040898807553e-01 1.471719952016570687e+00
3.574069182292776148e-01 1.787597123411103439e+00
3.587480323686744743e-01 1.832730573680564135e+00
3.600891465080713338e-01 1.691561253977326373e+00
3.614302606474681934e-01 1.608987828291390088e+00
3.627713747868649974e-01 1.941430723887265231e+00
3.641124889262618569e-01 2.013256070528640862e+00
3.654536030656587164e-01 1.409878535985129133e+00
3.667947172050555760e-01 1.489960626212706529e+00
3.681358313444524355e-01 1.546034857797025097e+00
3.694769454838492950e-01 1.294758455621618509e+00
3.708180596232460990e-01 1.247890393784828689e+00
3.721591737626429586e-01 1.397253954473001158e+00
3.735002879020398181e-01 1.504782659740854456e+00
3.748414020414366776e-01 1.097365243307862670e+00
3.761825161808335372e-01 9.909081717288046320e-01
3.775236303202303967e-01 8.586553924474458199e-01
3.788647444596272007e-01 1.142377158778913326e+00
3.802058585990240602e-01 1.309979104629398705e+00
3.815469727384209198e-01 1.289523502884726724e+00
3.828880868778177793e-01 1.416563755339311115e+00
3.842292010172146388e-01 1.240577176360176281e+00
3.855703151566114428e-01 1.588274687568798527e+00
3.869114292960083024e-01 1.357132947455085059e+00
3.882525434354051619e-01 9.768285959092821713e-01
3.895936575748020214e-01 8.245532967725210938e-01
3.909347717141988809e-01 9.492739591959562517e-01
3.922758858535957405e-01 7.960550561177228701e-01
3.936169999929926000e-01 1.421561496862580043e+00
3.949581141323894595e-01 1.075273323559613914e+00
3.962992282717863191e-01 1.162414095498348843e+00
3.976403424111831786e-01 1.530977311340407709e+00
3.989814565505800381e-01 1.530454396433633235e+00
4.003225706899768976e-01 1.024720765348853035e+00
4.016636848293737572e-01 1.049435508795639294e+00
4.030047989687706167e-01 1.338899176069844543e+00
4.043459131081674207e-01 1.197149351844210230e+00
4.056870272475643358e-01 9.538835874442028739e-01
4.070281413869611398e-01 1.123028585081058850e+00
4.083692555263580548e-01 1.376330953616111685e+00
4.097103696657548588e-01 1.145005841913793176e+00
4.110514838051517739e-01 1.334939370098602751e+00
4.123925979445485779e-01 1.432473360834897846e+00
4.137337120839453819e-01 1.266284034131089697e+00
4.150748262233422969e-01 1.070691014264319563e+00
4.164159403627391010e-01 1.154105674322565278e+00
4.177570545021360160e-01 1.170948556131669704e+00
4.190981686415328200e-01 1.018197832416305459e+00
4.204392827809296240e-01 8.265972491761104379e-01
4.217803969203265391e-01 1.244908800215512201e+00
4.231215110597233431e-01 1.059062514942752387e+00
4.244626251991202581e-01 1.169078019865530393e+00
4.258037393385170621e-01 1.466348102473837400e+00
4.271448534779138662e-01 1.606450316756451002e+00
4.284859676173107812e-01 1.458785321030028115e+00
4.298270817567075852e-01 1.552625864471160355e+00
4.311681958961045003e-01 1.579614628387830066e+00
4.325093100355013043e-01 1.600589024263925353e+00
4.338504241748981638e-01 1.452207401213790661e+00
4.351915383142950233e-01 1.687393090759869096e+00
4.365326524536918829e-01 1.698067280888004404e+00
4.378737665930887424e-01 1.775270624060020452e+00
4.392148807324856019e-01 1.146048775790880825e+00
4.405559948718824614e-01 1.203216284810892489e+00
4.418971090112793210e-01 1.679476871362830082e+00
4.432382231506761250e-01 1.581914836463852225e+00
4.445793372900730400e-01 1.200963212117535761e+00
4.459204514294698440e-01 9.013302002056207129e-01
4.472615655688667591e-01 8.836677383326332347e-01
4.486026797082635631e-01 1.169492885766437951e+00
4.499437938476603671e-01 1.333720677086660089e+00
4.512849079870572822e-01 1.327927958618531079e+00
4.526260221264540862e-01 1.457332075376228886e+00
4.539671362658510012e-01 1.759068810377705461e+00
4.553082504052478052e-01 1.634797834810839845e+00
4.566493645446446092e-01 7.651556701827644247e-01
4.579904786840415243e-01 8.345938563967578716e-01
4.593315928234383283e-01 1.066756885393843390e+00
4.606727069628352433e-01 1.135632060775286334e+00
4.620138211022320474e-01 1.159815634543051033e+00
4.633549352416289624e-01 7.002333569745360364e-01
4.646960493810257664e-01 7.018235290003573823e-01
4.660371635204225704e-01 1.157845788432382506e+00
4.673782776598194855e-01 1.021043404753370964e+00
4.687193917992162895e-01 1.011465386411643408e+00
4.700605059386132045e-01 1.076665942920854491e+00
4.714016200780100085e-01 6.979947105385946315e-01
4.727427342174068681e-01 8.606956535388761154e-01
4.740838483568037276e-01 5.843431403617032061e-01
4.754249624962005871e-01 7.193654169637540008e-01
4.767660766355974467e-01 1.013281520759655052e+00
4.781071907749943062e-01 7.277537556187425594e-01
4.794483049143911102e-01 8.192727963751309517e-01
4.807894190537880252e-01 8.878449464475437480e-01
4.821305331931848293e-01 8.974094172708788619e-01
4.834716473325817443e-01 5.725623882399730746e-01
4.848127614719785483e-01 7.558794618347022265e-01
4.861538756113753523e-01 8.032176263493369106e-01
4.874949897507722674e-01 1.212618609002831249e+00
4.888361038901690714e-01 1.080795926201020052e+00
4.901772180295659864e-01 7.708900296971776811e-01
4.915183321689627904e-01 4.819184127620559366e-01
4.928594463083597055e-01 4.977814946528553719e-01
4.942005604477565095e-01 6.393805105179879433e-01
4.955416745871533135e-01 8.218188920138729259e-01
4.968827887265502286e-01 9.261608209844993667e-01
4.982239028659470326e-01 4.854746758359951286e-01
4.995650170053439476e-01 3.992953798153280331e-01
5.009061311447408071e-01 4.756994046555931277e-01
5.022472452841375556e-01 4.376144634542384892e-01
5.035883594235345262e-01 6.641416252023475408e-01
5.049294735629312747e-01 6.470264707059314446e-01
5.062705877023282452e-01 6.118852033553281444e-01
5.076117018417249938e-01 6.232117193896939966e-01
5.089528159811218533e-01 2.803472057458407107e-01
5.102939301205187128e-01 2.986004993273567720e-01
5.116350442599155723e-01 3.639277300122287784e-01
5.129761583993124319e-01 4.147073529128775249e-01
5.143172725387092914e-01 2.933870920184702413e-01
5.156583866781061509e-01 1.092453846912562199e-01
5.169995008175030105e-01 3.383988301014966282e-01
5.183406149568997590e-01 2.124082681714227760e-01
5.196817290962967295e-01 2.215589278046223853e-01
5.210228432356934780e-01 1.969578610550115627e-02
5.223639573750904486e-01 4.628232449712328389e-01
5.237050715144871971e-01 2.627806566598422933e-01
5.250461856538840566e-01 0.000000000000000000e+00
5.263872997932809161e-01 9.063447715262640259e-02
5.277284139326777757e-01 6.252707768200451710e-01
5.290695280720746352e-01 6.880919801534659541e-01
5.304106422114714947e-01 6.314248062830642994e-01
5.317517563508683542e-01 3.705871380103573642e-01
5.330928704902652138e-01 4.889950601991230883e-01
5.344339846296620733e-01 4.850207683932481473e-01
5.357750987690589328e-01 8.194532821408984091e-01
5.371162129084557924e-01 9.427656505506973872e-01
5.384573270478525409e-01 6.681033814885140032e-01
5.397984411872495114e-01 7.529822303437754272e-01
5.411395553266462599e-01 9.035895840230736553e-01
5.424806694660432305e-01 9.221319334854882754e-01
5.438217836054399790e-01 6.493142519126777756e-01
5.451628977448369495e-01 4.088800416722193631e-01
5.465040118842336980e-01 3.092908007886023825e-01
5.478451260236305576e-01 5.496086477009569649e-01
5.491862401630274171e-01 3.350239928375415843e-01
5.505273543024242766e-01 2.404779739707194608e-01
5.518684684418211361e-01 3.280470803292345749e-01
5.532095825812179957e-01 4.394251659346579686e-01
5.545506967206147442e-01 4.619472876625678737e-01
5.558918108600117147e-01 3.918452092638275985e-01
5.572329249994084632e-01 5.162705228184165662e-01
5.585740391388054338e-01 4.167077007200532535e-01
5.599151532782021823e-01 5.634403108467438415e-01
5.612562674175990418e-01 7.214468427999705114e-01
5.625973815569959013e-01 9.301561979694454863e-01
5.639384956963927609e-01 6.186128622288578072e-01
5.652796098357896204e-01 3.772877570968375949e-01
5.666207239751864799e-01 4.750005335131390893e-01
5.679618381145833395e-01 5.023611059386610123e-01
5.693029522539801990e-01 1.757073959819592801e-01
5.706440663933770585e-01 5.764399050036672634e-02
5.719851805327739180e-01 5.195620428431624305e-02
5.733262946721707776e-01 1.038717704953029397e-01
5.746674088115676371e-01 1.765466785111016179e-01
5.760085229509644966e-01 3.286777981767983192e-01
5.773496370903612451e-01 3.272647368537846546e-01
5.786907512297582157e-01 2.753067266748985276e-01
5.800318653691549642e-01 1.806354656252224800e-01
5.813729795085519347e-01 5.471098600151549363e-01
5.827140936479486832e-01 4.577852739720142949e-01
5.840552077873455428e-01 3.147419796765191791e-01
5.853963219267424023e-01 2.389324906548395688e-01
5.867374360661392618e-01 3.797430930800089754e-01
5.880785502055361214e-01 4.939127154466120828e-01
5.894196643449329809e-01 5.458753259449551365e-01
5.907607784843297294e-01 4.665327172795628030e-01
5.921018926237266999e-01 5.563235053525446006e-01
5.934430067631234484e-01 4.225069684183964114e-01
5.947841209025204190e-01 3.181958811009124588e-01
5.961252350419171675e-01 3.811217566795406242e-01
5.974663491813141381e-01 2.157783388825507132e-01
5.988074633207108866e-01 2.864862449606349060e-01
