# q (1/Angstrom), Intensity (arb)
2.067508526570814575e-02 7.012902684421163713e+02
2.163671713586316769e-02 7.338872177654393454e+02
2.259834900601819310e-02 7.617695844640232963e+02
2.355998087617321851e-02 7.730517639280379854e+02
2.452161274632824739e-02 7.798175361258322482e+02
2.548324461648326933e-02 7.825604902882292890e+02
2.644487648663829821e-02 7.768347574300260021e+02
2.740650835679332709e-02 7.720342644137994057e+02
2.836814022694834903e-02 7.714005432565475076e+02
2.932977209710337443e-02 7.646310112378450867e+02
3.029140396725839637e-02 7.637107593009995981e+02
3.125303583741342178e-02 7.603186340119092392e+02
3.221466770756845066e-02 7.535730195803188280e+02
3.317629957772347260e-02 7.496149255974125936e+02
3.413793144787850148e-02 7.401594962331939769e+02
3.509956331803352342e-02 7.327096043157710028e+02
3.606119518818855230e-02 7.306687640392788126e+02
3.702282705834358117e-02 7.219372974922607682e+02
3.798445892849860311e-02 7.154851840274417327e+02
3.894609079865363199e-02 7.061346972871709795e+02
3.990772266880865393e-02 6.965398199128524084e+02
4.086935453896367587e-02 6.865419192272477176e+02
4.183098640911870475e-02 6.784715414306995172e+02
4.279261827927372669e-02 6.699089126977223714e+02
4.375425014942875557e-02 6.578071662435925191e+02
4.471588201958377751e-02 6.452387352693424418e+02
4.567751388973880639e-02 6.341259086668383134e+02
4.663914575989382832e-02 6.264216786786161038e+02
4.760077763004885720e-02 6.140275723131767336e+02
4.856240950020387914e-02 6.056101390456041145e+02
4.952404137035890108e-02 5.937276829686129531e+02
5.048567324051392302e-02 5.810368853770821715e+02
5.144730511066895190e-02 5.706041336295245401e+02
5.240893698082397384e-02 5.592933478110387568e+02
5.337056885097899578e-02 5.489513599615909243e+02
5.433220072113403160e-02 5.326100404866300551e+02
5.529383259128905354e-02 5.183179082256223182e+02
5.625546446144407547e-02 5.038273700622916067e+02
5.721709633159910435e-02 4.926399698524127757e+02
5.817872820175412629e-02 4.802431550757544869e+02
5.914036007190914823e-02 4.671874665983461341e+02
6.010199194206417017e-02 4.545751317048607234e+02
6.106362381221920599e-02 4.413538797426936640e+02
6.202525568237422793e-02 4.283302972506110109e+02
6.298688755252924987e-02 4.154596950349328495e+02
6.394851942268428568e-02 4.038550144344190471e+02
6.491015129283930762e-02 3.919599198961240063e+02
6.587178316299432956e-02 3.797065897964841952e+02
6.683341503314935150e-02 3.659022005561861306e+02
6.779504690330438732e-02 3.534324133136112209e+02
6.875667877345940926e-02 3.422933342905365635e+02
6.971831064361443120e-02 3.319461470439329673e+02
7.067994251376945314e-02 3.200506256865011210e+02
7.164157438392447508e-02 3.101279352630176049e+02
7.260320625407949702e-02 2.985967575581664732e+02
7.356483812423453283e-02 2.873046956991279899e+02
7.452646999438955477e-02 2.764271958062640806e+02
7.548810186454457671e-02 2.673903217901660128e+02
7.644973373469959865e-02 2.565915266762147553e+02
7.741136560485463447e-02 2.470967498246342302e+02
7.837299747500965641e-02 2.362952111920111804e+02
7.933462934516467835e-02 2.259570321180619885e+02
8.029626121531971417e-02 2.165529723594568736e+02
8.125789308547473611e-02 2.090626638869091778e+02
8.221952495562975805e-02 2.003262348539833226e+02
8.318115682578479386e-02 1.908296630479703708e+02
8.414278869593981580e-02 1.813370243393690373e+02
8.510442056609483774e-02 1.730733761968680255e+02
8.606605243624985968e-02 1.647732990733934173e+02
8.702768430640489550e-02 1.562374584822484280e+02
8.798931617655991744e-02 1.490316806384633708e+02
8.895094804671493938e-02 1.424060168951934315e+02
8.991257991686996132e-02 1.349499772450660942e+02
9.087421178702498326e-02 1.285179590504059206e+02
9.183584365718000520e-02 1.214624059695446618e+02
9.279747552733502713e-02 1.153121489054085913e+02
9.375910739749006295e-02 1.090454146494095795e+02
9.472073926764508489e-02 1.026392062053783718e+02
9.568237113780010683e-02 9.707309603331906089e+01
9.664400300795514265e-02 9.174961991666317829e+01
9.760563487811016459e-02 8.647411837814286173e+01
9.856726674826518653e-02 8.096935597152878472e+01
9.952889861842022234e-02 7.558959031622848102e+01
1.004905304885752443e-01 7.008934020292625178e+01
1.014521623587302801e-01 6.630498131137218820e+01
1.024137942288853020e-01 6.216880445916247311e+01
1.033754260990403240e-01 5.819115364747329977e+01
1.043370579691953459e-01 5.395971235567243696e+01
1.052986898393503817e-01 5.008739626725295579e+01
1.062603217095053898e-01 4.644016304102994752e+01
1.072219535796604256e-01 4.287300535092195730e+01
1.081835854498154614e-01 3.957130021867281755e+01
1.091452173199704695e-01 3.654262453893937845e+01
1.101068491901255053e-01 3.298833493096361735e+01
1.110684810602805411e-01 3.034465634808989165e+01
1.120301129304355492e-01 2.805351883191028151e+01
1.129917448005905850e-01 2.573657058991077662e+01
1.139533766707456208e-01 2.352963201526495141e+01
1.149150085409006289e-01 2.131328939850024540e+01
1.158766404110556647e-01 1.936786711633907032e+01
1.168382722812106728e-01 1.716090063981869207e+01
1.177999041513657086e-01 1.535528876392736919e+01
1.187615360215207305e-01 1.364762027374623088e+01
1.197231678916757525e-01 1.263414475822131067e+01
1.206847997618307744e-01 1.177676278013680999e+01
1.216464316319858102e-01 1.058197440131600331e+01
1.226080635021408183e-01 9.092354202605061886e+00
1.235696953722958541e-01 8.063747274875591842e+00
1.245313272424508899e-01 6.913145169944332480e+00
1.254929591126059119e-01 5.900577209757322805e+00
1.264545909827609338e-01 5.437155569530194299e+00
1.274162228529159557e-01 4.839499132506450252e+00
1.283778547230709777e-01 4.444005561381409564e+00
1.293394865932259996e-01 3.660938195017706676e+00
1.303011184633810493e-01 2.933365461597389867e+00
1.312627503335360435e-01 2.554620104251480228e+00
1.322243822036910932e-01 2.381910919017496298e+00
1.331860140738460874e-01 2.121461650351630368e+00
1.341476459440011371e-01 1.971057360127716152e+00
1.351092778141561590e-01 1.803701962788419877e+00
1.360709096843111809e-01 1.693601299415874450e+00
1.370325415544662029e-01 1.740647454319994125e+00
1.379941734246212526e-01 1.785646781015532980e+00
1.389558052947762468e-01 1.633614312389198631e+00
1.399174371649312965e-01 1.575150249622229381e+00
1.408790690350863184e-01 1.632646208482903205e+00
1.418407009052413403e-01 1.802109634705118424e+00
1.428023327753963623e-01 1.981124246352816698e+00
1.437639646455513842e-01 2.037550450059079310e+00
1.447255965157064062e-01 2.338006208375482231e+00
1.456872283858614281e-01 2.723272125121379617e+00
1.466488602560164778e-01 2.457852750377888640e+00
1.476104921261714720e-01 2.582347040334305177e+00
1.485721239963265217e-01 3.113747276515585583e+00
1.495337558664815436e-01 3.290921133447756830e+00
1.504953877366365655e-01 3.849101397141794223e+00
1.514570196067915875e-01 3.916695760478880572e+00
1.524186514769466094e-01 4.122459301983962376e+00
1.533802833471016314e-01 4.359265875242350319e+00
1.543419152172566811e-01 4.097099931585734822e+00
1.553035470874116752e-01 4.172506767931164262e+00
1.562651789575667249e-01 4.352256501037075509e+00
1.572268108277217469e-01 5.051998587596166601e+00
1.581884426978767688e-01 5.276132772664219317e+00
1.591500745680317908e-01 5.199560642591460891e+00
1.601117064381868405e-01 5.319817561832433483e+00
1.610733383083418346e-01 5.789658375445235095e+00
1.620349701784968843e-01 6.156696416053545562e+00
1.629966020486519063e-01 6.079881385637349922e+00
1.639582339188069282e-01 5.932864648147145203e+00
1.649198657889619501e-01 6.483073768191808028e+00
1.658814976591169721e-01 6.649463812345583591e+00
1.668431295292719940e-01 6.899233517417723505e+00
1.678047613994270160e-01 6.698631016442096353e+00
1.687663932695820379e-01 6.510337472651013258e+00
1.697280251397370598e-01 6.900198580673343685e+00
1.706896570098921095e-01 6.782434204604793848e+00
1.716512888800471037e-01 6.875148879603333540e+00
1.726129207502021534e-01 7.113180971522261586e+00
1.735745526203571754e-01 7.087013172119462467e+00
1.745361844905121973e-01 6.991933011105466278e+00
1.754978163606672192e-01 6.908098033878868449e+00
1.764594482308222689e-01 6.928182643251588502e+00
1.774210801009772631e-01 6.692935131672111737e+00
1.783827119711323128e-01 6.628670103266191660e+00
1.793443438412873348e-01 6.649304986443180354e+00
1.803059757114423567e-01 6.545557256058565088e+00
1.812676075815973786e-01 6.147086337406204137e+00
1.822292394517524006e-01 6.279480839320889629e+00
1.831908713219074225e-01 6.295802637271389557e+00
1.841525031920624444e-01 5.719315966316770528e+00
1.851141350622174664e-01 6.132453515223655671e+00
1.860757669323724883e-01 5.884238775603893856e+00
1.870373988025275380e-01 5.727564118288380968e+00
1.879990306726825322e-01 5.969665317996881271e+00
1.889606625428375819e-01 5.878920395165057045e+00
1.899222944129926038e-01 5.333928786659569710e+00
1.908839262831476258e-01 5.038162661792735975e+00
1.918455581533026477e-01 4.957249888165545570e+00
1.928071900234576974e-01 4.831601998013734800e+00
1.937688218936126916e-01 4.869793401571829605e+00
1.947304537637677413e-01 4.910004154028687395e+00
1.956920856339227632e-01 4.686394466329744546e+00
1.966537175040777852e-01 4.340113246543637615e+00
1.976153493742328071e-01 4.328754253079555525e+00
1.985769812443878291e-01 3.925606071561521304e+00
1.995386131145428510e-01 3.779046933174353029e+00
2.005002449846978729e-01 4.029446596106865286e+00
2.014618768548528949e-01 3.631906201326497552e+00
2.024235087250079168e-01 3.268032428002506151e+00
2.033851405951629665e-01 3.067786631240217332e+00
2.043467724653179884e-01 3.128874667198410009e+00
2.053084043354730381e-01 3.007843710490636369e+00
2.062700362056280046e-01 2.765201943312490585e+00
2.072316680757830543e-01 2.668240125080391323e+00
2.081932999459380762e-01 2.716937971402469287e+00
2.091549318160931259e-01 2.477161772938529793e+00
2.101165636862481478e-01 2.446157782454104535e+00
2.110781955564031698e-01 1.948044922710302274e+00
2.120398274265581640e-01 1.849593328850396290e+00
2.130014592967132137e-01 1.878438985270133088e+00
2.139630911668682356e-01 1.589447715545663442e+00
2.149247230370232575e-01 1.383986208949657737e+00
2.158863549071783072e-01 1.471217880676643830e+00
2.168479867773333014e-01 1.223645808476565122e+00
2.178096186474883234e-01 1.002546905455773185e+00
2.187712505176433453e-01 1.261423124639620141e+00
2.197328823877983950e-01 1.284559488597967203e+00
2.206945142579534169e-01 1.143266164736882473e+00
2.216561461281084666e-01 6.759795239793575661e-01
2.226177779982634330e-01 9.852875224306210100e-01
2.235794098684184827e-01 9.102408592543937971e-01
2.245410417385735047e-01 6.821525784835777984e-01
2.255026736087285544e-01 7.278706765374209908e-01
2.264643054788835763e-01 6.969563883830787177e-01
2.274259373490385983e-01 6.371054558864948092e-01
2.283875692191935924e-01 7.126420929585677300e-01
2.293492010893486421e-01 7.385795873942484491e-01
2.303108329595036641e-01 7.501240147429939498e-01
2.312724648296586860e-01 6.689753909924966990e-01
2.322340966998137357e-01 6.183666259109941166e-01
2.331957285699687299e-01 5.125714105803069742e-01
2.341573604401237518e-01 4.927841443638953933e-01
2.351189923102787738e-01 5.269987559852218340e-01
2.360806241804338235e-01 8.588505881192709523e-01
2.370422560505888454e-01 8.791181129984551035e-01
2.380038879207438951e-01 5.109515403233508835e-01
2.389655197908988615e-01 4.750958291172224790e-01
2.399271516610539112e-01 3.037040610036143562e-01
2.408887835312089332e-01 3.220134427293785961e-01
2.418504154013639829e-01 7.130278027205783076e-01
2.428120472715190048e-01 4.769792609099390290e-01
2.437736791416740267e-01 5.637633056988988756e-01
2.447353110118290209e-01 7.622251313576455800e-01
2.456969428819840706e-01 7.165277637129463528e-01
2.466585747521390926e-01 8.343439935198340152e-01
2.476202066222941145e-01 9.187132348109372515e-01
2.485818384924491642e-01 7.893336902070409167e-01
2.495434703626041584e-01 9.091510489265637318e-01
2.505051022327591803e-01 1.052139244244408189e+00
2.514667341029142023e-01 1.056710219703248299e+00
2.524283659730692242e-01 8.259487823128175421e-01
2.533899978432243016e-01 9.518921792285155448e-01
2.543516297133793236e-01 1.249970039262624510e+00
2.553132615835342900e-01 1.103289979660651454e+00
2.562748934536893120e-01 1.216089966235383457e+00
2.572365253238443894e-01 1.442346353179033258e+00
2.581981571939994113e-01 1.326943781597762495e+00
2.591597890641544333e-01 1.184448274514583233e+00
2.601214209343094552e-01 1.090058681922766226e+00
2.610830528044644772e-01 9.389451899749339248e-01
2.620446846746194991e-01 1.009351636462223922e+00
2.630063165447745210e-01 1.049592832703215350e+00
2.639679484149295430e-01 1.041588047995407607e+00
2.649295802850845649e-01 9.675302837179131643e-01
2.658912121552395869e-01 1.079215835100523435e+00
2.668528440253946088e-01 1.246181582976127800e+00
2.678144758955496307e-01 1.173063910221699757e+00
2.687761077657046527e-01 1.269404510127781549e+00
2.697377396358597301e-01 1.216157326066468869e+00
2.706993715060147521e-01 1.160428377987930304e+00
2.716610033761697185e-01 1.247508473828681019e+00
2.726226352463247404e-01 1.390345352241858734e+00
2.735842671164798179e-01 1.440520641169030114e+00
2.745458989866348398e-01 1.334538937812933312e+00
2.755075308567898618e-01 1.406877154806863928e+00
2.764691627269448837e-01 1.122833708723508295e+00
2.774307945970999056e-01 1.360516246433252974e+00
2.783924264672549276e-01 1.523059413612266155e+00
2.793540583374099495e-01 1.104467037374313065e+00
2.803156902075649715e-01 1.033904073817847546e+00
2.812773220777199934e-01 1.031045051529606127e+00
2.822389539478750153e-01 9.684172019285739452e-01
2.832005858180300373e-01 1.056741995549401736e+00
2.841622176881850592e-01 1.139809035238005919e+00
2.851238495583400812e-01 1.161393607803677952e+00
2.860854814284951586e-01 1.039595753436884706e+00
2.870471132986501805e-01 1.151339011485227104e+00
2.880087451688051470e-01 1.042192571092645181e+00
2.889703770389601689e-01 1.057772430739454705e+00
2.899320089091152464e-01 1.129406870571333599e+00
2.908936407792702683e-01 9.277922501952247103e-01
2.918552726494252902e-01 1.120010918813413525e+00
2.928169045195803122e-01 1.224343091857623023e+00
2.937785363897353341e-01 1.224822298022260725e+00
2.947401682598903561e-01 9.328758229391738155e-01
2.957018001300453780e-01 9.233566637976160507e-01
2.966634320002003999e-01 8.926907566464201693e-01
2.976250638703554219e-01 7.679214254845803111e-01
2.985866957405104993e-01 7.232704430319714106e-01
2.995483276106654658e-01 9.148936327483099262e-01
3.005099594808204877e-01 1.048528193946388853e+00
3.014715913509755651e-01 9.132406110117052833e-01
3.024332232211305871e-01 8.846536301981338113e-01
3.033948550912856090e-01 8.513386867981118655e-01
3.043564869614405755e-01 8.497092994714741110e-01
3.053181188315956529e-01 6.352837654420468994e-01
3.062797507017506748e-01 7.734924778032734594e-01
3.072413825719056968e-01 7.656697898914472944e-01
3.082030144420607187e-01 7.611650119422783689e-01
3.091646463122157407e-01 6.220676206584947465e-01
3.101262781823707626e-01 6.378744191179670509e-01
3.110879100525257845e-01 4.680959379675293519e-01
3.120495419226808065e-01 5.947934824772360685e-01
3.130111737928358284e-01 5.128281409962909265e-01
3.139728056629909059e-01 5.761767450795751699e-01
3.149344375331459278e-01 3.843294129288885586e-01
3.158960694033008942e-01 4.324471753810037455e-01
3.168577012734559162e-01 4.372289174339627493e-01
3.178193331436109936e-01 2.789393079405648734e-01
3.187809650137660156e-01 2.350288760832093260e-01
3.197425968839210375e-01 4.500874029057051473e-01
3.207042287540760039e-01 4.341763481628362342e-01
3.216658606242310814e-01 4.227238880512764752e-01
3.226274924943861033e-01 4.621268379562017969e-01
3.235891243645411253e-01 4.590290629345403772e-01
3.245507562346961472e-01 4.498580337706030718e-01
3.255123881048511691e-01 4.639731054709486102e-01
3.264740199750061911e-01 6.348932097079362791e-01
3.274356518451612130e-01 5.365177346934046909e-01
3.283972837153162350e-01 5.962600187802884477e-01
3.293589155854712569e-01 6.504988183183577632e-01
3.303205474556263344e-01 5.078916288804542489e-01
3.312821793257813563e-01 4.139221887319628479e-01
3.322438111959363227e-01 3.252265729224994573e-01
3.332054430660913447e-01 4.151003890776188143e-01
3.341670749362464221e-01 4.328136150411303618e-01
3.351287068064014441e-01 6.502735569968756124e-01
3.360903386765564660e-01 6.301546849606545209e-01
3.370519705467114324e-01 4.532526572543815746e-01
3.380136024168665099e-01 4.418046631095116084e-01
3.389752342870215318e-01 4.621402878303619843e-01
3.399368661571765537e-01 6.650255308906167784e-01
3.408984980273315757e-01 6.281102727623562032e-01
3.418601298974865976e-01 5.711786978427646488e-01
3.428217617676416196e-01 6.051402611967837686e-01
3.437833936377966415e-01 4.575395666067656464e-01
3.447450255079516634e-01 3.343705281290745290e-01
3.457066573781066854e-01 3.045112170827444231e-01
3.466682892482617628e-01 4.305954330292642851e-01
3.476299211184167848e-01 5.741568814180730840e-01
3.485915529885717512e-01 5.571031748333865607e-01
3.495531848587267731e-01 4.346494684629078620e-01
3.505148167288818506e-01 4.987647358673648057e-01
3.514764485990368725e-01 5.520153113274339773e-01
3.524380804691918945e-01 6.142472902383140365e-01
3.533997123393468609e-01 5.513390680915364328e-01
3.543613442095019384e-01 5.267089041219712442e-01
3.553229760796569603e-01 7.190697897182047882e-01
3.562846079498119822e-01 6.497391521083883958e-01
3.572462398199670042e-01 7.737376252364178697e-01
3.582078716901220261e-01 6.399089703168634458e-01
3.591695035602770480e-01 5.120952215489040782e-01
3.601311354304320700e-01 4.526981759148078766e-01
3.610927673005870919e-01 4.911776858068179763e-01
3.620543991707421139e-01 6.076276185791833484e-01
3.630160310408971913e-01 6.111456623112374587e-01
3.639776629110522133e-01 5.161591329974299924e-01
3.649392947812071797e-01 7.097275487097896018e-01
3.659009266513622016e-01 8.017909526564146461e-01
3.668625585215172791e-01 6.025221101801712109e-01
3.678241903916723010e-01 6.670776007590752954e-01
3.687858222618273230e-01 6.557357291559000601e-01
3.697474541319822894e-01 5.740158377479609442e-01
3.707090860021373668e-01 4.804243231834774974e-01
3.716707178722923888e-01 6.567079568690026292e-01
3.726323497424474107e-01 5.612698316906090668e-01
3.735939816126024327e-01 5.896639148478186598e-01
3.745556134827574546e-01 5.659143429769670774e-01
3.755172453529124765e-01 6.691358692379871798e-01
3.764788772230674985e-01 5.876662441180044993e-01
3.774405090932225204e-01 5.884680131181774243e-01
3.784021409633775423e-01 6.251946402525696556e-01
3.793637728335326198e-01 6.034732765606740656e-01
3.803254047036876417e-01 5.556418041729607182e-01
3.812870365738426082e-01 4.977179093922892150e-01
3.822486684439976301e-01 5.981607772121506628e-01
3.832103003141527076e-01 6.335177831832048412e-01
3.841719321843077295e-01 3.499964837472866463e-01
3.851335640544627514e-01 5.417818782463825755e-01
3.860951959246177734e-01 6.747540700282073090e-01
3.870568277947727953e-01 7.276932855055022742e-01
3.880184596649278173e-01 5.419232012225059236e-01
3.889800915350828392e-01 6.656855144203319696e-01
3.899417234052378611e-01 5.765566594670765710e-01
3.909033552753928831e-01 6.167792194797456773e-01
3.918649871455479050e-01 6.119355172155458433e-01
3.928266190157029270e-01 6.792489206313838679e-01
3.937882508858579489e-01 6.635339841689606999e-01
3.947498827560129708e-01 5.192762684159397679e-01
3.957115146261680483e-01 4.099138391485332988e-01
3.966731464963230702e-01 3.696201688096820703e-01
3.976347783664780366e-01 4.037639992869124228e-01
3.985964102366330586e-01 5.835444360998103264e-01
3.995580421067881360e-01 5.409635022103813640e-01
4.005196739769430470e-01 4.820339066534131689e-01
4.014813058470981244e-01 4.813962870031147645e-01
4.024429377172531463e-01 3.511219032215180391e-01
4.034045695874082238e-01 5.016996676674878586e-01
4.043662014575631902e-01 5.504718450810059949e-01
4.053278333277181567e-01 4.526643368580742788e-01
4.062894651978732341e-01 2.954962998370405103e-01
4.072510970680282560e-01 2.783062163850118509e-01
4.082127289381833335e-01 2.232330705772582746e-01
4.091743608083382999e-01 4.159041918978374497e-01
4.101359926784933774e-01 4.018384823981406839e-01
4.110976245486483993e-01 2.961491229262875891e-01
4.120592564188033657e-01 3.490657408028319253e-01
4.130208882889584432e-01 4.312032972905441852e-01
4.139825201591134096e-01 5.146325342638604639e-01
4.149441520292684871e-01 4.027942406565827582e-01
4.159057838994235090e-01 0.000000000000000000e+00
4.168674157695784754e-01 1.894565075646283958e-01
4.178290476397335529e-01 2.340999466831981124e-01
4.187906795098885748e-01 2.135145222440897328e-01
4.197523113800436523e-01 3.045954844285923002e-01
4.207139432501986187e-01 4.241929814908793617e-01
4.216755751203536962e-01 5.144951338633951821e-01
4.226372069905086626e-01 4.241674679595242026e-01
4.235988388606636845e-01 5.430598553058949562e-01
4.245604707308187620e-01 6.569833697051095101e-01
4.255221026009737284e-01 6.087706557148742093e-01
4.264837344711288059e-01 5.703107564943934449e-01
4.274453663412838278e-01 5.430496706753089597e-01
4.284069982114387942e-01 4.465292486233067848e-01
4.293686300815938717e-01 3.876981116776718750e-01
4.303302619517488381e-01 4.506334633818305235e-01
4.312918938219039156e-01 4.504040115682350631e-01
4.322535256920589375e-01 4.482148171669635417e-01
4.332151575622139039e-01 3.657290227224798684e-01
4.341767894323689814e-01 2.427722513840286922e-01
4.351384213025240033e-01 2.888394478484066497e-01
4.361000531726790808e-01 5.137766269467576308e-01
4.370616850428340472e-01 4.734647360311718955e-01
4.380233169129891246e-01 5.635485719634303337e-01
4.389849487831440911e-01 5.099529193421581397e-01
4.399465806532991130e-01 5.080388993094189232e-01
4.409082125234541905e-01 5.939383401386315597e-01
4.418698443936091569e-01 5.475743765562732790e-01
4.428314762637642343e-01 5.960296738795811677e-01
4.437931081339192563e-01 5.609845147874281679e-01
4.447547400040742227e-01 6.086415128705091604e-01
4.457163718742293002e-01 6.689094393992185417e-01
4.466780037443842666e-01 5.898017631560819041e-01
4.476396356145393440e-01 4.693785653527520196e-01
4.486012674846943660e-01 4.415309755944427650e-01
4.495628993548493324e-01 3.812307363346647548e-01
4.505245312250044099e-01 4.131841921087158198e-01
4.514861630951594318e-01 4.311723686459671967e-01
4.524477949653145092e-01 3.108285622762316791e-01
4.534094268354694757e-01 3.726729957803982529e-01
4.543710587056245531e-01 4.955932850626183495e-01
4.553326905757795195e-01 5.605405660035494009e-01
4.562943224459345415e-01 5.069768218957158012e-01
4.572559543160896189e-01 6.054644255685879273e-01
4.582175861862445854e-01 6.907547789644716829e-01
4.591792180563996628e-01 7.017262073503545139e-01
4.601408499265546848e-01 5.744051340991340737e-01
4.611024817967096512e-01 5.329558068080579858e-01
4.620641136668647286e-01 5.134104244098871561e-01
4.630257455370196951e-01 4.292983237811931474e-01
4.639873774071747725e-01 5.715840417931730144e-01
4.649490092773297945e-01 5.441091034144527327e-01
4.659106411474847609e-01 5.077171587274662556e-01
4.668722730176398383e-01 3.796357410635451402e-01
4.678339048877948603e-01 5.116676549315783973e-01
4.687955367579499377e-01 5.492305969982993474e-01
4.697571686281049042e-01 5.052075670247475614e-01
4.707188004982599816e-01 4.821962094828009526e-01
4.716804323684149480e-01 4.930430072491205351e-01
4.726420642385699700e-01 5.164592196849930872e-01
4.736036961087250474e-01 4.643449355217263985e-01
4.745653279788800138e-01 3.779652611653112615e-01
4.755269598490350913e-01 3.949047268295871049e-01
4.764885917191901132e-01 5.306296628791287162e-01
4.774502235893450797e-01 5.734885845586070729e-01
4.784118554595001571e-01 3.515600459970293912e-01
4.793734873296551235e-01 4.907676887506973173e-01
4.803351191998102010e-01 5.874640676136095863e-01
4.812967510699652229e-01 5.762728603557221163e-01
4.822583829401201894e-01 4.985531584735412025e-01
4.832200148102752668e-01 5.530189346877349976e-01
4.841816466804302888e-01 4.992007112865728402e-01
4.851432785505853662e-01 4.591379847142498249e-01
4.861049104207403326e-01 4.910660103831645529e-01
4.870665422908954101e-01 4.826819155209811640e-01
4.880281741610503765e-01 5.091400255541138620e-01
4.889898060312053985e-01 5.339231281159904086e-01
4.899514379013604759e-01 6.276144774211296351e-01
4.909130697715154423e-01 6.521699490585000092e-01
4.918747016416705198e-01 6.791377426369500370e-01
4.928363335118255417e-01 4.810325718921326654e-01
4.937979653819805081e-01 3.862351079559864786e-01
4.947595972521355856e-01 5.140370403140828159e-01
4.957212291222905520e-01 5.017549982784430540e-01
4.966828609924456295e-01 5.327349264368059778e-01
4.976444928626006514e-01 5.965693147159498722e-01
4.986061247327556178e-01 4.531527923774589794e-01
4.995677566029106953e-01 3.448385483245708372e-01
5.005293884730657172e-01 4.816187092796546665e-01
5.014910203432207947e-01 5.262852611223394206e-01
5.024526522133757611e-01 5.217660253640090673e-01
5.034142840835308386e-01 5.924043474792206609e-01
5.043759159536858050e-01 4.197953740746740436e-01
5.053375478238407714e-01 4.382862788821100253e-01
5.062991796939958489e-01 4.715506674103195905e-01
5.072608115641509263e-01 4.879722802165105122e-01
5.082224434343060038e-01 4.288601508070755131e-01
5.091840753044609702e-01 4.145899666400438832e-01
5.101457071746159366e-01 4.947381004689646034e-01
5.111073390447710141e-01 4.319441700235202575e-01
5.120689709149259805e-01 4.580727273737217331e-01
5.130306027850810580e-01 4.228069567760144309e-01
5.139922346552360244e-01 4.867877474059234544e-01
5.149538665253911018e-01 4.650771635685657657e-01
5.159154983955461793e-01 4.078472273148925353e-01
5.168771302657011457e-01 3.938147212649560913e-01
5.178387621358562232e-01 4.204574083973255938e-01
5.188003940060111896e-01 6.590356110071624585e-01
5.197620258761662670e-01 5.030638258208632863e-01
5.207236577463212335e-01 3.510092753077600491e-01
5.216852896164761999e-01 4.435693948010452914e-01
5.226469214866312774e-01 4.910015467588237925e-01
5.236085533567863548e-01 3.511691506345577807e-01
5.245701852269414323e-01 4.046885857327957581e-01
5.255318170970963987e-01 5.279467060822788937e-01
5.264934489672513651e-01 4.146661310501684738e-01
5.274550808374064426e-01 4.952852576072999113e-01
5.284167127075614090e-01 5.677353064629215851e-01
5.293783445777164864e-01 4.054546722135512482e-01
5.303399764478714529e-01 3.016247243486951390e-01
5.313016083180265303e-01 4.146255400395055801e-01
5.322632401881816078e-01 3.806073353949308569e-01
5.332248720583365742e-01 4.677458548081183665e-01
5.341865039284916516e-01 4.161027026512051918e-01
5.351481357986466181e-01 4.338724969093945560e-01
5.361097676688016955e-01 3.966706354754698793e-01
5.370713995389566620e-01 3.617011253213924249e-01
5.380330314091116284e-01 3.541762357155668894e-01
5.389946632792667058e-01 4.722851532555800702e-01
5.399562951494217833e-01 4.958627267109818604e-01
5.409179270195768607e-01 4.484783307615778369e-01
5.418795588897318272e-01 5.229175265090972857e-01
5.428411907598867936e-01 4.786123776788642203e-01
5.438028226300418710e-01 3.931486642498889239e-01
5.447644545001968375e-01 4.343880364074657052e-01
5.457260863703519149e-01 4.770805298724596355e-01
5.466877182405068814e-01 5.845303102198080580e-01
5.476493501106619588e-01 6.524480303624109467e-01
5.486109819808170363e-01 4.375967564035576629e-01
5.495726138509720027e-01 4.272719777871678559e-01
5.505342457211270801e-01 4.482376024543661686e-01
5.514958775912820466e-01 5.504884030428556230e-01
5.524575094614371240e-01 5.527159835173769409e-01
5.534191413315920904e-01 5.788369363143068824e-01
5.543807732017470569e-01 5.683063157957235489e-01
5.553424050719021343e-01 5.121279819478239403e-01
5.563040369420572118e-01 3.820598324590243067e-01
5.572656688122122892e-01 4.704356188102458702e-01
5.582273006823672556e-01 4.436504188604040166e-01
5.591889325525222221e-01 3.728204598863840147e-01
5.601505644226772995e-01 3.542719931070514860e-01
5.611121962928322660e-01 2.653426662669033931e-01
5.620738281629873434e-01 4.080124514302347905e-01
5.630354600331423098e-01 5.498477345971366503e-01
5.639970919032973873e-01 5.510917036394893387e-01
5.649587237734524647e-01 6.752340188092311735e-01
5.659203556436074312e-01 6.116500629287315860e-01
5.668819875137625086e-01 5.145859059966682025e-01
5.678436193839174750e-01 3.795960242785731964e-01
5.688052512540725525e-01 5.356293228766730863e-01
5.697668831242275189e-01 4.460480908975696934e-01
5.707285149943824853e-01 5.391215308952439500e-01
5.716901468645375628e-01 5.813121943529182545e-01
5.726517787346926402e-01 4.225956673572355271e-01
5.736134106048477177e-01 4.887019691716218972e-01
5.745750424750026841e-01 3.544912264999666718e-01
5.755366743451576506e-01 4.672863316135398293e-01
5.764983062153127280e-01 5.005904697211711607e-01
5.774599380854676944e-01 3.416666458389450156e-01
5.784215699556227719e-01 3.548912593118167536e-01
5.793832018257777383e-01 3.849599176505265063e-01
5.803448336959328158e-01 3.208193140538533328e-01
5.813064655660878932e-01 3.454236777850567819e-01
5.822680974362428596e-01 3.639304548902693170e-01
5.832297293063979371e-01 2.905985505544848024e-01
5.841913611765529035e-01 3.462669142567911251e-01
5.851529930467079810e-01 2.805281885266985853e-01
5.861146249168629474e-01 2.204587677691627334e-01
5.870762567870179138e-01 2.138785329480086261e-01
5.880378886571729913e-01 2.200553067411163966e-01
5.889995205273280687e-01 2.810523694860194155e-01
5.899611523974831462e-01 4.572905217608607131e-01
5.909227842676381126e-01 4.222161222903402233e-01
5.918844161377930790e-01 2.073608839257374825e-01
5.928460480079481565e-01 2.253351712891600300e-01
5.938076798781031229e-01 3.581267904317755324e-01
5.947693117482582004e-01 3.819737172358514954e-01
5.957309436184131668e-01 3.836436314757207811e-01
5.966925754885682442e-01 3.210659694026638533e-01
5.976542073587233217e-01 4.371577350805075923e-01
5.986158392288782881e-01 4.692963188525673957e-01
5.995774710990333656e-01 5.375701321809351896e-01
