# q (1/Angstrom), Intensity (arb)
2.078726924066784734e-02 0.000000000000000000e+00
2.212838338006469993e-02 2.949425786192591659e+00
2.346949751946154905e-02 7.860616293434105728e+00
2.481061165885840164e-02 1.241012172118922763e+01
2.615172579825525423e-02 8.544515211522650588e+00
2.749283993765210335e-02 6.720689819798792541e+00
2.883395407704895941e-02 5.539862060621402406e+00
3.017506821644580506e-02 5.093312471310866840e+00
3.151618235584265765e-02 3.825819807832687047e+00
3.285729649523951718e-02 5.397807111075962894e+00
3.419841063463636283e-02 5.890755314174711543e+00
3.553952477403321542e-02 6.162401920674341227e+00
3.688063891343006800e-02 5.121190608049062121e+00
3.822175305282692059e-02 3.855704749348063842e+00
3.956286719222376624e-02 3.972665031051690221e+00
4.090398133162062577e-02 4.417819627344165667e+00
4.224509547101747142e-02 4.518422450036396754e+00
4.358620961041432401e-02 4.595254762864293241e+00
4.492732374981117660e-02 4.567635457368439234e+00
4.626843788920802919e-02 5.050717116385982308e+00
4.760955202860488178e-02 5.831437466230532607e+00
4.895066616800172743e-02 5.292234733269076230e+00
5.029178030739858696e-02 6.045813011045673591e+00
5.163289444679544649e-02 5.914423453506294948e+00
5.297400858619229214e-02 4.905347794460070077e+00
5.431512272558913779e-02 5.526219308817331921e+00
5.565623686498599731e-02 5.369566281289444021e+00
5.699735100438284990e-02 5.537841181412282765e+00
5.833846514377969555e-02 5.406116771132303711e+00
5.967957928317654814e-02 4.522792443177166888e+00
6.102069342257340767e-02 4.809985572768525230e+00
6.236180756197025332e-02 5.053015260473770809e+00
6.370292170136709897e-02 4.374144724249916294e+00
6.504403584076395850e-02 4.638779717040854678e+00
6.638514998016080415e-02 5.021216661827644145e+00
6.772626411955766368e-02 4.450542022110340667e+00
6.906737825895450933e-02 3.483554040554587061e+00
7.040849239835136886e-02 3.917184506108981168e+00
7.174960653774821451e-02 4.029598002238991228e+00
7.309072067714506016e-02 3.861410074927746905e+00
7.443183481654190581e-02 4.252283570226303766e+00
7.577294895593877921e-02 3.917057902614018872e+00
7.711406309533562486e-02 5.370547639349176450e+00
7.845517723473247051e-02 4.592056623078597966e+00
7.979629137412933004e-02 3.835554148301760335e+00
8.113740551352617569e-02 3.598280674529966916e+00
8.247851965292302134e-02 5.060414907816600305e+00
8.381963379231988087e-02 5.132821825108457858e+00
8.516074793171674040e-02 4.697486080491849236e+00
8.650186207111358605e-02 4.321867124652115422e+00
8.784297621051043170e-02 4.928007345450666321e+00
8.918409034990729123e-02 4.216515903676153698e+00
9.052520448930413688e-02 3.913842623776943697e+00
9.186631862870098253e-02 4.191233271904877711e+00
9.320743276809784206e-02 4.128310078546142847e+00
9.454854690749470159e-02 4.405585106826883646e+00
9.588966104689154724e-02 4.866019558456571303e+00
9.723077518628839289e-02 4.781237667847911155e+00
9.857188932568525241e-02 4.764590283477915023e+00
9.991300346508209806e-02 4.451415163219905935e+00
1.012541176044789437e-01 4.013103609539257377e+00
1.025952317438758032e-01 4.828240926425237944e+00
1.039363458832726350e-01 5.315721353990525699e+00
1.052774600226694945e-01 4.856327365910381388e+00
1.066185741620663541e-01 4.177754191576219966e+00
1.079596883014631858e-01 4.301812706748123105e+00
1.093008024408600454e-01 4.148106867405047637e+00
1.106419165802569049e-01 4.816536714349631154e+00
1.119830307196537506e-01 4.759687679142572847e+00
1.133241448590506101e-01 4.009976522924041831e+00
1.146652589984474419e-01 3.781192814941775282e+00
1.160063731378443014e-01 4.125549652730207129e+00
1.173474872772411609e-01 4.793307333249366309e+00
1.186886014166380066e-01 4.190675850678410086e+00
1.200297155560348661e-01 4.285846336256163625e+00
1.213708296954317256e-01 4.195050516440218757e+00
1.227119438348285574e-01 4.354553442573148914e+00
1.240530579742254169e-01 4.438138000903677494e+00
1.253941721136222764e-01 4.051137210039868819e+00
1.267352862530191082e-01 4.053971473046061647e+00
1.280764003924159677e-01 4.560301254994413966e+00
1.294175145318128273e-01 4.408232274158784492e+00
1.307586286712096590e-01 4.102823239713060843e+00
1.320997428106065186e-01 3.952193862563959215e+00
1.334408569500033781e-01 4.234106554754795582e+00
1.347819710894002376e-01 4.003170818669637754e+00
1.361230852287970972e-01 4.317779817821488564e+00
1.374641993681939289e-01 3.955789486195406823e+00
1.388053135075907885e-01 4.144381225558852577e+00
1.401464276469876480e-01 4.412646267632176489e+00
1.414875417863844798e-01 4.597515267267709760e+00
1.428286559257813393e-01 4.404849612809364601e+00
1.441697700651781988e-01 4.530491135828434324e+00
1.455108842045750306e-01 4.317354089885988344e+00
1.468519983439718901e-01 3.935751172758038763e+00
1.481931124833687219e-01 4.038146456793711536e+00
1.495342266227655814e-01 4.146654937114973904e+00
1.508753407621624687e-01 3.649001054547007072e+00
1.522164549015593005e-01 3.998959515448419211e+00
1.535575690409561600e-01 3.847322143176718612e+00
1.548986831803530195e-01 4.333622046973957254e+00
1.562397973197498513e-01 4.267451186221506987e+00
1.575809114591467108e-01 4.075690087540507989e+00
1.589220255985435704e-01 4.022919235807471239e+00
1.602631397379404021e-01 4.150475428424329039e+00
1.616042538773372617e-01 4.066209551443826342e+00
1.629453680167341212e-01 3.882752361111577954e+00
1.642864821561309530e-01 3.872476178023198656e+00
1.656275962955278125e-01 3.994273441734790708e+00
1.669687104349246720e-01 4.154576004031696357e+00
1.683098245743215315e-01 4.265520869504925372e+00
1.696509387137183911e-01 3.786396262268404200e+00
1.709920528531152228e-01 4.218962425796121352e+00
1.723331669925120824e-01 4.329698183113265486e+00
1.736742811319089419e-01 3.670568519929716444e+00
1.750153952713057737e-01 3.626366895541188740e+00
1.763565094107026332e-01 3.522495190754383998e+00
1.776976235500994927e-01 3.459006642715841906e+00
1.790387376894963245e-01 4.077257030881291655e+00
1.803798518288931840e-01 4.252401240638370439e+00
1.817209659682900158e-01 3.590490152017139280e+00
1.830620801076868753e-01 4.080667872468644930e+00
1.844031942470837349e-01 4.300646219701064865e+00
1.857443083864805944e-01 4.100316314836639719e+00
1.870854225258774539e-01 4.174175288152440544e+00
1.884265366652743134e-01 4.133947463644609854e+00
1.897676508046711452e-01 3.843449845248692043e+00
1.911087649440680047e-01 4.414298495359567198e+00
1.924498790834648643e-01 4.362549659854167317e+00
1.937909932228616960e-01 3.917933623758962369e+00
1.951321073622585556e-01 3.881986672424254436e+00
1.964732215016554151e-01 4.529968538071891260e+00
1.978143356410522469e-01 4.176298836807141868e+00
1.991554497804491064e-01 3.529550285271945143e+00
2.004965639198459382e-01 3.486462719647143160e+00
2.018376780592427977e-01 3.669535391585000639e+00
2.031787921986396572e-01 3.658549685571415466e+00
2.045199063380365168e-01 3.792615209413938260e+00
2.058610204774333763e-01 4.002422052570153710e+00
2.072021346168302081e-01 4.383679613641312756e+00
2.085432487562270676e-01 4.254533688148221415e+00
2.098843628956239271e-01 4.232062879067676420e+00
2.112254770350207866e-01 3.834942972763712987e+00
2.125665911744176462e-01 3.481914159424597699e+00
2.139077053138144502e-01 3.538484397776549883e+00
2.152488194532113097e-01 3.583523042174967088e+00
2.165899335926081692e-01 3.733579263928241687e+00
2.179310477320050288e-01 3.488823800991703195e+00
2.192721618714018883e-01 3.908191224837310074e+00
2.206132760107987478e-01 4.054957372357222312e+00
2.219543901501955796e-01 3.547844405824370995e+00
2.232955042895924391e-01 3.280120471271793292e+00
2.246366184289892987e-01 2.933330024757623278e+00
2.259777325683861582e-01 3.475189233457676607e+00
2.273188467077830177e-01 3.727168993403857655e+00
2.286599608471798217e-01 3.708358802345060212e+00
2.300010749865766813e-01 3.550048071721001008e+00
2.313421891259735408e-01 3.505053625451992616e+00
2.326833032653704003e-01 3.500250754441957213e+00
2.340244174047672598e-01 3.766541375923992518e+00
2.353655315441641194e-01 4.070719659390221068e+00
2.367066456835609234e-01 3.667386332869725152e+00
2.380477598229577829e-01 3.417078776469665513e+00
2.393888739623546424e-01 3.376175176925904964e+00
2.407299881017515020e-01 3.562777017183222483e+00
2.420711022411483615e-01 3.448880653183806544e+00
2.434122163805451933e-01 3.745820874449080407e+00
2.447533305199420528e-01 3.879170767225119221e+00
2.460944446593389123e-01 3.300704779490459373e+00
2.474355587987357719e-01 3.602510356419323045e+00
2.487766729381326314e-01 3.491263915223790093e+00
2.501177870775294632e-01 3.473486015083885547e+00
2.514589012169263227e-01 3.375648346947123457e+00
2.528000153563231822e-01 3.493676978959278756e+00
2.541411294957200417e-01 3.634678753883775926e+00
2.554822436351169013e-01 3.406640483595957392e+00
2.568233577745137608e-01 3.753306545817451934e+00
2.581644719139106203e-01 3.473485290988037377e+00
2.595055860533074243e-01 3.395053193793287960e+00
2.608467001927042839e-01 3.600497504058189691e+00
2.621878143321011434e-01 3.553518389002270794e+00
2.635289284714980029e-01 3.465321099247255177e+00
2.648700426108948625e-01 3.525974500914969667e+00
2.662111567502916665e-01 3.079675502759236849e+00
2.675522708896885260e-01 3.409700024132625629e+00
2.688933850290853855e-01 3.128993270616227562e+00
2.702344991684822451e-01 3.054512587447234750e+00
2.715756133078791046e-01 3.227449936448664403e+00
2.729167274472759641e-01 3.309251276517791496e+00
2.742578415866727681e-01 3.167627855612209942e+00
2.755989557260696277e-01 2.770024585401564821e+00
2.769400698654664872e-01 3.120183049023815158e+00
2.782811840048633467e-01 3.403699492594256526e+00
2.796222981442602062e-01 3.375387791665218629e+00
2.809634122836570103e-01 3.090923806789533046e+00
2.823045264230538698e-01 2.878679457881688109e+00
2.836456405624507293e-01 2.844362492625322147e+00
2.849867547018475888e-01 3.120490193897779818e+00
2.863278688412444484e-01 3.164013836671777824e+00
2.876689829806413079e-01 3.118993414974362111e+00
2.890100971200381674e-01 2.941315512048149117e+00
2.903512112594350270e-01 3.174220630707395685e+00
2.916923253988318865e-01 3.158741688377077139e+00
2.930334395382287460e-01 3.229349650831224494e+00
2.943745536776256055e-01 3.334090648966046899e+00
2.957156678170224096e-01 2.843598731909402488e+00
2.970567819564192691e-01 3.043740129867451571e+00
2.983978960958161286e-01 3.090351626760195813e+00
2.997390102352129881e-01 3.248322346583286446e+00
3.010801243746098477e-01 3.101638261920932393e+00
3.024212385140067072e-01 2.910200600724422770e+00
3.037623526534035112e-01 2.718601237718573316e+00
3.051034667928003707e-01 3.072337231795337686e+00
3.064445809321972303e-01 3.224787044933584923e+00
3.077856950715940898e-01 2.680414876836415772e+00
3.091268092109909493e-01 2.570650492385375685e+00
3.104679233503877533e-01 2.819618520043484011e+00
3.118090374897846129e-01 3.029991563015947520e+00
3.131501516291814724e-01 3.047405259133128652e+00
3.144912657685783319e-01 2.941727525886690842e+00
3.158323799079751915e-01 3.004185289653015900e+00
3.171734940473720510e-01 2.490979604508915202e+00
3.185146081867689105e-01 2.511322153252947942e+00
3.198557223261657700e-01 2.723591322214701904e+00
3.211968364655626296e-01 3.100574061075981547e+00
3.225379506049594891e-01 2.870074699716177236e+00
3.238790647443563486e-01 2.943847808913098163e+00
3.252201788837532082e-01 2.910334263902463192e+00
3.265612930231500122e-01 2.949104478924695627e+00
3.279024071625468717e-01 2.871316572100148790e+00
3.292435213019437312e-01 2.917262711540146825e+00
3.305846354413405908e-01 3.037103856817260805e+00
3.319257495807374503e-01 3.097951759776208291e+00
3.332668637201342543e-01 2.981948725211708506e+00
3.346079778595311138e-01 2.802771642303859778e+00
3.359490919989279734e-01 2.980177608954441837e+00
3.372902061383248329e-01 3.117772254695040601e+00
3.386313202777216924e-01 2.657319204077758457e+00
3.399724344171185519e-01 2.804767339429076856e+00
3.413135485565153560e-01 2.755367672142618574e+00
3.426546626959122155e-01 2.528961758869179732e+00
3.439957768353090750e-01 2.708843315842393906e+00
3.453368909747059345e-01 2.672002465434701435e+00
3.466780051141027941e-01 2.674348000231788092e+00
3.480191192534995981e-01 2.605187642096055356e+00
3.493602333928964576e-01 2.604421845049145645e+00
3.507013475322933171e-01 2.666002029476956636e+00
3.520424616716901767e-01 2.796381431388930139e+00
3.533835758110870362e-01 2.672443753044234427e+00
3.547246899504838957e-01 2.779823286363217960e+00
3.560658040898807553e-01 2.714342298063570524e+00
3.574069182292776148e-01 2.602543299210040573e+00
3.587480323686744743e-01 2.695843841436520449e+00
3.600891465080713338e-01 2.966454030924452923e+00
3.614302606474681934e-01 2.826467102396719611e+00
3.627713747868649974e-01 2.836070109846502874e+00
3.641124889262618569e-01 3.001459843314755460e+00
3.654536030656587164e-01 2.829760298359467185e+00
3.667947172050555760e-01 2.789556221884566867e+00
3.681358313444524355e-01 2.891329181655500236e+00
3.694769454838492950e-01 2.731142572050103468e+00
3.708180596232460990e-01 2.705482735874618072e+00
3.721591737626429586e-01 2.668126614922691431e+00
3.735002879020398181e-01 2.780272261822254620e+00
3.748414020414366776e-01 2.789994026229244639e+00
3.761825161808335372e-01 2.653472047361987052e+00
3.775236303202303967e-01 2.620165223755968498e+00
3.788647444596272007e-01 2.865893502217303990e+00
3.802058585990240602e-01 2.775059116502568202e+00
3.815469727384209198e-01 2.637044726105891357e+00
3.828880868778177793e-01 2.641258342253728131e+00
3.842292010172146388e-01 2.481428732915873070e+00
3.855703151566114428e-01 2.658315264600879857e+00
3.869114292960083024e-01 2.747896257121873020e+00
3.882525434354051619e-01 2.382088616867342523e+00
3.895936575748020214e-01 2.237308585851813802e+00
3.909347717141988809e-01 2.795792153417572479e+00
3.922758858535957405e-01 2.489730691634200355e+00
3.936169999929926000e-01 2.352896774937306645e+00
3.949581141323894595e-01 2.434514148595361860e+00
3.962992282717863191e-01 2.442863271666432468e+00
3.976403424111831786e-01 2.379183145485640694e+00
3.989814565505800381e-01 2.383748387819061065e+00
4.003225706899768976e-01 2.520900003722822191e+00
4.016636848293737572e-01 2.506281692830143015e+00
4.030047989687706167e-01 2.309129372951765902e+00
4.043459131081674207e-01 2.204772811028441026e+00
4.056870272475643358e-01 2.411707704591307788e+00
4.070281413869611398e-01 2.515432544655631375e+00
4.083692555263580548e-01 2.412670719730066082e+00
4.097103696657548588e-01 2.180778379843793857e+00
4.110514838051517739e-01 2.047206353650750543e+00
4.123925979445485779e-01 2.283265113749038733e+00
4.137337120839453819e-01 2.410189602595501412e+00
4.150748262233422969e-01 2.328195957927903237e+00
4.164159403627391010e-01 2.457533093856881123e+00
4.177570545021360160e-01 2.295519952570344913e+00
4.190981686415328200e-01 2.314682406339194642e+00
4.204392827809296240e-01 2.283423328549901044e+00
4.217803969203265391e-01 2.322865521999396776e+00
4.231215110597233431e-01 2.220409645510514451e+00
4.244626251991202581e-01 2.361370636929827072e+00
4.258037393385170621e-01 2.096043058629078359e+00
4.271448534779138662e-01 2.429506910836650491e+00
4.284859676173107812e-01 2.480140198420599518e+00
4.298270817567075852e-01 2.488377902166568845e+00
4.311681958961045003e-01 2.409036009792146160e+00
4.325093100355013043e-01 2.444973104037011069e+00
4.338504241748981638e-01 2.523598350192628459e+00
4.351915383142950233e-01 2.424907028978466883e+00
4.365326524536918829e-01 2.548869435568732911e+00
4.378737665930887424e-01 2.526148048737070440e+00
4.392148807324856019e-01 2.458494676784219735e+00
4.405559948718824614e-01 2.568887141856663447e+00
4.418971090112793210e-01 2.436554820200065308e+00
4.432382231506761250e-01 2.568490080709338486e+00
4.445793372900730400e-01 2.667172186494568109e+00
4.459204514294698440e-01 2.505814854241783962e+00
4.472615655688667591e-01 2.500603153466933293e+00
4.486026797082635631e-01 2.272722058141717127e+00
4.499437938476603671e-01 2.334267390379793028e+00
4.512849079870572822e-01 2.373296068654909163e+00
4.526260221264540862e-01 2.431933949961745611e+00
4.539671362658510012e-01 2.314261003689701113e+00
4.553082504052478052e-01 2.451184986110995112e+00
4.566493645446446092e-01 2.430480976426650841e+00
4.579904786840415243e-01 2.502963209917865584e+00
4.593315928234383283e-01 2.179879093475094010e+00
4.606727069628352433e-01 2.230982387769508080e+00
4.620138211022320474e-01 2.207781982902311313e+00
4.633549352416289624e-01 2.298687118183821099e+00
4.646960493810257664e-01 2.329230594912942820e+00
4.660371635204225704e-01 2.286309486037595207e+00
4.673782776598194855e-01 2.515401757562990781e+00
4.687193917992162895e-01 2.355544157872699884e+00
4.700605059386132045e-01 2.272249954091407176e+00
4.714016200780100085e-01 2.441885490026116656e+00
4.727427342174068681e-01 2.611531858813727069e+00
4.740838483568037276e-01 2.306727977629172699e+00
4.754249624962005871e-01 2.291283544409623119e+00
4.767660766355974467e-01 2.272490534056281319e+00
4.781071907749943062e-01 2.401811081085078570e+00
4.794483049143911102e-01 2.377065478968042100e+00
4.807894190537880252e-01 2.348554858521033850e+00
4.821305331931848293e-01 2.376467971516483146e+00
4.834716473325817443e-01 2.569708894322857873e+00
4.848127614719785483e-01 2.359853495800237511e+00
4.861538756113753523e-01 2.251186096625104938e+00
4.874949897507722674e-01 2.239240571918095668e+00
4.888361038901690714e-01 2.257639698319785282e+00
4.901772180295659864e-01 2.448453912978365565e+00
4.915183321689627904e-01 2.501462837377545156e+00
4.928594463083597055e-01 2.421143460542381831e+00
4.942005604477565095e-01 2.492791851684046378e+00
4.955416745871533135e-01 2.359480025622133326e+00
4.968827887265502286e-01 2.307731475437130086e+00
4.982239028659470326e-01 2.120364725637735148e+00
4.995650170053439476e-01 1.951511971854110072e+00
5.009061311447408071e-01 2.243454354928282157e+00
5.022472452841375556e-01 2.230316557394786514e+00
5.035883594235345262e-01 2.087915053270826604e+00
5.049294735629312747e-01 2.383921717500513182e+00
5.062705877023282452e-01 2.351042618830256004e+00
5.076117018417249938e-01 2.200967294658205731e+00
5.089528159811218533e-01 1.951484156576341888e+00
5.102939301205187128e-01 2.298612680609252834e+00
5.116350442599155723e-01 2.327836756672120089e+00
5.129761583993124319e-01 2.247219410683726437e+00
5.143172725387092914e-01 2.195384442212663600e+00
5.156583866781061509e-01 2.175419153677175643e+00
5.169995008175030105e-01 2.265973796702411391e+00
5.183406149568997590e-01 2.584499893129773795e+00
5.196817290962967295e-01 2.365275371431764029e+00
5.210228432356934780e-01 2.094675789982304082e+00
5.223639573750904486e-01 2.296616572866973627e+00
5.237050715144871971e-01 2.309460287129461165e+00
5.250461856538840566e-01 2.352160631014314163e+00
5.263872997932809161e-01 2.325935859278658313e+00
5.277284139326777757e-01 2.230751222597575634e+00
5.290695280720746352e-01 2.405702779144206716e+00
5.304106422114714947e-01 2.227335113662121557e+00
5.317517563508683542e-01 2.078917129957794430e+00
5.330928704902652138e-01 2.273223344957415293e+00
5.344339846296620733e-01 2.161171817716557086e+00
5.357750987690589328e-01 2.095474842050442987e+00
5.371162129084557924e-01 2.191501519568291201e+00
5.384573270478525409e-01 2.334679709861070762e+00
5.397984411872495114e-01 2.267697767479134541e+00
5.411395553266462599e-01 2.138747932368460170e+00
5.424806694660432305e-01 2.052754735638963268e+00
5.438217836054399790e-01 2.160316683384372993e+00
5.451628977448369495e-01 2.206908646714673239e+00
5.465040118842336980e-01 2.122318361507183226e+00
5.478451260236305576e-01 2.340927388904418649e+00
5.491862401630274171e-01 2.462184430298265170e+00
5.505273543024242766e-01 2.337562122753034544e+00
5.518684684418211361e-01 2.050567642149793812e+00
5.532095825812179957e-01 2.164116910544422012e+00
5.545506967206147442e-01 2.075004627395593104e+00
5.558918108600117147e-01 1.988476537576126191e+00
5.572329249994084632e-01 2.056139788818946101e+00
5.585740391388054338e-01 2.221482677236515713e+00
5.599151532782021823e-01 2.330455676739248361e+00
5.612562674175990418e-01 2.193596497962701619e+00
5.625973815569959013e-01 2.175001426730730714e+00
5.639384956963927609e-01 2.218468953549276534e+00
5.652796098357896204e-01 2.054463267144377880e+00
5.666207239751864799e-01 2.300217875082353203e+00
5.679618381145833395e-01 2.227726126022616882e+00
5.693029522539801990e-01 2.152647599616820173e+00
5.706440663933770585e-01 2.219672900331218557e+00
5.719851805327739180e-01 2.068308853491338084e+00
5.733262946721707776e-01 2.204168998237257426e+00
5.746674088115676371e-01 2.234545982696708677e+00
5.760085229509644966e-01 2.043162102552280146e+00
5.773496370903612451e-01 2.263332887660418180e+00
5.786907512297582157e-01 2.146035117867434394e+00
5.800318653691549642e-01 2.029680874350852093e+00
5.813729795085519347e-01 1.992489461972375864e+00
5.827140936479486832e-01 2.117757822768673748e+00
5.840552077873455428e-01 2.235805409596480331e+00
5.853963219267424023e-01 2.127514424884246580e+00
5.867374360661392618e-01 2.313708028942734529e+00
5.880785502055361214e-01 2.096245807343386502e+00
5.894196643449329809e-01 2.023326585208614858e+00
5.907607784843297294e-01 1.932243227926313978e+00
5.921018926237266999e-01 1.882285890927185790e+00
5.934430067631234484e-01 1.880433208171986337e+00
5.947841209025204190e-01 2.129432200289677724e+00
5.961252350419171675e-01 2.264898720644531238e+00
5.974663491813141381e-01 2.063250598714837736e+00
5.988074633207108866e-01 1.811409845219614567e+00
