# q (1/Angstrom), Intensity (arb)
2.029070354705860696e-02 3.727724017917512356e+01
2.133125244372399004e-02 2.800593600469676403e+01
2.237180134038937659e-02 2.872823978272785439e+01
2.341235023705475968e-02 2.859082126663759027e+01
2.445289913372014276e-02 2.473355915315670472e+01
2.549344803038552584e-02 2.033418141459617345e+01
2.653399692705091240e-02 2.054690620090160280e+01
2.757454582371629548e-02 1.954875220623597443e+01
2.861509472038167856e-02 1.640840701069430452e+01
2.965564361704706164e-02 1.595912593270534785e+01
3.069619251371244473e-02 1.612524253269467067e+01
3.173674141037782781e-02 1.557008858866353762e+01
3.277729030704321089e-02 1.519458717590924124e+01
3.381783920370859398e-02 1.497343414686077523e+01
3.485838810037397706e-02 1.452775039939078283e+01
3.589893699703936014e-02 1.405461926826841790e+01
3.693948589370474322e-02 1.444718660158709866e+01
3.798003479037012631e-02 1.384989145366348851e+01
3.902058368703550939e-02 1.275186348789767266e+01
4.006113258370089247e-02 1.246674479015747039e+01
4.110168148036627556e-02 1.329723563374495399e+01
4.214223037703165864e-02 1.277783847041772702e+01
4.318277927369704866e-02 1.298931917082681053e+01
4.422332817036243174e-02 1.237755139340200827e+01
4.526387706702781483e-02 1.267555449603342055e+01
4.630442596369319791e-02 1.311317424645722696e+01
4.734497486035858099e-02 1.281687659922776135e+01
4.838552375702396408e-02 1.286622096439848661e+01
4.942607265368934716e-02 1.294279325718265738e+01
5.046662155035473024e-02 1.266873178588861037e+01
5.150717044702011332e-02 1.383588712481853378e+01
5.254771934368549641e-02 1.465922924799544447e+01
5.358826824035087949e-02 1.554119633686803681e+01
5.462881713701626257e-02 1.590133502560528811e+01
5.566936603368164566e-02 1.524199064808233928e+01
5.670991493034702874e-02 1.607858867273444758e+01
5.775046382701241182e-02 1.807162723084766043e+01
5.879101272367779490e-02 1.869137281799748251e+01
5.983156162034317799e-02 2.002898564011036342e+01
6.087211051700856107e-02 2.137325666353964948e+01
6.191265941367394415e-02 2.348752288077477957e+01
6.295320831033933417e-02 2.527890305633478718e+01
6.399375720700471726e-02 2.757438392011034622e+01
6.503430610367010034e-02 2.940940753510629335e+01
6.607485500033548342e-02 3.144660616180923540e+01
6.711540389700086651e-02 3.413140675710587146e+01
6.815595279366624959e-02 3.699660702472075258e+01
6.919650169033163267e-02 3.871090541449306954e+01
7.023705058699701576e-02 4.086541079236332763e+01
7.127759948366239884e-02 4.403114164625737459e+01
7.231814838032778192e-02 5.339155695637680310e+01
7.335869727699316500e-02 7.856379242828609222e+01
7.439924617365854809e-02 1.396984590016741379e+02
7.543979507032393117e-02 2.345246341961473888e+02
7.648034396698931425e-02 3.269121108214745277e+02
7.752089286365469734e-02 4.716706797187911206e+02
7.856144176032008042e-02 8.301521422334305953e+02
7.960199065698546350e-02 1.295771372365748221e+03
8.064253955365084658e-02 1.266098843543969679e+03
8.168308845031622967e-02 7.625476130749913182e+02
8.272363734698161275e-02 4.126525825704031831e+02
8.376418624364699583e-02 2.860216277972891135e+02
8.480473514031239279e-02 2.284817605550023814e+02
8.584528403697777588e-02 1.920352921791667882e+02
8.688583293364315896e-02 1.638849613809056791e+02
8.792638183030854204e-02 1.427260011233043144e+02
8.896693072697392513e-02 1.308525641884881452e+02
9.000747962363930821e-02 1.359731154351663918e+02
9.104802852030469129e-02 1.599727215920127321e+02
9.208857741697007437e-02 1.750796688068015783e+02
9.312912631363545746e-02 1.410012216471180011e+02
9.416967521030084054e-02 7.977484143362508462e+01
9.521022410696622362e-02 3.922521276484113173e+01
9.625077300363160671e-02 2.290883864288953475e+01
9.729132190029698979e-02 1.582172090620007410e+01
9.833187079696237287e-02 1.169495274452543043e+01
9.937241969362775595e-02 8.880048669311040754e+00
1.004129685902931390e-01 7.053246009711976683e+00
1.014535174869585221e-01 5.546670481760592963e+00
1.024940663836239052e-01 4.417044217949193552e+00
1.035346152802892883e-01 3.528823316966949619e+00
1.045751641769546714e-01 3.172552786183580054e+00
1.056157130736200545e-01 3.252056580913457395e+00
1.066562619702854375e-01 2.864853204757785932e+00
1.076968108669508206e-01 2.563475457673416003e+00
1.087373597636162037e-01 2.575235687110502880e+00
1.097779086602815868e-01 2.022480602381108383e+00
1.108184575569469699e-01 2.024781240745181066e+00
1.118590064536123529e-01 2.062468206644400226e+00
1.128995553502777360e-01 2.072399459971741464e+00
1.139401042469431191e-01 2.079011703573090841e+00
1.149806531436085022e-01 2.100384392489498708e+00
1.160212020402738853e-01 2.139584339762571119e+00
1.170617509369392684e-01 2.146206444936971991e+00
1.181022998336046514e-01 2.298391292205050007e+00
1.191428487302700345e-01 2.449774998976458562e+00
1.201833976269354176e-01 2.388760803874923511e+00
1.212239465236008007e-01 2.646003985340165343e+00
1.222644954202661838e-01 2.780834996744047771e+00
1.233050443169315669e-01 3.080648549897489374e+00
1.243455932135969499e-01 3.228793897324003126e+00
1.253861421102623330e-01 3.910456873615835605e+00
1.264266910069277161e-01 5.266006838877263618e+00
1.274672399035930992e-01 8.363254674019117374e+00
1.285077888002584823e-01 1.556557394822108265e+01
1.295483376969238654e-01 2.787876720763274818e+01
1.305888865935892484e-01 3.605161924434173670e+01
1.316294354902546315e-01 3.019886553974922450e+01
1.326699843869200146e-01 1.888635598354524703e+01
1.337105332835853977e-01 1.155789215169814454e+01
1.347510821802507808e-01 8.684335222841859547e+00
1.357916310769161639e-01 7.393978020018671771e+00
1.368321799735815469e-01 6.711110926363083706e+00
1.378727288702469300e-01 6.247382980160033128e+00
1.389132777669123131e-01 6.142719062482711934e+00
1.399538266635776962e-01 6.607546149025527171e+00
1.409943755602430793e-01 6.911609458286630314e+00
1.420349244569084624e-01 6.700344344401802488e+00
1.430754733535738454e-01 6.275633556300032723e+00
1.441160222502392285e-01 6.703807510014261339e+00
1.451565711469046116e-01 6.952847961243062258e+00
1.461971200435699947e-01 7.473152167277522295e+00
1.472376689402353778e-01 8.356398822546413641e+00
1.482782178369007609e-01 1.044678010506518717e+01
1.493187667335661439e-01 1.560348598637850515e+01
1.503593156302315270e-01 2.629305679324424716e+01
1.513998645268969101e-01 4.588774182767106424e+01
1.524404134235622932e-01 6.920194789459962692e+01
1.534809623202276763e-01 7.602662081208964651e+01
1.545215112168930593e-01 5.730526053669058939e+01
1.555620601135584424e-01 3.434203446690942485e+01
1.566026090102238255e-01 2.240538735022796857e+01
1.576431579068892086e-01 1.870390750878368635e+01
1.586837068035545917e-01 2.004525757597406255e+01
1.597242557002199748e-01 2.096744863440630624e+01
1.607648045968853578e-01 1.727743487037745851e+01
1.618053534935507409e-01 1.077264824752137429e+01
1.628459023902161240e-01 6.074817482025657966e+00
1.638864512868815071e-01 3.982694537609678065e+00
1.649270001835468902e-01 2.858237197047458267e+00
1.659675490802122733e-01 2.200195831585681105e+00
1.670080979768776563e-01 2.047242995730432114e+00
1.680486468735430672e-01 1.728341289877054265e+00
1.690891957702084503e-01 1.527591534949657159e+00
1.701297446668738333e-01 1.583615427602147463e+00
1.711702935635392164e-01 1.393066630326831756e+00
1.722108424602045995e-01 1.358955158279581354e+00
1.732513913568699826e-01 1.374973022490490138e+00
1.742919402535353657e-01 1.233755242180279765e+00
1.753324891502007488e-01 1.040178507126626073e+00
1.763730380468661318e-01 8.136901127875582063e-01
1.774135869435315149e-01 8.686596354549536159e-01
1.784541358401968980e-01 1.004772410618564038e+00
1.794946847368622811e-01 1.104458744788107794e+00
1.805352336335276642e-01 1.171359596109478929e+00
1.815757825301930473e-01 1.089659294485876728e+00
1.826163314268584303e-01 1.192967996277708664e+00
1.836568803235238134e-01 1.551986180938012438e+00
1.846974292201891965e-01 1.512372458149322085e+00
1.857379781168545796e-01 8.787717706737865342e-01
1.867785270135199627e-01 5.279016402491798488e-01
1.878190759101853458e-01 7.568617219734292689e-01
1.888596248068507288e-01 8.528488476119520101e-01
1.899001737035161119e-01 8.894910730041978297e-01
1.909407226001814950e-01 9.312765652057564125e-01
1.919812714968468781e-01 1.103753043941733125e+00
1.930218203935122612e-01 8.454139188383393844e-01
1.940623692901776443e-01 8.387864328892788990e-01
1.951029181868430273e-01 7.471091822285522710e-01
1.961434670835084104e-01 7.939604900174899171e-01
1.971840159801737935e-01 7.442349322540593448e-01
1.982245648768391766e-01 8.416234172573382466e-01
1.992651137735045597e-01 9.914052626009741687e-01
2.003056626701699428e-01 1.114682129148725664e+00
2.013462115668353813e-01 1.239743831587642120e+00
2.023867604635007644e-01 1.607642159305644469e+00
2.034273093601661475e-01 2.018116811844276270e+00
2.044678582568315306e-01 2.212971309665853425e+00
2.055084071534969137e-01 2.496467543665367828e+00
2.065489560501622968e-01 2.789800063077283454e+00
2.075895049468276798e-01 2.559606902642570958e+00
2.086300538434930629e-01 1.703703886905579168e+00
2.096706027401584460e-01 1.331539020505985604e+00
2.107111516368238291e-01 1.300606771693935571e+00
2.117517005334892122e-01 1.153716937048436364e+00
2.127922494301545953e-01 8.539101877692267806e-01
2.138327983268199783e-01 8.188822218911653295e-01
2.148733472234853614e-01 1.053951989055793348e+00
2.159138961201507445e-01 1.064158966225338787e+00
2.169544450168161276e-01 1.027728695699433814e+00
2.179949939134815107e-01 1.016115331240513342e+00
2.190355428101468938e-01 9.516383014739986379e-01
2.200760917068122768e-01 1.099765121920782462e+00
2.211166406034776599e-01 1.382607250328490522e+00
2.221571895001430430e-01 1.559579930604321873e+00
2.231977383968084261e-01 2.075654984008917125e+00
2.242382872934738092e-01 3.275279168874234870e+00
2.252788361901391923e-01 4.059003874259929034e+00
2.263193850868045753e-01 4.366530296501412778e+00
2.273599339834699584e-01 3.872328689554947800e+00
2.284004828801353415e-01 3.131331111773171472e+00
2.294410317768007246e-01 2.222701910196398956e+00
2.304815806734661077e-01 1.819374000921843759e+00
2.315221295701314908e-01 1.645545823930351759e+00
2.325626784667968738e-01 1.541447726214055791e+00
2.336032273634622569e-01 1.682157325574504370e+00
2.346437762601276400e-01 1.824161493518261068e+00
2.356843251567930231e-01 2.253153447541919263e+00
2.367248740534584062e-01 2.532031011689849009e+00
2.377654229501237892e-01 3.400412452207500991e+00
2.388059718467891723e-01 4.256922420142995378e+00
2.398465207434545554e-01 4.429767497833079659e+00
2.408870696401199385e-01 3.933937076419120160e+00
2.419276185367853216e-01 3.036305062350471928e+00
2.429681674334507047e-01 2.405702834211556507e+00
2.440087163301160877e-01 1.651610883679335728e+00
2.450492652267814708e-01 9.533572022228220533e-01
2.460898141234468539e-01 6.237018132903529022e-01
2.471303630201122370e-01 6.949736244425217535e-01
2.481709119167776201e-01 8.360187724987859781e-01
2.492114608134430032e-01 7.227969887577394559e-01
2.502520097101083585e-01 5.410749408927024717e-01
2.512925586067737416e-01 3.910531811685018511e-01
2.523331075034391247e-01 5.608926058348728816e-01
2.533736564001045077e-01 5.575618910093069758e-01
2.544142052967698908e-01 5.114157972760118298e-01
2.554547541934352739e-01 5.243325695689264876e-01
2.564953030901006570e-01 6.008447737507651709e-01
2.575358519867660401e-01 7.641049507353017134e-01
2.585764008834314231e-01 7.013704173499100136e-01
2.596169497800968062e-01 8.648001918054184500e-01
2.606574986767621893e-01 7.838495363403481520e-01
2.616980475734275724e-01 6.394202555825003742e-01
2.627385964700929555e-01 5.467468508059063481e-01
2.637791453667583386e-01 5.555677972975381351e-01
2.648196942634237216e-01 7.153282453917846340e-01
2.658602431600891047e-01 4.776374751799288276e-01
2.669007920567544878e-01 3.888918264516227907e-01
2.679413409534198709e-01 2.333155204035257668e-01
2.689818898500852540e-01 3.005363354574193124e-01
2.700224387467506371e-01 4.172279667011338233e-01
2.710629876434160201e-01 3.263163541041258497e-01
2.721035365400814032e-01 2.137683659139248959e-01
2.731440854367467863e-01 4.846697190548852063e-01
2.741846343334121694e-01 5.600208516343840870e-01
2.752251832300775525e-01 4.732059807836606069e-01
2.762657321267429356e-01 3.390310955818058858e-01
2.773062810234083186e-01 3.740729234208899356e-01
2.783468299200737017e-01 2.075115959032309831e-01
2.793873788167390848e-01 4.641430806952229204e-02
2.804279277134044679e-01 1.571183095084229819e-01
2.814684766100698510e-01 1.581619995416616575e-01
2.825090255067352341e-01 1.557724358536063392e-01
2.835495744034006171e-01 1.394480966257383159e-01
2.845901233000660002e-01 8.912367961278988560e-02
2.856306721967313833e-01 4.525155212547140593e-01
2.866712210933967664e-01 5.999794755314802330e-01
2.877117699900621495e-01 6.235592395706071045e-01
2.887523188867275326e-01 6.607627665904090009e-01
2.897928677833929156e-01 6.707289370120683714e-01
2.908334166800582987e-01 7.589033338323858402e-01
2.918739655767236818e-01 8.788053119229530807e-01
2.929145144733890649e-01 5.194131330303690675e-01
2.939550633700544480e-01 3.426396538541851555e-01
2.949956122667198311e-01 3.656347593501756421e-01
2.960361611633852141e-01 7.151846659854115273e-01
2.970767100600505972e-01 7.494268101447936203e-01
2.981172589567159803e-01 7.680950062237812404e-01
2.991578078533813634e-01 8.444059653018385347e-01
3.001983567500468020e-01 9.218187382457081469e-01
3.012389056467121851e-01 8.588489975759223682e-01
3.022794545433775681e-01 9.175225794102459531e-01
3.033200034400429512e-01 1.092065199883002435e+00
3.043605523367083343e-01 9.868495286428178304e-01
3.054011012333737174e-01 1.012058349793814926e+00
3.064416501300391005e-01 1.070992969968497022e+00
3.074821990267044836e-01 7.676447498156910854e-01
3.085227479233698666e-01 8.566271480866305410e-01
3.095632968200352497e-01 6.633118074581858536e-01
3.106038457167006328e-01 3.085201122412435382e-01
3.116443946133660159e-01 2.747871165322557374e-01
3.126849435100313990e-01 3.549043557008992877e-01
3.137254924066967821e-01 4.133400807119045339e-01
3.147660413033621651e-01 5.532498617272416652e-01
3.158065902000275482e-01 3.481849603603635046e-01
3.168471390966929313e-01 3.591862712170126315e-01
3.178876879933583144e-01 5.487160541237265932e-01
3.189282368900236975e-01 6.327902577845527787e-01
3.199687857866890806e-01 5.918700372576850555e-01
3.210093346833544636e-01 5.580306011649085463e-01
3.220498835800198467e-01 4.922697066702284019e-01
3.230904324766852298e-01 5.067724695139013136e-01
3.241309813733506129e-01 6.017165640736443777e-01
3.251715302700159960e-01 5.691192597786454144e-01
3.262120791666813790e-01 7.909975146817984637e-01
3.272526280633467621e-01 9.141615128898870068e-01
3.282931769600121452e-01 7.267005782125472990e-01
3.293337258566775283e-01 6.712113028326776032e-01
3.303742747533429114e-01 7.694029127469512730e-01
3.314148236500082945e-01 7.655900003420228472e-01
3.324553725466736775e-01 7.535261550361092020e-01
3.334959214433390606e-01 6.145718163574116488e-01
3.345364703400044437e-01 7.256244873447670329e-01
3.355770192366698268e-01 5.105893747188190446e-01
3.366175681333352099e-01 3.493831980653823166e-01
3.376581170300005930e-01 2.213107764657245013e-01
3.386986659266659760e-01 3.993397805372254084e-01
3.397392148233313591e-01 4.812316289545464087e-01
3.407797637199967422e-01 4.626430980283267047e-01
3.418203126166621253e-01 3.380587680377651338e-01
3.428608615133275084e-01 3.555043369077495186e-01
3.439014104099928915e-01 4.239948674603830625e-01
3.449419593066582745e-01 4.119804725935551915e-01
3.459825082033236576e-01 2.190378073119418900e-01
3.470230570999890407e-01 3.968552243065204266e-01
3.480636059966544238e-01 3.730587459668264216e-01
3.491041548933198069e-01 1.620943798755298815e-01
3.501447037899851900e-01 3.376161526133465429e-01
3.511852526866505730e-01 3.008225400444146658e-01
3.522258015833159561e-01 3.002655430345697596e-01
3.532663504799813392e-01 2.775079227441743512e-01
3.543068993766467223e-01 3.352677706441653527e-01
3.553474482733121054e-01 1.745314623733555948e-01
3.563879971699774885e-01 2.317209431711049206e-01
3.574285460666428715e-01 3.285590279497050403e-01
3.584690949633082546e-01 2.625775977199715783e-01
3.595096438599736377e-01 3.508653747500574127e-01
3.605501927566390208e-01 3.531280270468286631e-01
3.615907416533044039e-01 3.175452298843630672e-01
3.626312905499697870e-01 1.866465423961756187e-01
3.636718394466351700e-01 1.123248751667489387e-01
3.647123883433005531e-01 1.565496415683362841e-01
3.657529372399659362e-01 1.365447084726518767e-01
3.667934861366313193e-01 1.612270955039178943e-01
3.678340350332967024e-01 9.816590480557607634e-03
3.688745839299620854e-01 1.750478991256301242e-01
3.699151328266274685e-01 4.238652349679021825e-01
3.709556817232928516e-01 3.776093658289170207e-01
3.719962306199582347e-01 3.925038195227159576e-01
3.730367795166236178e-01 4.630282634247073759e-01
3.740773284132890009e-01 1.004025481197139413e+00
3.751178773099543839e-01 5.626373240865518710e-01
3.761584262066197670e-01 2.844433901294394218e-01
3.771989751032851501e-01 2.742501086910209551e-01
3.782395239999505332e-01 3.332723390797092122e-01
3.792800728966159163e-01 3.449817424748964356e-01
3.803206217932812994e-01 4.836798945675120365e-01
3.813611706899466824e-01 4.312058433808338975e-01
3.824017195866120655e-01 4.071271115338532809e-01
3.834422684832774486e-01 5.482660318267988941e-01
3.844828173799428317e-01 5.161450503623505881e-01
3.855233662766082148e-01 2.573872650486457303e-01
3.865639151732735979e-01 3.443942668765984649e-01
3.876044640699389809e-01 4.942451786823873761e-01
3.886450129666043640e-01 3.871608800199481948e-01
3.896855618632697471e-01 5.464046255495915716e-01
3.907261107599351302e-01 3.898065590519621537e-01
3.917666596566005133e-01 3.705415312127371408e-01
3.928072085532658964e-01 4.080731542344935292e-01
3.938477574499312794e-01 2.806102528902165716e-01
3.948883063465966625e-01 3.586855100416634912e-01
3.959288552432620456e-01 3.275204370886584115e-01
3.969694041399274287e-01 3.205920493671463589e-01
3.980099530365928118e-01 3.655768876140115253e-01
3.990505019332581949e-01 3.765431932150882233e-01
4.000910508299235779e-01 3.976816269986258590e-01
4.011315997265889610e-01 4.654938634269498721e-01
4.021721486232543441e-01 4.502545399319650699e-01
4.032126975199197272e-01 3.339304770282538470e-01
4.042532464165851103e-01 3.761331381546391128e-01
4.052937953132504934e-01 2.630762124888512687e-01
4.063343442099158764e-01 2.718550003982365126e-01
4.073748931065812595e-01 4.710833151876840930e-01
4.084154420032466426e-01 5.604347117405090728e-01
4.094559908999120257e-01 4.400452684314508645e-01
4.104965397965774088e-01 1.964581561560123646e-01
4.115370886932427918e-01 1.724108222713951477e-01
4.125776375899081749e-01 2.784659565316154328e-01
4.136181864865735580e-01 2.910849320742272539e-01
4.146587353832389411e-01 3.050910473395695988e-01
4.156992842799043242e-01 3.098557766978728978e-01
4.167398331765697073e-01 3.692048006969557150e-01
4.177803820732350903e-01 3.672673831114359189e-01
4.188209309699004734e-01 4.782790452893124211e-01
4.198614798665658565e-01 2.660813788740092889e-01
4.209020287632312396e-01 9.593810488919984891e-02
4.219425776598966227e-01 1.788753445970989731e-01
4.229831265565620058e-01 2.971674631307159586e-01
4.240236754532273888e-01 1.718795901952105964e-01
4.250642243498927719e-01 1.760702924786095025e-01
4.261047732465581550e-01 4.733674551268407527e-02
4.271453221432235381e-01 1.941690727719098675e-01
4.281858710398889212e-01 3.847509008917988638e-01
4.292264199365543043e-01 3.492667877723825143e-01
4.302669688332196873e-01 2.929034265990466679e-01
4.313075177298850704e-01 2.857958360677521625e-01
4.323480666265504535e-01 1.777494831391273067e-01
4.333886155232158366e-01 1.257619215310299410e-01
4.344291644198812197e-01 2.200471350069932441e-01
4.354697133165466028e-01 3.276202582543916719e-01
4.365102622132119858e-01 2.792258879404592165e-01
4.375508111098773689e-01 2.574726001455651669e-01
4.385913600065427520e-01 2.485127167644662904e-02
4.396319089032081351e-01 3.566163704158142878e-02
4.406724577998735182e-01 1.492804802666967134e-01
4.417130066965389013e-01 2.984975307022743607e-01
4.427535555932042843e-01 2.189064766760466796e-01
4.437941044898696674e-01 2.639336240026253222e-01
4.448346533865350505e-01 3.903138022121552808e-01
4.458752022832004336e-01 3.443130264622951131e-01
4.469157511798658167e-01 2.141364714187510288e-01
4.479563000765311997e-01 2.026645890262308569e-01
4.489968489731965828e-01 1.880093875291883876e-01
4.500373978698619659e-01 7.890607437779451061e-02
4.510779467665273490e-01 9.124246663138890767e-02
4.521184956631927321e-01 1.708969898146328603e-01
4.531590445598581152e-01 3.014716824054382016e-01
4.541995934565234982e-01 2.985757670527853236e-01
4.552401423531888813e-01 2.308798354747096937e-01
4.562806912498542644e-01 3.596081320359161282e-01
4.573212401465196475e-01 2.835703019203634767e-01
4.583617890431850306e-01 2.963273318250685406e-01
4.594023379398504137e-01 3.413615097173163804e-01
4.604428868365157967e-01 4.381339913304174161e-01
4.614834357331811798e-01 3.629690866545338679e-01
4.625239846298465629e-01 3.660077314438545670e-01
4.635645335265119460e-01 3.706193608576633380e-01
4.646050824231773291e-01 2.350837974139849962e-01
4.656456313198427122e-01 3.447877579780822543e-03
4.666861802165080952e-01 1.885022028189489163e-01
4.677267291131734783e-01 2.400516151608336202e-01
4.687672780098388614e-01 2.499095475673307476e-01
4.698078269065042445e-01 2.770307038075792150e-01
4.708483758031696276e-01 3.427220757843407739e-01
4.718889246998350107e-01 3.208428578356681271e-01
4.729294735965003937e-01 3.618214785571645109e-01
4.739700224931657768e-01 1.983428121312904580e-01
4.750105713898311599e-01 4.418809175780324949e-02
4.760511202864965430e-01 3.290252844235013185e-01
4.770916691831619261e-01 5.306512305394832651e-01
4.781322180798273092e-01 6.100366156120351491e-01
4.791727669764926922e-01 4.117441913995882885e-01
4.802133158731580753e-01 2.544279623466216833e-01
4.812538647698234584e-01 2.888058227635852404e-01
4.822944136664888415e-01 3.537113366733031228e-01
4.833349625631542246e-01 4.356394126738472039e-01
4.843755114598196077e-01 2.820212947539424420e-01
4.854160603564849907e-01 3.531422522026161914e-01
4.864566092531503738e-01 3.617867468856594826e-01
4.874971581498157569e-01 1.712970127818351784e-01
4.885377070464811400e-01 3.712423411259457851e-01
4.895782559431465231e-01 3.673628249465004103e-01
4.906188048398119061e-01 3.245237492327639472e-01
4.916593537364772892e-01 3.299248781916688245e-01
4.926999026331426723e-01 2.522867649083728736e-01
4.937404515298080554e-01 2.304795352475963455e-01
4.947810004264734385e-01 2.383687934772424910e-01
4.958215493231388216e-01 3.613039583120603027e-01
4.968620982198042046e-01 1.217587130792985306e-01
4.979026471164695877e-01 2.846620390479479568e-01
4.989431960131349708e-01 3.005283532234663824e-01
4.999837449098003539e-01 2.433998520564770729e-01
5.010242938064657370e-01 2.071441705884247142e-01
5.020648427031311201e-01 1.296611104879481502e-01
5.031053915997965031e-01 5.969891329159082716e-02
5.041459404964618862e-01 1.840654753939219290e-01
5.051864893931272693e-01 3.627794240415020965e-01
5.062270382897926524e-01 3.564888234068526174e-01
5.072675871864580355e-01 1.991511483996148968e-01
5.083081360831234186e-01 1.349260191486258975e-01
5.093486849797888016e-01 3.167562257944567250e-02
5.103892338764541847e-01 1.373344313486128954e-01
5.114297827731195678e-01 1.997563019322079469e-01
5.124703316697849509e-01 2.792566369152211792e-01
5.135108805664503340e-01 7.122544224167981497e-02
5.145514294631157171e-01 1.301567075242040517e-01
5.155919783597811001e-01 1.959348763457313680e-01
5.166325272564464832e-01 1.483669801288307610e-01
5.176730761531118663e-01 1.184372250277121452e-01
5.187136250497772494e-01 2.309047632305905040e-01
5.197541739464426325e-01 2.903285133908930504e-01
5.207947228431080156e-01 2.141287367442714640e-01
5.218352717397733986e-01 2.356452518127980511e-01
5.228758206364387817e-01 1.997243870534290977e-01
5.239163695331041648e-01 2.471414340408983890e-01
5.249569184297695479e-01 2.951779469118100963e-01
5.259974673264349310e-01 1.771743706338426705e-01
5.270380162231003141e-01 2.405333569471608257e-01
5.280785651197656971e-01 6.791556547281274447e-02
5.291191140164310802e-01 5.163156226862142262e-02
5.301596629130964633e-01 1.297872763708696198e-02
5.312002118097618464e-01 2.021193514021994986e-01
5.322407607064272295e-01 1.449949448862390966e-01
5.332813096030926125e-01 1.015522295945956444e-01
5.343218584997581067e-01 1.168028088283961097e-01
5.353624073964233787e-01 7.371041557523483334e-02
5.364029562930888728e-01 3.438468645619607855e-02
5.374435051897541449e-01 5.115312641821390116e-02
5.384840540864196390e-01 1.261854162195810147e-01
5.395246029830849110e-01 1.815345693195986598e-01
5.405651518797504052e-01 1.709068016122650135e-01
5.416057007764156772e-01 1.885975348842130472e-01
5.426462496730811713e-01 2.519773861924754499e-01
5.436867985697464434e-01 2.548469829317916435e-01
5.447273474664119375e-01 2.863515285383080311e-01
5.457678963630772095e-01 2.219056263584775479e-01
5.468084452597427036e-01 3.419000542662793407e-01
5.478489941564079757e-01 2.085462425794197827e-01
5.488895430530734698e-01 2.993270176220015344e-01
5.499300919497387419e-01 3.888030467522192168e-01
5.509706408464042360e-01 2.896016612106109278e-01
5.520111897430695080e-01 2.450965957635240500e-01
5.530517386397350021e-01 1.906300778817922037e-01
5.540922875364002742e-01 3.210480709540917132e-01
5.551328364330657683e-01 3.312921452263921651e-01
5.561733853297310404e-01 1.516721677919434796e-01
5.572139342263965345e-01 8.274357568815915442e-02
5.582544831230618065e-01 1.615863128911172453e-01
5.592950320197273006e-01 1.663987977167309396e-01
5.603355809163925727e-01 1.301450427009314126e-01
5.613761298130580668e-01 8.224063526039060434e-02
5.624166787097233389e-01 1.795041956917131643e-01
5.634572276063888330e-01 3.595421413261661314e-01
5.644977765030541050e-01 3.912295568985513228e-01
5.655383253997195991e-01 1.420993279765134787e-01
5.665788742963848712e-01 0.000000000000000000e+00
5.676194231930503653e-01 1.073015788095332823e-01
5.686599720897156374e-01 3.260913861961469706e-01
5.697005209863811315e-01 3.054439137682436467e-01
5.707410698830464035e-01 1.895699737049127975e-01
5.717816187797118976e-01 1.720661606934470456e-01
5.728221676763771697e-01 1.087052926360243532e-01
5.738627165730426638e-01 2.164729972605599073e-01
5.749032654697079359e-01 2.189942627189935820e-01
5.759438143663734300e-01 4.319426699653483581e-01
5.769843632630387020e-01 4.448408619742814096e-01
5.780249121597041961e-01 2.633783538914045153e-01
5.790654610563694682e-01 1.352111157408444342e-01
5.801060099530349623e-01 1.153950797793612537e-01
5.811465588497002344e-01 1.471842699028123036e-01
5.821871077463657285e-01 1.169788471361847826e-01
5.832276566430310005e-01 9.173200153722049777e-02
5.842682055396964946e-01 7.580030169287255148e-02
5.853087544363617667e-01 1.709140785294458453e-01
5.863493033330272608e-01 2.680753048068176270e-01
5.873898522296925329e-01 2.316584356701909542e-01
5.884304011263580270e-01 2.038768968471735832e-01
5.894709500230232990e-01 1.104690036273332510e-01
5.905114989196887931e-01 1.451676745590901874e-01
5.915520478163540652e-01 1.308553535286449687e-01
5.925925967130195593e-01 1.986695201835431135e-02
5.936331456096848314e-01 1.184912951155183691e-01
5.946736945063503255e-01 1.028568738290509543e-01
5.957142434030155975e-01 1.296011165107486818e-01
5.967547922996810916e-01 5.218335345039548656e-02
5.977953411963463637e-01 5.193778403892324036e-02
5.988358900930118578e-01 1.009449515038340905e-02
5.998764389896771299e-01 2.038446112539844535e-01
