# q (1/Angstrom), Intensity (arb)
2.029070354705860696e-02 3.686017905979133502e+01
2.133125244372399004e-02 3.296963158338630251e+01
2.237180134038937659e-02 2.912391567449978425e+01
2.341235023705475968e-02 2.784026943761858774e+01
2.445289913372014276e-02 2.439769107993870989e+01
2.549344803038552584e-02 2.136226617201053557e+01
2.653399692705091240e-02 2.035142338518349447e+01
2.757454582371629548e-02 1.857402245245411621e+01
2.861509472038167856e-02 1.819949460958912368e+01
2.965564361704706164e-02 1.705863773881023349e+01
3.069619251371244473e-02 1.698702934873814741e+01
3.173674141037782781e-02 1.559752969799258437e+01
3.277729030704321089e-02 1.688133511055084313e+01
3.381783920370859398e-02 1.609822104442311996e+01
3.485838810037397706e-02 1.560376050963187566e+01
3.589893699703936014e-02 1.531666249825821779e+01
3.693948589370474322e-02 1.548856357616210033e+01
3.798003479037012631e-02 1.512494831436798393e+01
3.902058368703550939e-02 1.452363508201591458e+01
4.006113258370089247e-02 1.471684218457332349e+01
4.110168148036627556e-02 1.399007927243305005e+01
4.214223037703165864e-02 1.411229290988586627e+01
4.318277927369704866e-02 1.318755401946646089e+01
4.422332817036243174e-02 1.412156188098877152e+01
4.526387706702781483e-02 1.447426961862749550e+01
4.630442596369319791e-02 1.419018625225830021e+01
4.734497486035858099e-02 1.459162829623720370e+01
4.838552375702396408e-02 1.460128422092056155e+01
4.942607265368934716e-02 1.530265148428573241e+01
5.046662155035473024e-02 1.546568897915114604e+01
5.150717044702011332e-02 1.572266715639193535e+01
5.254771934368549641e-02 1.534100450827065032e+01
5.358826824035087949e-02 1.579840399218410596e+01
5.462881713701626257e-02 1.614169569329324361e+01
5.566936603368164566e-02 1.706610707021895479e+01
5.670991493034702874e-02 1.789549996973930490e+01
5.775046382701241182e-02 1.866862802454105008e+01
5.879101272367779490e-02 1.913798668229410538e+01
5.983156162034317799e-02 2.054182461179325259e+01
6.087211051700856107e-02 2.293932527707631763e+01
6.191265941367394415e-02 2.464225779331148303e+01
6.295320831033933417e-02 2.642942239019983930e+01
6.399375720700471726e-02 2.736377045381637529e+01
6.503430610367010034e-02 2.922386994371864688e+01
6.607485500033548342e-02 3.178579259711246152e+01
6.711540389700086651e-02 3.401173031698169780e+01
6.815595279366624959e-02 3.624980285518025624e+01
6.919650169033163267e-02 3.713071707275655342e+01
7.023705058699701576e-02 3.857538590665811284e+01
7.127759948366239884e-02 4.256513254197106733e+01
7.231814838032778192e-02 5.009888721684858126e+01
7.335869727699316500e-02 7.130763074534219470e+01
7.439924617365854809e-02 1.258251967584711224e+02
7.543979507032393117e-02 2.151204659095903082e+02
7.648034396698931425e-02 3.041893180451676812e+02
7.752089286365469734e-02 4.275401240575536121e+02
7.856144176032008042e-02 7.375695766960722040e+02
7.960199065698546350e-02 1.205497915482888629e+03
8.064253955365084658e-02 1.277224510787874578e+03
8.168308845031622967e-02 8.160742603624318008e+02
8.272363734698161275e-02 4.334834542454437383e+02
8.376418624364699583e-02 2.899175667573535975e+02
8.480473514031239279e-02 2.287767255777154105e+02
8.584528403697777588e-02 1.905010606660417238e+02
8.688583293364315896e-02 1.608627399402375886e+02
8.792638183030854204e-02 1.396093424547489690e+02
8.896693072697392513e-02 1.276776428138645372e+02
9.000747962363930821e-02 1.290453093019199002e+02
9.104802852030469129e-02 1.497357615388469867e+02
9.208857741697007437e-02 1.699224921522551313e+02
9.312912631363545746e-02 1.455948433245670230e+02
9.416967521030084054e-02 8.693406465912163128e+01
9.521022410696622362e-02 4.273959175451072667e+01
9.625077300363160671e-02 2.347070370454765609e+01
9.729132190029698979e-02 1.522986633650571520e+01
9.833187079696237287e-02 1.147774392208306438e+01
9.937241969362775595e-02 9.010876040916045326e+00
1.004129685902931390e-01 7.239999971161594772e+00
1.014535174869585221e-01 6.192234762567007778e+00
1.024940663836239052e-01 5.012419274077682729e+00
1.035346152802892883e-01 4.362344985404444486e+00
1.045751641769546714e-01 3.549554105410564375e+00
1.056157130736200545e-01 3.302034190271804448e+00
1.066562619702854375e-01 3.226632248630632915e+00
1.076968108669508206e-01 2.230743213028958394e+00
1.087373597636162037e-01 2.570142799362283625e+00
1.097779086602815868e-01 2.576267226845395442e+00
1.108184575569469699e-01 2.311645512704007643e+00
1.118590064536123529e-01 2.148983045848304130e+00
1.128995553502777360e-01 2.014592095317432552e+00
1.139401042469431191e-01 2.278870869460806858e+00
1.149806531436085022e-01 2.229419542193433301e+00
1.160212020402738853e-01 2.264218766844940944e+00
1.170617509369392684e-01 2.279416302958523488e+00
1.181022998336046514e-01 2.311695181832863710e+00
1.191428487302700345e-01 2.241107985422175375e+00
1.201833976269354176e-01 2.280999007288333047e+00
1.212239465236008007e-01 2.663606038352831717e+00
1.222644954202661838e-01 2.686320576751807465e+00
1.233050443169315669e-01 2.916664782390888888e+00
1.243455932135969499e-01 3.548076527102356437e+00
1.253861421102623330e-01 3.934581213415466294e+00
1.264266910069277161e-01 4.945706570358595400e+00
1.274672399035930992e-01 7.363021919161834461e+00
1.285077888002584823e-01 1.315745315526349302e+01
1.295483376969238654e-01 2.492943644784307011e+01
1.305888865935892484e-01 3.630816268297778038e+01
1.316294354902546315e-01 3.391636951986285453e+01
1.326699843869200146e-01 2.157147102234835501e+01
1.337105332835853977e-01 1.221653562406120486e+01
1.347510821802507808e-01 8.371800082502776519e+00
1.357916310769161639e-01 7.235224785648654233e+00
1.368321799735815469e-01 6.572519096569376273e+00
1.378727288702469300e-01 6.681258034977680893e+00
1.389132777669123131e-01 6.806374219085068233e+00
1.399538266635776962e-01 6.784064078447453738e+00
1.409943755602430793e-01 6.283712939026589339e+00
1.420349244569084624e-01 6.726139219666656288e+00
1.430754733535738454e-01 6.889583499966732916e+00
1.441160222502392285e-01 6.734428745587194953e+00
1.451565711469046116e-01 7.198091121608182874e+00
1.461971200435699947e-01 7.480513823421684805e+00
1.472376689402353778e-01 8.245328116705259447e+00
1.482782178369007609e-01 9.844712948361298288e+00
1.493187667335661439e-01 1.306287754065875006e+01
1.503593156302315270e-01 2.134123917832240380e+01
1.513998645268969101e-01 3.833918807659534878e+01
1.524404134235622932e-01 6.196612694121071740e+01
1.534809623202276763e-01 7.479163125324552652e+01
1.545215112168930593e-01 6.351151997896967316e+01
1.555620601135584424e-01 4.021986364566254224e+01
1.566026090102238255e-01 2.425004955532326889e+01
1.576431579068892086e-01 1.844720615809461250e+01
1.586837068035545917e-01 1.834741448035902422e+01
1.597242557002199748e-01 2.022801574521584200e+01
1.607648045968853578e-01 1.851149167516344463e+01
1.618053534935507409e-01 1.271109378893167730e+01
1.628459023902161240e-01 7.258497463431655916e+00
1.638864512868815071e-01 4.291654337336627378e+00
1.649270001835468902e-01 3.110551271755731761e+00
1.659675490802122733e-01 2.579836299861320015e+00
1.670080979768776563e-01 2.307168026177436104e+00
1.680486468735430672e-01 2.119974872444306158e+00
1.690891957702084503e-01 2.085209335720861645e+00
1.701297446668738333e-01 1.526668168951928806e+00
1.711702935635392164e-01 1.617827439763015462e+00
1.722108424602045995e-01 1.336724211912471816e+00
1.732513913568699826e-01 1.217103162732787069e+00
1.742919402535353657e-01 1.400663100843889453e+00
1.753324891502007488e-01 1.413354783854185115e+00
1.763730380468661318e-01 1.165776563330339854e+00
1.774135869435315149e-01 1.148243287707604310e+00
1.784541358401968980e-01 1.137507014580609876e+00
1.794946847368622811e-01 1.304971171271240848e+00
1.805352336335276642e-01 1.023564180529621837e+00
1.815757825301930473e-01 1.372252315815295276e+00
1.826163314268584303e-01 1.287728624270787492e+00
1.836568803235238134e-01 1.052037505317542809e+00
1.846974292201891965e-01 1.011462224535382148e+00
1.857379781168545796e-01 1.370952795814680769e+00
1.867785270135199627e-01 1.049675714846877383e+00
1.878190759101853458e-01 8.400701009167548250e-01
1.888596248068507288e-01 6.539223698644249794e-01
1.899001737035161119e-01 6.881315812384443120e-01
1.909407226001814950e-01 7.610921418645766323e-01
1.919812714968468781e-01 7.072735486231209734e-01
1.930218203935122612e-01 7.644382283503183828e-01
1.940623692901776443e-01 6.038338510652501157e-01
1.951029181868430273e-01 5.805445324219924430e-01
1.961434670835084104e-01 3.392967492991303402e-01
1.971840159801737935e-01 5.537647760594062163e-01
1.982245648768391766e-01 1.010310751495406834e+00
1.992651137735045597e-01 1.216841819666480973e+00
2.003056626701699428e-01 1.356141546952205346e+00
2.013462115668353813e-01 1.702849830404172593e+00
2.023867604635007644e-01 1.788398989757819635e+00
2.034273093601661475e-01 1.977622009078707777e+00
2.044678582568315306e-01 2.021200507773102117e+00
2.055084071534969137e-01 2.403535650518701772e+00
2.065489560501622968e-01 2.912753579110979985e+00
2.075895049468276798e-01 2.860994134399795996e+00
2.086300538434930629e-01 2.248364371169632392e+00
2.096706027401584460e-01 1.836993106781093843e+00
2.107111516368238291e-01 1.353195580574162449e+00
2.117517005334892122e-01 9.604796766837928601e-01
2.127922494301545953e-01 9.222246617263714086e-01
2.138327983268199783e-01 7.234959069576518687e-01
2.148733472234853614e-01 8.271028236655553201e-01
2.159138961201507445e-01 1.060203612962208553e+00
2.169544450168161276e-01 1.350563265575100758e+00
2.179949939134815107e-01 1.313540093347963733e+00
2.190355428101468938e-01 1.061199436156908149e+00
2.200760917068122768e-01 1.191479003033695250e+00
2.211166406034776599e-01 1.409580314108183074e+00
2.221571895001430430e-01 1.429145033606115334e+00
2.231977383968084261e-01 1.805490497739146605e+00
2.242382872934738092e-01 2.786052767365546856e+00
2.252788361901391923e-01 3.845482026867490077e+00
2.263193850868045753e-01 4.491665362565790076e+00
2.273599339834699584e-01 4.364622390521976314e+00
2.284004828801353415e-01 3.539681473127163969e+00
2.294410317768007246e-01 2.766917982748584137e+00
2.304815806734661077e-01 2.037024414515997250e+00
2.315221295701314908e-01 1.804209451020657440e+00
2.325626784667968738e-01 1.811619453539627500e+00
2.336032273634622569e-01 1.708209402689501388e+00
2.346437762601276400e-01 1.440103388942830520e+00
2.356843251567930231e-01 2.028051107253368457e+00
2.367248740534584062e-01 2.310192101619705340e+00
2.377654229501237892e-01 2.828219133658464557e+00
2.388059718467891723e-01 3.596028891652640169e+00
2.398465207434545554e-01 4.196359485762950925e+00
2.408870696401199385e-01 3.990988833476347253e+00
2.419276185367853216e-01 3.505499237221304298e+00
2.429681674334507047e-01 2.813996597263024313e+00
2.440087163301160877e-01 1.781658335500146961e+00
2.450492652267814708e-01 1.107836753401802099e+00
2.460898141234468539e-01 1.184696530142911541e+00
2.471303630201122370e-01 1.001776055692101153e+00
2.481709119167776201e-01 8.248572969690748380e-01
2.492114608134430032e-01 8.072056918973764539e-01
2.502520097101083585e-01 6.681833537827408520e-01
2.512925586067737416e-01 6.598319163240482510e-01
2.523331075034391247e-01 8.532286133468325318e-01
2.533736564001045077e-01 8.242421607090015812e-01
2.544142052967698908e-01 7.134227160766997144e-01
2.554547541934352739e-01 6.594825443201166593e-01
2.564953030901006570e-01 8.026643365237369210e-01
2.575358519867660401e-01 6.480508748960680521e-01
2.585764008834314231e-01 5.665399573576053172e-01
2.596169497800968062e-01 7.283701078942250717e-01
2.606574986767621893e-01 7.181669580771448125e-01
2.616980475734275724e-01 8.660265546727359265e-01
2.627385964700929555e-01 6.885724936928596662e-01
2.637791453667583386e-01 7.713189102217903326e-01
2.648196942634237216e-01 5.963113274370996919e-01
2.658602431600891047e-01 3.963706698079008106e-01
2.669007920567544878e-01 5.053006765578977877e-01
2.679413409534198709e-01 5.255704226760151698e-01
2.689818898500852540e-01 4.542553261118627006e-01
2.700224387467506371e-01 5.192945409380840260e-01
2.710629876434160201e-01 4.834365074356909986e-01
2.721035365400814032e-01 4.122367985869175300e-01
2.731440854367467863e-01 6.629184485546737449e-01
2.741846343334121694e-01 7.640672976376805536e-01
2.752251832300775525e-01 4.670959899860172015e-01
2.762657321267429356e-01 5.476252567212789302e-01
2.773062810234083186e-01 6.412401203717053022e-01
2.783468299200737017e-01 5.586747693101017376e-01
2.793873788167390848e-01 3.663334038184800079e-01
2.804279277134044679e-01 7.765227900229874081e-01
2.814684766100698510e-01 7.322690884639193598e-01
2.825090255067352341e-01 5.841587714390286123e-01
2.835495744034006171e-01 5.184735646855571645e-01
2.845901233000660002e-01 5.446219834778851521e-01
2.856306721967313833e-01 3.552842678678160837e-01
2.866712210933967664e-01 4.050007957097960798e-01
2.877117699900621495e-01 5.500832241119475441e-01
2.887523188867275326e-01 4.358084680184930448e-01
2.897928677833929156e-01 4.782586596465883133e-01
2.908334166800582987e-01 6.697534978529020577e-01
2.918739655767236818e-01 7.895333964231276980e-01
2.929145144733890649e-01 7.442145077275696963e-01
2.939550633700544480e-01 6.206733105851363064e-01
2.949956122667198311e-01 7.157572100296931694e-01
2.960361611633852141e-01 6.794865195762689325e-01
2.970767100600505972e-01 4.575523640154202099e-01
2.981172589567159803e-01 7.097618973671764309e-01
2.991578078533813634e-01 7.308634243363556493e-01
3.001983567500468020e-01 5.920433370509599058e-01
3.012389056467121851e-01 8.146387216891923799e-01
3.022794545433775681e-01 7.973093209727117880e-01
3.033200034400429512e-01 8.498690198937062235e-01
3.043605523367083343e-01 1.119249972518836955e+00
3.054011012333737174e-01 1.291584379328075016e+00
3.064416501300391005e-01 1.193590856979742654e+00
3.074821990267044836e-01 1.078170884404038077e+00
3.085227479233698666e-01 9.785093295403655134e-01
3.095632968200352497e-01 7.631803383526758466e-01
3.106038457167006328e-01 4.868466152831132376e-01
3.116443946133660159e-01 5.601510087168648511e-01
3.126849435100313990e-01 8.216319979670458906e-01
3.137254924066967821e-01 6.792921145680672623e-01
3.147660413033621651e-01 5.646393172399513105e-01
3.158065902000275482e-01 5.667348193566610348e-01
3.168471390966929313e-01 6.000236225179911287e-01
3.178876879933583144e-01 4.471572930007425839e-01
3.189282368900236975e-01 5.625581096853764507e-01
3.199687857866890806e-01 6.220898375084580323e-01
3.210093346833544636e-01 5.247146755857627909e-01
3.220498835800198467e-01 4.480257816775221613e-01
3.230904324766852298e-01 3.019231955793486577e-01
3.241309813733506129e-01 3.338162249096647827e-01
3.251715302700159960e-01 5.224794791755655865e-01
3.262120791666813790e-01 7.292655474929183868e-01
3.272526280633467621e-01 6.849031222561450249e-01
3.282931769600121452e-01 7.365297683817431107e-01
3.293337258566775283e-01 8.984053659368704814e-01
3.303742747533429114e-01 9.964240391838217192e-01
3.314148236500082945e-01 7.577547954125201102e-01
3.324553725466736775e-01 8.302202444828310490e-01
3.334959214433390606e-01 7.822143617236605451e-01
3.345364703400044437e-01 7.217230198509128059e-01
3.355770192366698268e-01 4.442355522547174473e-01
3.366175681333352099e-01 3.970824337217209177e-01
3.376581170300005930e-01 6.037042297057340079e-01
3.386986659266659760e-01 4.974104161045822536e-01
3.397392148233313591e-01 6.326938939777413395e-01
3.407797637199967422e-01 4.601168026702957548e-01
3.418203126166621253e-01 1.303054837752846140e-01
3.428608615133275084e-01 2.552043414298701407e-01
3.439014104099928915e-01 2.275945190143247032e-01
3.449419593066582745e-01 3.049273747827605519e-01
3.459825082033236576e-01 3.648651803019085094e-01
3.470230570999890407e-01 5.192629352518771668e-01
3.480636059966544238e-01 5.588722711091875794e-01
3.491041548933198069e-01 4.337329733922743458e-01
3.501447037899851900e-01 2.598269712998337866e-01
3.511852526866505730e-01 4.118680489288770730e-01
3.522258015833159561e-01 3.692248142616243456e-01
3.532663504799813392e-01 2.598426431700460171e-01
3.543068993766467223e-01 4.504225285222069886e-01
3.553474482733121054e-01 6.079349799344910821e-01
3.563879971699774885e-01 4.015714328441895020e-01
3.574285460666428715e-01 2.935685317464873378e-01
3.584690949633082546e-01 6.339183126032104099e-01
3.595096438599736377e-01 4.436442371962172615e-01
3.605501927566390208e-01 2.552424941146611559e-01
3.615907416533044039e-01 3.708996778511810533e-01
3.626312905499697870e-01 2.962386756116259789e-01
3.636718394466351700e-01 4.601219505681370947e-01
3.647123883433005531e-01 3.728599670850734071e-01
3.657529372399659362e-01 5.360499901924100641e-01
3.667934861366313193e-01 6.537440154891527300e-01
3.678340350332967024e-01 4.668378888294455464e-01
3.688745839299620854e-01 3.663334523460122227e-01
3.699151328266274685e-01 2.479815226179127308e-01
3.709556817232928516e-01 1.510680972367666186e-01
3.719962306199582347e-01 1.110592049617409316e-01
3.730367795166236178e-01 4.366188602343612501e-01
3.740773284132890009e-01 3.370179427635591196e-01
3.751178773099543839e-01 4.195563160715281015e-01
3.761584262066197670e-01 7.161656471030575233e-01
3.771989751032851501e-01 6.606462412580960120e-01
3.782395239999505332e-01 5.566671475045517070e-01
3.792800728966159163e-01 6.977112496759687588e-01
3.803206217932812994e-01 5.693553203681496200e-01
3.813611706899466824e-01 2.726679082309431124e-01
3.824017195866120655e-01 4.360836538842036703e-01
3.834422684832774486e-01 5.872928148374150226e-01
3.844828173799428317e-01 4.631846324559205641e-01
3.855233662766082148e-01 3.844252091262703175e-01
3.865639151732735979e-01 5.272434062395703336e-01
3.876044640699389809e-01 7.492015188267657777e-01
3.886450129666043640e-01 6.234393446107588943e-01
3.896855618632697471e-01 6.163595060995348263e-01
3.907261107599351302e-01 7.194506921270154010e-01
3.917666596566005133e-01 8.012806594566335150e-01
3.928072085532658964e-01 7.973944037739073565e-01
3.938477574499312794e-01 6.701481435929608210e-01
3.948883063465966625e-01 5.155034341571891332e-01
3.959288552432620456e-01 4.117023334982263805e-01
3.969694041399274287e-01 5.739429191623059978e-01
3.980099530365928118e-01 7.440025304635184966e-01
3.990505019332581949e-01 5.621224993521032332e-01
4.000910508299235779e-01 7.739191081432110764e-01
4.011315997265889610e-01 6.976033098873237748e-01
4.021721486232543441e-01 5.132457084205022113e-01
4.032126975199197272e-01 6.179760280972530495e-01
4.042532464165851103e-01 5.348162919695624851e-01
4.052937953132504934e-01 5.556432151318340118e-01
4.063343442099158764e-01 5.424982913451898980e-01
4.073748931065812595e-01 6.615212005411414964e-01
4.084154420032466426e-01 4.795633600404691776e-01
4.094559908999120257e-01 2.007371691055830354e-01
4.104965397965774088e-01 2.682562359032125698e-01
4.115370886932427918e-01 2.374697330324480049e-01
4.125776375899081749e-01 1.589153973054422408e-01
4.136181864865735580e-01 3.218163796871920113e-01
4.146587353832389411e-01 4.010460702254263765e-01
4.156992842799043242e-01 2.240722303056870146e-01
4.167398331765697073e-01 2.896102505520765646e-01
4.177803820732350903e-01 4.104305307097035893e-01
4.188209309699004734e-01 4.872101545341855910e-01
4.198614798665658565e-01 4.382548178912415437e-01
4.209020287632312396e-01 3.127611883489969102e-01
4.219425776598966227e-01 2.999785857692458535e-01
4.229831265565620058e-01 2.913620958686919948e-01
4.240236754532273888e-01 1.114967005094378294e-01
4.250642243498927719e-01 2.447492811478433339e-01
4.261047732465581550e-01 3.617492865306601857e-01
4.271453221432235381e-01 4.263709782128550785e-01
4.281858710398889212e-01 4.574878928549388490e-01
4.292264199365543043e-01 3.310949662454056863e-01
4.302669688332196873e-01 4.689277421334026030e-01
4.313075177298850704e-01 3.210614510695748436e-01
4.323480666265504535e-01 1.342723753163319600e-01
4.333886155232158366e-01 6.044998349933194959e-02
4.344291644198812197e-01 1.214717512468936889e-01
4.354697133165466028e-01 2.788954351580557045e-01
4.365102622132119858e-01 2.404089153026625070e-01
4.375508111098773689e-01 1.759438581632508658e-01
4.385913600065427520e-01 6.105317403835996970e-02
4.396319089032081351e-01 3.276253670485544944e-01
4.406724577998735182e-01 3.308350490006297662e-01
4.417130066965389013e-01 2.586518266824811008e-01
4.427535555932042843e-01 1.228840045637831224e-01
4.437941044898696674e-01 2.160889683697888586e-01
4.448346533865350505e-01 1.226892060044342259e-01
4.458752022832004336e-01 3.628038534977875429e-01
4.469157511798658167e-01 4.798182800987298435e-01
4.479563000765311997e-01 4.233409031408505996e-01
4.489968489731965828e-01 3.707877012010030171e-01
4.500373978698619659e-01 4.944536743945739943e-01
4.510779467665273490e-01 4.384064262243541066e-01
4.521184956631927321e-01 2.663892254795143799e-01
4.531590445598581152e-01 2.054651324970215853e-01
4.541995934565234982e-01 1.456441673065249631e-01
4.552401423531888813e-01 3.555413125692901133e-01
4.562806912498542644e-01 3.485401313126104128e-01
4.573212401465196475e-01 3.353315765790618741e-01
4.583617890431850306e-01 3.654801388439423704e-01
4.594023379398504137e-01 4.504179625109934193e-01
4.604428868365157967e-01 3.171417381912533529e-01
4.614834357331811798e-01 3.700490201015611547e-01
4.625239846298465629e-01 3.368055385051818007e-01
4.635645335265119460e-01 4.137306191905238961e-01
4.646050824231773291e-01 5.264811649806553362e-01
4.656456313198427122e-01 5.199701331160504481e-01
4.666861802165080952e-01 4.109265952887923845e-01
4.677267291131734783e-01 3.376211495296743692e-01
4.687672780098388614e-01 2.910530737756289454e-01
4.698078269065042445e-01 2.800252351897363212e-01
4.708483758031696276e-01 3.434821545963089306e-01
4.718889246998350107e-01 2.543288360300977047e-01
4.729294735965003937e-01 2.950998165516161009e-01
4.739700224931657768e-01 4.255102227992928476e-01
4.750105713898311599e-01 3.742934901794292557e-01
4.760511202864965430e-01 3.379244154349514417e-01
4.770916691831619261e-01 2.974605783750945420e-01
4.781322180798273092e-01 4.141878705844526110e-01
4.791727669764926922e-01 3.666250440076126438e-01
4.802133158731580753e-01 2.696047580105371821e-01
4.812538647698234584e-01 3.595177446316988323e-01
4.822944136664888415e-01 2.016862757927562200e-01
4.833349625631542246e-01 2.311270861816190347e-01
4.843755114598196077e-01 2.425768888107313614e-01
4.854160603564849907e-01 1.974238110056738549e-01
4.864566092531503738e-01 1.504999989321511578e-01
4.874971581498157569e-01 2.197534825388771651e-01
4.885377070464811400e-01 3.792371991164067424e-01
4.895782559431465231e-01 2.687504331954855274e-01
4.906188048398119061e-01 3.657543954826856236e-01
4.916593537364772892e-01 3.332874004355019792e-01
4.926999026331426723e-01 3.355908288237650083e-01
4.937404515298080554e-01 3.098053041099078087e-01
4.947810004264734385e-01 3.677705255563878950e-01
4.958215493231388216e-01 2.840352454628281009e-01
4.968620982198042046e-01 1.801287294041742371e-01
4.979026471164695877e-01 5.279873874983209703e-02
4.989431960131349708e-01 2.398446449097804134e-01
4.999837449098003539e-01 3.222616390183432600e-01
5.010242938064657370e-01 1.557129117923921058e-01
5.020648427031311201e-01 2.010895053344725625e-01
5.031053915997965031e-01 2.670170145389612060e-01
5.041459404964618862e-01 1.057773604677514356e-01
5.051864893931272693e-01 2.845645709344033492e-01
5.062270382897926524e-01 2.933747479623995957e-01
5.072675871864580355e-01 2.663523625765051861e-01
5.083081360831234186e-01 1.139714198239119014e-01
5.093486849797888016e-01 1.426979949500548628e-01
5.103892338764541847e-01 9.894211325121560208e-02
5.114297827731195678e-01 2.338391377801194437e-01
5.124703316697849509e-01 1.694756922664986121e-01
5.135108805664503340e-01 1.507592945031497322e-01
5.145514294631157171e-01 1.906612850473692333e-01
5.155919783597811001e-01 2.679435504944791546e-01
5.166325272564464832e-01 5.617729011438505893e-01
5.176730761531118663e-01 2.830601580802856176e-01
5.187136250497772494e-01 2.391351746808858536e-01
5.197541739464426325e-01 1.839724982945440956e-01
5.207947228431080156e-01 5.974384542161104150e-02
5.218352717397733986e-01 2.012346457580207471e-01
5.228758206364387817e-01 3.049710800989444692e-01
5.239163695331041648e-01 3.391856258007841518e-01
5.249569184297695479e-01 4.517264243486565078e-01
5.259974673264349310e-01 3.842768944977166257e-01
5.270380162231003141e-01 1.742849350908279860e-01
5.280785651197656971e-01 2.900947056521019363e-01
5.291191140164310802e-01 3.037982795354920995e-01
5.301596629130964633e-01 2.993188909542929821e-01
5.312002118097618464e-01 2.668723514218349635e-01
5.322407607064272295e-01 3.161088763378820943e-01
5.332813096030926125e-01 1.754460073843624457e-01
5.343218584997581067e-01 2.309318654335754673e-01
5.353624073964233787e-01 2.281012445204808614e-01
5.364029562930888728e-01 2.789241824731760744e-01
5.374435051897541449e-01 1.924161472490197866e-01
5.384840540864196390e-01 6.171270944003737213e-02
5.395246029830849110e-01 8.949875062429768491e-02
5.405651518797504052e-01 2.460426034241507409e-01
5.416057007764156772e-01 4.126941348076265115e-01
5.426462496730811713e-01 3.588593969817424068e-01
5.436867985697464434e-01 2.545165925830659148e-01
5.447273474664119375e-01 9.313090044744853913e-02
5.457678963630772095e-01 7.456404091677981683e-02
5.468084452597427036e-01 2.031254842794112392e-01
5.478489941564079757e-01 2.062955940222543916e-01
5.488895430530734698e-01 2.158680625984565893e-01
5.499300919497387419e-01 1.560153480374779633e-01
5.509706408464042360e-01 3.689748739403704292e-01
5.520111897430695080e-01 4.673985118590771037e-01
5.530517386397350021e-01 4.475028456227079232e-01
5.540922875364002742e-01 2.248028799068748640e-01
5.551328364330657683e-01 2.467510056143069619e-01
5.561733853297310404e-01 2.400564547785783986e-01
5.572139342263965345e-01 2.475386970343116388e-01
5.582544831230618065e-01 2.875709888103124001e-01
5.592950320197273006e-01 2.095316370960524921e-01
5.603355809163925727e-01 2.517720237315117515e-01
5.613761298130580668e-01 3.494366786959410831e-01
5.624166787097233389e-01 2.927708128646244745e-01
5.634572276063888330e-01 2.158646862785360554e-01
5.644977765030541050e-01 1.171877974025861135e-01
5.655383253997195991e-01 9.986728293295854542e-02
5.665788742963848712e-01 1.762649442060642002e-01
5.676194231930503653e-01 2.668641816795904731e-01
5.686599720897156374e-01 3.340874620719738175e-01
5.697005209863811315e-01 2.873041931946573868e-01
5.707410698830464035e-01 3.862324960891001524e-01
5.717816187797118976e-01 2.814682349885906376e-01
5.728221676763771697e-01 1.421183640724130726e-01
5.738627165730426638e-01 2.301090296612393615e-01
5.749032654697079359e-01 2.510402522631451916e-01
5.759438143663734300e-01 2.916554923948417866e-01
5.769843632630387020e-01 1.763887062347073709e-01
5.780249121597041961e-01 2.149423747216516745e-01
5.790654610563694682e-01 2.062421937776868219e-01
5.801060099530349623e-01 2.201132051431144987e-01
5.811465588497002344e-01 2.602099847051064785e-01
5.821871077463657285e-01 3.444588565427295634e-01
5.832276566430310005e-01 4.351283131534877668e-01
5.842682055396964946e-01 2.353642724719762214e-01
5.853087544363617667e-01 2.205758233218624298e-01
5.863493033330272608e-01 2.378345414637976774e-01
5.873898522296925329e-01 1.823402001807714612e-01
5.884304011263580270e-01 2.116669229019443321e-01
5.894709500230232990e-01 1.222952124768355020e-01
5.905114989196887931e-01 8.183338325169842165e-02
5.915520478163540652e-01 7.831587969029030205e-02
5.925925967130195593e-01 3.012458870833611968e-02
5.936331456096848314e-01 7.820297639454310001e-02
5.946736945063503255e-01 2.563405858038727558e-01
5.957142434030155975e-01 2.643403605350798102e-01
5.967547922996810916e-01 2.563534525792832142e-01
5.977953411963463637e-01 3.091299882618230299e-01
5.988358900930118578e-01 9.883273279292126290e-02
5.998764389896771299e-01 0.000000000000000000e+00
