# q (1/Angstrom), Intensity (arb)
2.029070354705860696e-02 3.549281132476221501e+01
2.133125244372399004e-02 3.316286579551632485e+01
2.237180134038937659e-02 2.713905552419100786e+01
2.341235023705475968e-02 2.422582654094932764e+01
2.445289913372014276e-02 2.249301405372423801e+01
2.549344803038552584e-02 1.918130427122493131e+01
2.653399692705091240e-02 1.800070743080397051e+01
2.757454582371629548e-02 1.731902251079095834e+01
2.861509472038167856e-02 1.615363424469339293e+01
2.965564361704706164e-02 1.436090819003470642e+01
3.069619251371244473e-02 1.443403809679047356e+01
3.173674141037782781e-02 1.465471240500871630e+01
3.277729030704321089e-02 1.442710703901406788e+01
3.381783920370859398e-02 1.297281565854171248e+01
3.485838810037397706e-02 1.307066336683093510e+01
3.589893699703936014e-02 1.202597295988193338e+01
3.693948589370474322e-02 1.104495951497145256e+01
3.798003479037012631e-02 1.174419238652794206e+01
3.902058368703550939e-02 1.209785395962644827e+01
4.006113258370089247e-02 1.112386661562216972e+01
4.110168148036627556e-02 1.178021894063343211e+01
4.214223037703165864e-02 1.231512413095254743e+01
4.318277927369704866e-02 1.151109497534908144e+01
4.422332817036243174e-02 1.135076899088004865e+01
4.526387706702781483e-02 1.237680825629168879e+01
4.630442596369319791e-02 1.172435262999442784e+01
4.734497486035858099e-02 1.189634368507270423e+01
4.838552375702396408e-02 1.306553047736588624e+01
4.942607265368934716e-02 1.240559447857043551e+01
5.046662155035473024e-02 1.252169579073780170e+01
5.150717044702011332e-02 1.267864767938868908e+01
5.254771934368549641e-02 1.306947422135198877e+01
5.358826824035087949e-02 1.385501966667517948e+01
5.462881713701626257e-02 1.491995901040412775e+01
5.566936603368164566e-02 1.556598772911024042e+01
5.670991493034702874e-02 1.590710280522467812e+01
5.775046382701241182e-02 1.718030351247368515e+01
5.879101272367779490e-02 1.825261743395478575e+01
5.983156162034317799e-02 1.927031727287583962e+01
6.087211051700856107e-02 2.128552553165633654e+01
6.191265941367394415e-02 2.280878315951384039e+01
6.295320831033933417e-02 2.450971326513695203e+01
6.399375720700471726e-02 2.684719485325049249e+01
6.503430610367010034e-02 2.881362647327382120e+01
6.607485500033548342e-02 3.138188099625441296e+01
6.711540389700086651e-02 3.410625494585818274e+01
6.815595279366624959e-02 3.625293192441838386e+01
6.919650169033163267e-02 3.798166930262917873e+01
7.023705058699701576e-02 4.053688617016645424e+01
7.127759948366239884e-02 4.543183506014204909e+01
7.231814838032778192e-02 5.844445811641737265e+01
7.335869727699316500e-02 9.184471530367616765e+01
7.439924617365854809e-02 1.637464612354523581e+02
7.543979507032393117e-02 2.610003181277222097e+02
7.648034396698931425e-02 3.573827043110140949e+02
7.752089286365469734e-02 5.494111380917747738e+02
7.856144176032008042e-02 9.722419895371351686e+02
7.960199065698546350e-02 1.342649909559191883e+03
8.064253955365084658e-02 1.125707970720445928e+03
8.168308845031622967e-02 6.299445001363307028e+02
8.272363734698161275e-02 3.642846638588009682e+02
8.376418624364699583e-02 2.678803766937184605e+02
8.480473514031239279e-02 2.180159385308625417e+02
8.584528403697777588e-02 1.846992917581378606e+02
8.688583293364315896e-02 1.592203172978929331e+02
8.792638183030854204e-02 1.408810467101564541e+02
8.896693072697392513e-02 1.333156290065839471e+02
9.000747962363930821e-02 1.460466053152940162e+02
9.104802852030469129e-02 1.713951981259314152e+02
9.208857741697007437e-02 1.715017272659999605e+02
9.312912631363545746e-02 1.228659439226912298e+02
9.416967521030084054e-02 6.463014268468199930e+01
9.521022410696622362e-02 3.371610924523969288e+01
9.625077300363160671e-02 2.067676452540376886e+01
9.729132190029698979e-02 1.414864787438466820e+01
9.833187079696237287e-02 1.127598711462711023e+01
9.937241969362775595e-02 8.724189875786283466e+00
1.004129685902931390e-01 6.565361149207198821e+00
1.014535174869585221e-01 5.514781632198907602e+00
1.024940663836239052e-01 4.931594222275080597e+00
1.035346152802892883e-01 4.240284879211515090e+00
1.045751641769546714e-01 3.337200394729201491e+00
1.056157130736200545e-01 2.838914809998637878e+00
1.066562619702854375e-01 2.681984336211510112e+00
1.076968108669508206e-01 2.552518573635992993e+00
1.087373597636162037e-01 2.435177888290354531e+00
1.097779086602815868e-01 2.345817465228467569e+00
1.108184575569469699e-01 2.311088791685083521e+00
1.118590064536123529e-01 2.248963118164805763e+00
1.128995553502777360e-01 2.051046097159481718e+00
1.139401042469431191e-01 1.743156195540162656e+00
1.149806531436085022e-01 1.808824317750133304e+00
1.160212020402738853e-01 2.295565773521520470e+00
1.170617509369392684e-01 2.417755514765875802e+00
1.181022998336046514e-01 2.438265445088191541e+00
1.191428487302700345e-01 2.443304248582961691e+00
1.201833976269354176e-01 2.282926785376393042e+00
1.212239465236008007e-01 2.550618321111524978e+00
1.222644954202661838e-01 2.824131602531778640e+00
1.233050443169315669e-01 3.205669775347029571e+00
1.243455932135969499e-01 3.547794396875424638e+00
1.253861421102623330e-01 4.525370330656176776e+00
1.264266910069277161e-01 6.141821698901662074e+00
1.274672399035930992e-01 1.060804400299724293e+01
1.285077888002584823e-01 1.961302976022074418e+01
1.295483376969238654e-01 3.115959501168466517e+01
1.305888865935892484e-01 3.284738915926628522e+01
1.316294354902546315e-01 2.299994919241224167e+01
1.326699843869200146e-01 1.359814577589822804e+01
1.337105332835853977e-01 9.228189564836885239e+00
1.347510821802507808e-01 7.265499599239408468e+00
1.357916310769161639e-01 6.631188628131550189e+00
1.368321799735815469e-01 6.760465918640239380e+00
1.378727288702469300e-01 6.440271997901646728e+00
1.389132777669123131e-01 6.243853059043214415e+00
1.399538266635776962e-01 6.194009645838455924e+00
1.409943755602430793e-01 6.354309710857549476e+00
1.420349244569084624e-01 6.667781297654553185e+00
1.430754733535738454e-01 6.731360661500961129e+00
1.441160222502392285e-01 6.741882879097030212e+00
1.451565711469046116e-01 7.125015558301573293e+00
1.461971200435699947e-01 7.989650418675971366e+00
1.472376689402353778e-01 9.452306867576709237e+00
1.482782178369007609e-01 1.292121029127220311e+01
1.493187667335661439e-01 2.077176226966533434e+01
1.503593156302315270e-01 3.613377756644658234e+01
1.513998645268969101e-01 5.883094689296466129e+01
1.524404134235622932e-01 7.393737726737958837e+01
1.534809623202276763e-01 6.568548627026703457e+01
1.545215112168930593e-01 4.308625915791079564e+01
1.555620601135584424e-01 2.631214529049107398e+01
1.566026090102238255e-01 1.942804531503526277e+01
1.576431579068892086e-01 1.905179953769289369e+01
1.586837068035545917e-01 2.054766777843565606e+01
1.597242557002199748e-01 1.958842375139431979e+01
1.607648045968853578e-01 1.400362047511133667e+01
1.618053534935507409e-01 8.558543405669567505e+00
1.628459023902161240e-01 4.937968877578356341e+00
1.638864512868815071e-01 2.988717855488381758e+00
1.649270001835468902e-01 2.704792762217277158e+00
1.659675490802122733e-01 2.136971645871362568e+00
1.670080979768776563e-01 1.682354407237667715e+00
1.680486468735430672e-01 1.153819179558883690e+00
1.690891957702084503e-01 1.276898477901667661e+00
1.701297446668738333e-01 1.491085493511508986e+00
1.711702935635392164e-01 1.333979426691449532e+00
1.722108424602045995e-01 1.003955320491080272e+00
1.732513913568699826e-01 9.822727151844610205e-01
1.742919402535353657e-01 1.234040889641445204e+00
1.753324891502007488e-01 1.065048737630750253e+00
1.763730380468661318e-01 9.222830062935472029e-01
1.774135869435315149e-01 7.569554689040245421e-01
1.784541358401968980e-01 6.116231047778128982e-01
1.794946847368622811e-01 9.410932691606035405e-01
1.805352336335276642e-01 9.911660657633554194e-01
1.815757825301930473e-01 9.481502852229048983e-01
1.826163314268584303e-01 9.615497064966227470e-01
1.836568803235238134e-01 1.024594924545926489e+00
1.846974292201891965e-01 8.412720314968780144e-01
1.857379781168545796e-01 7.247980784994680903e-01
1.867785270135199627e-01 8.512987418801145623e-01
1.878190759101853458e-01 8.408533548150849413e-01
1.888596248068507288e-01 8.481705948007451923e-01
1.899001737035161119e-01 7.106521781311734287e-01
1.909407226001814950e-01 9.335687948660797986e-01
1.919812714968468781e-01 8.062713418326872272e-01
1.930218203935122612e-01 4.285242557514372663e-01
1.940623692901776443e-01 4.348839060186016070e-01
1.951029181868430273e-01 6.644480347434047474e-01
1.961434670835084104e-01 6.399800695102335624e-01
1.971840159801737935e-01 5.682129974511340720e-01
1.982245648768391766e-01 5.843156347384734772e-01
1.992651137735045597e-01 9.412792628845245702e-01
2.003056626701699428e-01 1.170182684376658955e+00
2.013462115668353813e-01 9.522926354960965512e-01
2.023867604635007644e-01 1.176207498281254260e+00
2.034273093601661475e-01 1.538111830871340402e+00
2.044678582568315306e-01 1.954672496423853545e+00
2.055084071534969137e-01 2.394420229754565810e+00
2.065489560501622968e-01 2.088274984768041520e+00
2.075895049468276798e-01 1.449048374467718503e+00
2.086300538434930629e-01 1.126714034672225750e+00
2.096706027401584460e-01 8.530246417640974244e-01
2.107111516368238291e-01 9.401065864099749092e-01
2.117517005334892122e-01 8.903772095031641243e-01
2.127922494301545953e-01 6.150237384238188554e-01
2.138327983268199783e-01 7.315850058238488884e-01
2.148733472234853614e-01 8.237607649531710763e-01
2.159138961201507445e-01 9.270212894968139494e-01
2.169544450168161276e-01 1.049459981648901419e+00
2.179949939134815107e-01 1.099069890245303327e+00
2.190355428101468938e-01 1.298714017561476197e+00
2.200760917068122768e-01 1.170789598576067903e+00
2.211166406034776599e-01 1.454752654735230522e+00
2.221571895001430430e-01 1.772718620832669956e+00
2.231977383968084261e-01 2.795434912768648417e+00
2.242382872934738092e-01 3.628654965137666721e+00
2.252788361901391923e-01 4.301109480532424811e+00
2.263193850868045753e-01 4.062529683288282456e+00
2.273599339834699584e-01 3.256607646844908999e+00
2.284004828801353415e-01 2.474569666117510280e+00
2.294410317768007246e-01 1.975689769518631067e+00
2.304815806734661077e-01 1.639277526258172912e+00
2.315221295701314908e-01 1.651943613300240088e+00
2.325626784667968738e-01 1.451407819259891596e+00
2.336032273634622569e-01 1.792378876498652573e+00
2.346437762601276400e-01 1.939447579086824192e+00
2.356843251567930231e-01 2.431478105986830229e+00
2.367248740534584062e-01 2.938538824990693854e+00
2.377654229501237892e-01 3.706521735828527397e+00
2.388059718467891723e-01 4.052611890017455920e+00
2.398465207434545554e-01 3.766657808641607375e+00
2.408870696401199385e-01 2.923755837095349364e+00
2.419276185367853216e-01 2.053156688055807422e+00
2.429681674334507047e-01 1.533909013206486094e+00
2.440087163301160877e-01 1.095523301628190893e+00
2.450492652267814708e-01 9.406890445802176259e-01
2.460898141234468539e-01 7.738917223292069991e-01
2.471303630201122370e-01 4.406877094096799397e-01
2.481709119167776201e-01 5.201144348393924588e-01
2.492114608134430032e-01 5.568334682376168132e-01
2.502520097101083585e-01 6.600691763531685297e-01
2.512925586067737416e-01 5.466699680932656236e-01
2.523331075034391247e-01 4.259415585992307740e-01
2.533736564001045077e-01 3.313843897051924614e-01
2.544142052967698908e-01 3.329661611879792815e-01
2.554547541934352739e-01 4.777519474474090089e-01
2.564953030901006570e-01 6.382488303167193067e-01
2.575358519867660401e-01 5.698574085505967446e-01
2.585764008834314231e-01 5.243895783395977617e-01
2.596169497800968062e-01 7.138207276649701782e-01
2.606574986767621893e-01 8.007527573988610925e-01
2.616980475734275724e-01 4.374783995496827060e-01
2.627385964700929555e-01 4.456894239029303151e-01
2.637791453667583386e-01 3.456068047533982224e-01
2.648196942634237216e-01 1.282115810332697947e-01
2.658602431600891047e-01 3.852250700914545689e-01
2.669007920567544878e-01 3.940094131568443458e-01
2.679413409534198709e-01 3.625153610033251539e-01
2.689818898500852540e-01 3.328203312126305491e-01
2.700224387467506371e-01 3.404039363506861093e-01
2.710629876434160201e-01 4.221322699343126317e-01
2.721035365400814032e-01 5.557793608469303592e-01
2.731440854367467863e-01 8.645802903042572041e-01
2.741846343334121694e-01 3.187155057804638147e-01
2.752251832300775525e-01 3.521990412320832320e-01
2.762657321267429356e-01 3.983798863887102470e-01
2.773062810234083186e-01 3.027267944816038892e-01
2.783468299200737017e-01 1.449313585568106078e-01
2.793873788167390848e-01 1.247113513133868423e-01
2.804279277134044679e-01 3.332284278793302690e-01
2.814684766100698510e-01 1.638076123543079632e-01
2.825090255067352341e-01 1.464654799423712461e-01
2.835495744034006171e-01 2.093283257636606720e-01
2.845901233000660002e-01 1.764977230758013604e-01
2.856306721967313833e-01 3.647009454394307681e-01
2.866712210933967664e-01 3.448756795599017266e-01
2.877117699900621495e-01 4.685620155080165716e-01
2.887523188867275326e-01 3.301444908411106383e-01
2.897928677833929156e-01 4.016121858162300384e-01
2.908334166800582987e-01 5.471793709281236318e-01
2.918739655767236818e-01 5.752831720512752156e-01
2.929145144733890649e-01 6.685808234052359467e-01
2.939550633700544480e-01 7.925421474416722845e-01
2.949956122667198311e-01 6.876580835825230054e-01
2.960361611633852141e-01 5.870566009069975166e-01
2.970767100600505972e-01 4.878424786662129975e-01
2.981172589567159803e-01 6.300186488878232183e-01
2.991578078533813634e-01 6.951858757200213290e-01
3.001983567500468020e-01 7.801824650127571203e-01
3.012389056467121851e-01 8.008192667621685246e-01
3.022794545433775681e-01 7.285517312383724686e-01
3.033200034400429512e-01 7.073836154267922893e-01
3.043605523367083343e-01 1.054225266341116907e+00
3.054011012333737174e-01 9.828083883846083779e-01
3.064416501300391005e-01 9.183696030183163828e-01
3.074821990267044836e-01 8.070846370100568379e-01
3.085227479233698666e-01 4.595569148172948815e-01
3.095632968200352497e-01 3.396513559770681923e-01
3.106038457167006328e-01 4.900054110311877764e-01
3.116443946133660159e-01 3.548586906380322148e-01
3.126849435100313990e-01 2.958980449154928749e-01
3.137254924066967821e-01 2.624959584239263677e-01
3.147660413033621651e-01 3.530390132007958925e-01
3.158065902000275482e-01 5.106769874661196695e-01
3.168471390966929313e-01 4.265037517226737407e-01
3.178876879933583144e-01 4.898562707163556240e-01
3.189282368900236975e-01 3.676200582242366011e-01
3.199687857866890806e-01 2.415123093725952685e-01
3.210093346833544636e-01 2.923748091623998846e-01
3.220498835800198467e-01 2.926089086513030679e-01
3.230904324766852298e-01 3.796950922692872155e-01
3.241309813733506129e-01 3.972565540739374512e-01
3.251715302700159960e-01 5.513207479199451200e-01
3.262120791666813790e-01 6.714065631337824414e-01
3.272526280633467621e-01 6.627126049924747520e-01
3.282931769600121452e-01 7.379092781260467859e-01
3.293337258566775283e-01 8.449688788249254401e-01
3.303742747533429114e-01 8.629576423044333922e-01
3.314148236500082945e-01 6.334157978069256956e-01
3.324553725466736775e-01 7.455303383803801864e-01
3.334959214433390606e-01 7.283886932867318365e-01
3.345364703400044437e-01 4.469897375986100485e-01
3.355770192366698268e-01 4.042353646604155415e-01
3.366175681333352099e-01 5.463888923936117692e-01
3.376581170300005930e-01 3.926733460844253898e-01
3.386986659266659760e-01 1.848289113131116324e-01
3.397392148233313591e-01 3.334041128901219508e-01
3.407797637199967422e-01 5.679125700941831667e-01
3.418203126166621253e-01 4.578233342346322843e-01
3.428608615133275084e-01 4.786797871473957855e-01
3.439014104099928915e-01 3.316787153960056855e-01
3.449419593066582745e-01 3.374019658750633255e-01
3.459825082033236576e-01 3.730803069835424424e-01
3.470230570999890407e-01 3.463499278557335970e-01
3.480636059966544238e-01 2.724868066448422610e-01
3.491041548933198069e-01 1.579622377003566669e-01
3.501447037899851900e-01 3.152006107146938518e-01
3.511852526866505730e-01 3.540635262992211096e-01
3.522258015833159561e-01 4.076925264579394081e-01
3.532663504799813392e-01 4.387119594396331479e-01
3.543068993766467223e-01 5.395508765611900515e-01
3.553474482733121054e-01 4.180022334107142967e-01
3.563879971699774885e-01 3.700552320938044204e-01
3.574285460666428715e-01 5.328129209846750314e-01
3.584690949633082546e-01 3.808094029323143559e-01
3.595096438599736377e-01 3.119605060654535578e-01
3.605501927566390208e-01 3.545083230299113097e-01
3.615907416533044039e-01 8.518423510946959709e-02
3.626312905499697870e-01 0.000000000000000000e+00
3.636718394466351700e-01 1.757782588156828751e-01
3.647123883433005531e-01 2.939852923604462376e-01
3.657529372399659362e-01 1.361387513528704574e-01
3.667934861366313193e-01 1.231987981398354748e-01
3.678340350332967024e-01 2.048395617279581415e-01
3.688745839299620854e-01 2.376809449802941288e-01
3.699151328266274685e-01 1.947470011173102478e-01
3.709556817232928516e-01 1.665743408838125106e-01
3.719962306199582347e-01 3.187046763192711296e-01
3.730367795166236178e-01 3.888332247874330960e-01
3.740773284132890009e-01 3.634633079432916247e-01
3.751178773099543839e-01 2.798103644185623295e-01
3.761584262066197670e-01 3.363466142029629680e-01
3.771989751032851501e-01 4.942284032800117188e-01
3.782395239999505332e-01 2.971505180614499864e-01
3.792800728966159163e-01 2.918019946687948618e-01
3.803206217932812994e-01 5.918111524999360995e-01
3.813611706899466824e-01 5.082728996075545069e-01
3.824017195866120655e-01 4.288751763163389796e-01
3.834422684832774486e-01 5.005894520866718267e-01
3.844828173799428317e-01 4.401702119473860364e-01
3.855233662766082148e-01 3.852808719766898093e-01
3.865639151732735979e-01 3.706614606745013418e-01
3.876044640699389809e-01 2.940500251101454410e-01
3.886450129666043640e-01 2.452209919529444448e-01
3.896855618632697471e-01 4.939688127028034614e-01
3.907261107599351302e-01 5.754493369274413794e-01
3.917666596566005133e-01 4.216365939868076396e-01
3.928072085532658964e-01 4.262277432437784341e-01
3.938477574499312794e-01 5.218375675632849209e-01
3.948883063465966625e-01 4.843716261113115706e-01
3.959288552432620456e-01 4.847572278719987082e-01
3.969694041399274287e-01 5.773298571108824717e-01
3.980099530365928118e-01 5.387406700360628520e-01
3.990505019332581949e-01 5.304928639343344798e-01
4.000910508299235779e-01 4.478099832671347258e-01
4.011315997265889610e-01 4.490876014794729087e-01
4.021721486232543441e-01 5.059324566145129154e-01
4.032126975199197272e-01 3.577060334733808133e-01
4.042532464165851103e-01 4.159818405004571673e-01
4.052937953132504934e-01 5.428943468826510355e-01
4.063343442099158764e-01 3.243847431993067687e-01
4.073748931065812595e-01 1.717135069819306636e-01
4.084154420032466426e-01 1.036892339157660103e-01
4.094559908999120257e-01 1.929262900715258411e-01
4.104965397965774088e-01 1.847975517438200654e-01
4.115370886932427918e-01 1.768601738890787090e-01
4.125776375899081749e-01 2.860100663565425805e-01
4.136181864865735580e-01 1.782392869213431652e-01
4.146587353832389411e-01 1.604103334211970378e-01
4.156992842799043242e-01 2.488812788389651587e-01
4.167398331765697073e-01 2.503599505767972744e-01
4.177803820732350903e-01 3.802190168004599968e-01
4.188209309699004734e-01 4.364303806742952929e-01
4.198614798665658565e-01 4.188197733084670915e-01
4.209020287632312396e-01 3.891772948220051376e-01
4.219425776598966227e-01 1.770054745271423258e-01
4.229831265565620058e-01 2.025161711300675904e-01
4.240236754532273888e-01 3.467325624386923266e-01
4.250642243498927719e-01 2.616750048429601350e-01
4.261047732465581550e-01 1.136715144668762889e-01
4.271453221432235381e-01 8.194187216650306027e-02
4.281858710398889212e-01 1.817150092024633068e-01
4.292264199365543043e-01 2.277530147038433483e-01
4.302669688332196873e-01 2.452928600444721496e-01
4.313075177298850704e-01 9.125867520628361262e-02
4.323480666265504535e-01 1.136634193487040534e-01
4.333886155232158366e-01 1.956547146025009454e-01
4.344291644198812197e-01 1.774406692629675319e-01
4.354697133165466028e-01 1.813798053344797268e-01
4.365102622132119858e-01 2.003487012772744436e-01
4.375508111098773689e-01 2.392813388064602975e-01
4.385913600065427520e-01 2.116039924672641348e-01
4.396319089032081351e-01 3.319179953998343535e-01
4.406724577998735182e-01 3.800691977242003361e-01
4.417130066965389013e-01 3.081637771693159777e-01
4.427535555932042843e-01 2.487760330291557409e-01
4.437941044898696674e-01 1.938130018200290294e-01
4.448346533865350505e-01 7.916332349893906439e-02
4.458752022832004336e-01 1.615434877791237511e-01
4.469157511798658167e-01 2.376343248797923025e-01
4.479563000765311997e-01 1.524438751281707027e-01
4.489968489731965828e-01 2.667260838240501641e-01
4.500373978698619659e-01 2.658813495672056604e-01
4.510779467665273490e-01 2.453473809189787858e-01
4.521184956631927321e-01 1.545757383353745240e-01
4.531590445598581152e-01 2.872255996907888687e-01
4.541995934565234982e-01 3.419223919329503758e-01
4.552401423531888813e-01 2.355297491920005371e-01
4.562806912498542644e-01 2.839499617387772901e-01
4.573212401465196475e-01 3.549833015164374217e-01
4.583617890431850306e-01 3.816431959928436868e-01
4.594023379398504137e-01 2.327988719483329305e-01
4.604428868365157967e-01 2.879159677949836293e-01
4.614834357331811798e-01 2.818557427011292305e-01
4.625239846298465629e-01 7.689661621597565500e-02
4.635645335265119460e-01 1.152255371566113240e-01
4.646050824231773291e-01 3.057550175112311308e-01
4.656456313198427122e-01 3.577920737387820793e-01
4.666861802165080952e-01 1.695783509581190174e-01
4.677267291131734783e-01 2.390748190257880879e-01
4.687672780098388614e-01 4.390297539261887039e-01
4.698078269065042445e-01 4.251132644278428074e-01
4.708483758031696276e-01 4.458114040545240186e-01
4.718889246998350107e-01 4.017726903377436543e-01
4.729294735965003937e-01 5.504457011591696869e-01
4.739700224931657768e-01 4.767247284961975140e-01
4.750105713898311599e-01 3.942502552038895658e-01
4.760511202864965430e-01 4.714585569625562300e-01
4.770916691831619261e-01 3.605861612959877505e-01
4.781322180798273092e-01 2.406220579298441464e-01
4.791727669764926922e-01 3.043657613149903796e-01
4.802133158731580753e-01 3.678404249310531782e-01
4.812538647698234584e-01 3.236076146370585604e-01
4.822944136664888415e-01 3.333447022492848077e-01
4.833349625631542246e-01 2.956983413566369734e-01
4.843755114598196077e-01 2.753455775627919877e-01
4.854160603564849907e-01 2.121651527734691456e-01
4.864566092531503738e-01 2.095238387123750101e-01
4.874971581498157569e-01 2.182638806834553691e-01
4.885377070464811400e-01 1.262687252948033745e-01
4.895782559431465231e-01 2.650386612232935590e-02
4.906188048398119061e-01 4.064466591353621538e-02
4.916593537364772892e-01 2.611115213883401509e-01
4.926999026331426723e-01 3.132506689413432355e-01
4.937404515298080554e-01 1.745685300910118087e-01
4.947810004264734385e-01 2.152210031991472761e-01
4.958215493231388216e-01 3.127434476316715006e-01
4.968620982198042046e-01 2.261908068801368188e-01
4.979026471164695877e-01 4.343882932904392646e-01
4.989431960131349708e-01 5.293759766970964620e-01
4.999837449098003539e-01 4.280038097478033876e-01
5.010242938064657370e-01 3.706739101264489022e-01
5.020648427031311201e-01 2.368554800148920947e-01
5.031053915997965031e-01 3.106394199351321106e-01
5.041459404964618862e-01 3.702769193129604730e-01
5.051864893931272693e-01 4.120017513001954512e-01
5.062270382897926524e-01 3.673752630832325394e-01
5.072675871864580355e-01 2.960063715577057053e-01
5.083081360831234186e-01 4.379261121936082191e-01
5.093486849797888016e-01 3.422259560197566941e-01
5.103892338764541847e-01 3.495105017666908509e-01
5.114297827731195678e-01 2.960618115524198402e-01
5.124703316697849509e-01 2.757608984150259346e-01
5.135108805664503340e-01 2.278025559016683133e-01
5.145514294631157171e-01 1.140836485671563594e-01
5.155919783597811001e-01 1.880901542071278243e-01
5.166325272564464832e-01 2.840425925064842261e-01
5.176730761531118663e-01 2.432613650730814925e-01
5.187136250497772494e-01 1.837561363485313848e-01
5.197541739464426325e-01 1.890492377528758539e-01
5.207947228431080156e-01 1.582398677466194670e-01
5.218352717397733986e-01 2.774913421240796652e-01
5.228758206364387817e-01 3.451633005327003900e-01
5.239163695331041648e-01 2.413738105324760852e-01
5.249569184297695479e-01 1.888296212279030328e-01
5.259974673264349310e-01 2.938757568313619117e-01
5.270380162231003141e-01 2.179292929875380480e-01
5.280785651197656971e-01 2.111210838331025741e-01
5.291191140164310802e-01 2.996926717628305425e-01
5.301596629130964633e-01 3.501672935269688480e-01
5.312002118097618464e-01 3.537939341407572158e-01
5.322407607064272295e-01 3.053753753378138924e-01
5.332813096030926125e-01 2.417600764341436559e-01
5.343218584997581067e-01 3.649629574801664944e-01
5.353624073964233787e-01 3.493386937392450875e-01
5.364029562930888728e-01 1.887557190484834280e-01
5.374435051897541449e-01 1.856008138969436061e-01
5.384840540864196390e-01 2.792375908068613910e-01
5.395246029830849110e-01 2.949655616923259061e-01
5.405651518797504052e-01 2.976211906406049934e-01
5.416057007764156772e-01 3.131373068376532842e-01
5.426462496730811713e-01 2.480946256907401448e-01
5.436867985697464434e-01 1.962001260568477790e-01
5.447273474664119375e-01 2.859967597834156550e-01
5.457678963630772095e-01 2.679558686517395927e-01
5.468084452597427036e-01 3.006303250845334674e-01
5.478489941564079757e-01 2.886259486146478537e-01
5.488895430530734698e-01 2.604091558764096703e-01
5.499300919497387419e-01 2.795527363916612273e-01
5.509706408464042360e-01 1.616435832083062962e-01
5.520111897430695080e-01 9.011411973075311721e-02
5.530517386397350021e-01 1.576522348579487698e-01
5.540922875364002742e-01 4.004007995627532068e-01
5.551328364330657683e-01 2.969292056110113265e-01
5.561733853297310404e-01 2.699468564577500729e-01
5.572139342263965345e-01 3.161420603771176729e-01
5.582544831230618065e-01 3.469962270278337257e-01
5.592950320197273006e-01 2.647347215850430757e-01
5.603355809163925727e-01 4.281112647070735022e-01
5.613761298130580668e-01 4.348768014951325256e-01
5.624166787097233389e-01 2.423274184908805751e-01
5.634572276063888330e-01 2.955521626794492818e-01
5.644977765030541050e-01 2.099245819370452182e-01
5.655383253997195991e-01 1.349579353633103551e-01
5.665788742963848712e-01 2.248938745311264142e-01
5.676194231930503653e-01 3.028267100783672561e-01
5.686599720897156374e-01 3.251934296414837888e-01
5.697005209863811315e-01 2.379275785478220939e-01
5.707410698830464035e-01 1.996334476602008579e-01
5.717816187797118976e-01 2.898373511675309544e-01
5.728221676763771697e-01 3.061753177192976239e-01
5.738627165730426638e-01 2.429902064091749025e-01
5.749032654697079359e-01 2.719330902200631783e-01
5.759438143663734300e-01 3.759676099938751292e-01
5.769843632630387020e-01 3.476099903570037952e-01
5.780249121597041961e-01 3.345871399853415085e-01
5.790654610563694682e-01 3.801802942298557753e-01
5.801060099530349623e-01 4.032261955829312683e-01
5.811465588497002344e-01 3.434755646972185161e-01
5.821871077463657285e-01 3.264473372239287130e-01
5.832276566430310005e-01 2.620679087987589639e-01
5.842682055396964946e-01 2.402747613970106499e-01
5.853087544363617667e-01 2.595893048143835813e-01
5.863493033330272608e-01 3.612245714042394695e-01
5.873898522296925329e-01 3.289135851965170332e-01
5.884304011263580270e-01 3.406077675743262034e-01
5.894709500230232990e-01 2.461175268545083838e-01
5.905114989196887931e-01 2.781036828720182541e-01
5.915520478163540652e-01 2.889364479098333049e-01
5.925925967130195593e-01 2.961692774701880637e-01
5.936331456096848314e-01 2.476358324191494376e-01
5.946736945063503255e-01 3.008121306803985817e-01
5.957142434030155975e-01 2.433900226554932544e-01
5.967547922996810916e-01 2.232665140932255099e-01
5.977953411963463637e-01 1.514683174182707148e-01
5.988358900930118578e-01 2.688411310342715410e-01
5.998764389896771299e-01 2.543894836547693217e-01
