# q (1/Angstrom), Intensity (arb)
2.029070354705860696e-02 6.377141302293091485e+01
2.133125244372399004e-02 5.107950972800870204e+01
2.237180134038937659e-02 4.544905089423892264e+01
2.341235023705475968e-02 4.243776044911979284e+01
2.445289913372014276e-02 3.773192558436812760e+01
2.549344803038552584e-02 3.504062718892055273e+01
2.653399692705091240e-02 3.137881338982623447e+01
2.757454582371629548e-02 2.843178220364663389e+01
2.861509472038167856e-02 2.584456557082930317e+01
2.965564361704706164e-02 2.333780122305732618e+01
3.069619251371244473e-02 2.304955355910365711e+01
3.173674141037782781e-02 2.200918956955497663e+01
3.277729030704321089e-02 2.158512413528663387e+01
3.381783920370859398e-02 2.043035185916165375e+01
3.485838810037397706e-02 1.912836592692843851e+01
3.589893699703936014e-02 1.789722974231538188e+01
3.693948589370474322e-02 1.679741202782074083e+01
3.798003479037012631e-02 1.618583574397121794e+01
3.902058368703550939e-02 1.571324430027685537e+01
4.006113258370089247e-02 1.673091332364457884e+01
4.110168148036627556e-02 1.717936576042204422e+01
4.214223037703165864e-02 1.581665559115930364e+01
4.318277927369704866e-02 1.544335068420341628e+01
4.422332817036243174e-02 1.570924159188286495e+01
4.526387706702781483e-02 1.505579612994131367e+01
4.630442596369319791e-02 1.486975176730733494e+01
4.734497486035858099e-02 1.513150440406749198e+01
4.838552375702396408e-02 1.507603505076326655e+01
4.942607265368934716e-02 1.487646801090143356e+01
5.046662155035473024e-02 1.411596493111981232e+01
5.150717044702011332e-02 1.498962751665798976e+01
5.254771934368549641e-02 1.539638517688351271e+01
5.358826824035087949e-02 1.627492877125731496e+01
5.462881713701626257e-02 1.702620052883041524e+01
5.566936603368164566e-02 1.780981259501189129e+01
5.670991493034702874e-02 1.790998265350179963e+01
5.775046382701241182e-02 1.750823158279165170e+01
5.879101272367779490e-02 1.900400647177458069e+01
5.983156162034317799e-02 1.975582968624637203e+01
6.087211051700856107e-02 2.128611495690866207e+01
6.191265941367394415e-02 2.326677311659575054e+01
6.295320831033933417e-02 2.566868472231771392e+01
6.399375720700471726e-02 2.812985407352261547e+01
6.503430610367010034e-02 2.956941390521705415e+01
6.607485500033548342e-02 3.171279725322773402e+01
6.711540389700086651e-02 3.405475003880808060e+01
6.815595279366624959e-02 3.583294927909916794e+01
6.919650169033163267e-02 3.804893558635695427e+01
7.023705058699701576e-02 3.981676335996100136e+01
7.127759948366239884e-02 4.090257599341368433e+01
7.231814838032778192e-02 4.467550607740423629e+01
7.335869727699316500e-02 5.301833721931071608e+01
7.439924617365854809e-02 7.737021791545645044e+01
7.543979507032393117e-02 1.377787141817557881e+02
7.648034396698931425e-02 2.295707824079516683e+02
7.752089286365469734e-02 3.188486043708984425e+02
7.856144176032008042e-02 4.500114645586711504e+02
7.960199065698546350e-02 7.850525657692282948e+02
8.064253955365084658e-02 1.253767541981423165e+03
8.168308845031622967e-02 1.285485592298767187e+03
8.272363734698161275e-02 8.060300146811043760e+02
8.376418624364699583e-02 4.340900238941811722e+02
8.480473514031239279e-02 2.923635128937798981e+02
8.584528403697777588e-02 2.310169635813305149e+02
8.688583293364315896e-02 1.913277550886148788e+02
8.792638183030854204e-02 1.618165527666429000e+02
8.896693072697392513e-02 1.398942295107117104e+02
9.000747962363930821e-02 1.266331793795611702e+02
9.104802852030469129e-02 1.272647306893388901e+02
9.208857741697007437e-02 1.457992086056790129e+02
9.312912631363545746e-02 1.651224422613195770e+02
9.416967521030084054e-02 1.454303055142585492e+02
9.521022410696622362e-02 8.979371528598662167e+01
9.625077300363160671e-02 4.495383485280313351e+01
9.729132190029698979e-02 2.463690429047927211e+01
9.833187079696237287e-02 1.613532864162430513e+01
9.937241969362775595e-02 1.127795949735371295e+01
1.004129685902931390e-01 8.230107165132920954e+00
1.014535174869585221e-01 6.900134247624180261e+00
1.024940663836239052e-01 5.147674746312432603e+00
1.035346152802892883e-01 4.240105151377846937e+00
1.045751641769546714e-01 3.299974342165540975e+00
1.056157130736200545e-01 2.917626544853668236e+00
1.066562619702854375e-01 2.772814105798197204e+00
1.076968108669508206e-01 2.627895853322868902e+00
1.087373597636162037e-01 2.939551624139703279e+00
1.097779086602815868e-01 2.756328263837808379e+00
1.108184575569469699e-01 2.006136973302133697e+00
1.118590064536123529e-01 1.645071396415843878e+00
1.128995553502777360e-01 1.857538853218137831e+00
1.139401042469431191e-01 1.864130189187029885e+00
1.149806531436085022e-01 2.281461143019818394e+00
1.160212020402738853e-01 2.294776864917331238e+00
1.170617509369392684e-01 2.082751545223970879e+00
1.181022998336046514e-01 2.209896848382378209e+00
1.191428487302700345e-01 2.394447663148966399e+00
1.201833976269354176e-01 2.525368735088513006e+00
1.212239465236008007e-01 2.357553924305221926e+00
1.222644954202661838e-01 2.758669857051607721e+00
1.233050443169315669e-01 3.069995853506632955e+00
1.243455932135969499e-01 2.953832613534615348e+00
1.253861421102623330e-01 3.396364374889024873e+00
1.264266910069277161e-01 3.695174108311412908e+00
1.274672399035930992e-01 4.535905770537475235e+00
1.285077888002584823e-01 6.146855919087421682e+00
1.295483376969238654e-01 1.035302769360655617e+01
1.305888865935892484e-01 2.074501013202726796e+01
1.316294354902546315e-01 3.544579134612751403e+01
1.326699843869200146e-01 4.172470290563915540e+01
1.337105332835853977e-01 3.199178702903267890e+01
1.347510821802507808e-01 1.815707079476383257e+01
1.357916310769161639e-01 1.103388734590949127e+01
1.368321799735815469e-01 8.391903647259340460e+00
1.378727288702469300e-01 7.665908107883943501e+00
1.389132777669123131e-01 7.272874095244283410e+00
1.399538266635776962e-01 7.232838951901939595e+00
1.409943755602430793e-01 6.784859975384314623e+00
1.420349244569084624e-01 6.827844800886246901e+00
1.430754733535738454e-01 6.845652672770398794e+00
1.441160222502392285e-01 6.533879804036232031e+00
1.451565711469046116e-01 6.781188898111750518e+00
1.461971200435699947e-01 6.780863153445800151e+00
1.472376689402353778e-01 7.071689670733903199e+00
1.482782178369007609e-01 7.982692167691190832e+00
1.493187667335661439e-01 8.978153745832265997e+00
1.503593156302315270e-01 1.110409720662641320e+01
1.513998645268969101e-01 1.527543177572807309e+01
1.524404134235622932e-01 2.502475300363834521e+01
1.534809623202276763e-01 4.418350553567036343e+01
1.545215112168930593e-01 6.753278561677893777e+01
1.555620601135584424e-01 7.586188615289162840e+01
1.566026090102238255e-01 5.952019123086312646e+01
1.576431579068892086e-01 3.705738989931027305e+01
1.586837068035545917e-01 2.332843943676292042e+01
1.597242557002199748e-01 1.849706462229919879e+01
1.607648045968853578e-01 1.918867429029337046e+01
1.618053534935507409e-01 2.044615787534436890e+01
1.628459023902161240e-01 1.841159882265153414e+01
1.638864512868815071e-01 1.224165011888250376e+01
1.649270001835468902e-01 6.750907480951596540e+00
1.659675490802122733e-01 4.434861553722626581e+00
1.670080979768776563e-01 3.326729366492720885e+00
1.680486468735430672e-01 2.600855167808255430e+00
1.690891957702084503e-01 2.096104014194828835e+00
1.701297446668738333e-01 1.742772499041514322e+00
1.711702935635392164e-01 1.607008780864099151e+00
1.722108424602045995e-01 1.748391114971177274e+00
1.732513913568699826e-01 1.638243997475164804e+00
1.742919402535353657e-01 1.535456775028258392e+00
1.753324891502007488e-01 1.304134961428879080e+00
1.763730380468661318e-01 1.312003199836780709e+00
1.774135869435315149e-01 1.258905543246825687e+00
1.784541358401968980e-01 1.037992983576842221e+00
1.794946847368622811e-01 8.385245647695640514e-01
1.805352336335276642e-01 8.953063678765857958e-01
1.815757825301930473e-01 1.000904201494048351e+00
1.826163314268584303e-01 5.541384370086035460e-01
1.836568803235238134e-01 5.031253411483120885e-01
1.846974292201891965e-01 7.280727629796075462e-01
1.857379781168545796e-01 7.712507262005523501e-01
1.867785270135199627e-01 7.736157110443677709e-01
1.878190759101853458e-01 9.186159294861404589e-01
1.888596248068507288e-01 9.367156435450709751e-01
1.899001737035161119e-01 9.699942918972048744e-01
1.909407226001814950e-01 8.409737061768396416e-01
1.919812714968468781e-01 6.816354151588761567e-01
1.930218203935122612e-01 3.197150550080927189e-01
1.940623692901776443e-01 2.215342370826292040e-01
1.951029181868430273e-01 6.109171885166446714e-01
1.961434670835084104e-01 5.674749029276320300e-01
1.971840159801737935e-01 5.167600073493900936e-01
1.982245648768391766e-01 3.546273685059517788e-01
1.992651137735045597e-01 7.473609495099111655e-01
2.003056626701699428e-01 1.158858042927995768e+00
2.013462115668353813e-01 1.225374453250143603e+00
2.023867604635007644e-01 1.307544018332549740e+00
2.034273093601661475e-01 1.714167216269494531e+00
2.044678582568315306e-01 1.863706588329598901e+00
2.055084071534969137e-01 1.935705532751054392e+00
2.065489560501622968e-01 2.475204772480513071e+00
2.075895049468276798e-01 2.734385738318650283e+00
2.086300538434930629e-01 2.918486732320236143e+00
2.096706027401584460e-01 2.918675286243693989e+00
2.107111516368238291e-01 2.897602620413163521e+00
2.117517005334892122e-01 2.452772359771213218e+00
2.127922494301545953e-01 1.722227540674229118e+00
2.138327983268199783e-01 1.165886412983915932e+00
2.148733472234853614e-01 9.575993447119763857e-01
2.159138961201507445e-01 7.212539996444391477e-01
2.169544450168161276e-01 1.050651880760870682e+00
2.179949939134815107e-01 1.254942781747299563e+00
2.190355428101468938e-01 1.024117754292436899e+00
2.200760917068122768e-01 9.922241964858784513e-01
2.211166406034776599e-01 1.294589409850861017e+00
2.221571895001430430e-01 1.322652656631447599e+00
2.231977383968084261e-01 1.017899644800106529e+00
2.242382872934738092e-01 1.391494871401409483e+00
2.252788361901391923e-01 1.743395382622146883e+00
2.263193850868045753e-01 2.272241854707157671e+00
2.273599339834699584e-01 3.109258393058198067e+00
2.284004828801353415e-01 4.184096263840274332e+00
2.294410317768007246e-01 4.379878440475827972e+00
2.304815806734661077e-01 3.968743631981642039e+00
2.315221295701314908e-01 3.238895896668793739e+00
2.325626784667968738e-01 2.572893569898148769e+00
2.336032273634622569e-01 1.991523352266021618e+00
2.346437762601276400e-01 1.609856691450900712e+00
2.356843251567930231e-01 1.671078615677231483e+00
2.367248740534584062e-01 1.710438997880462608e+00
2.377654229501237892e-01 1.465156061317195224e+00
2.388059718467891723e-01 1.912407342271411181e+00
2.398465207434545554e-01 2.300974021554740290e+00
2.408870696401199385e-01 3.014169356806043254e+00
2.419276185367853216e-01 3.589623426247204208e+00
2.429681674334507047e-01 3.997185310777780387e+00
2.440087163301160877e-01 3.747605265877773206e+00
2.450492652267814708e-01 2.893060562782142853e+00
2.460898141234468539e-01 2.049526952359027376e+00
2.471303630201122370e-01 1.419670407361170561e+00
2.481709119167776201e-01 9.320745966821064599e-01
2.492114608134430032e-01 8.208799181887727059e-01
2.502520097101083585e-01 7.455370559531075969e-01
2.512925586067737416e-01 5.057613790083586025e-01
2.523331075034391247e-01 4.019180267917761284e-01
2.533736564001045077e-01 3.192313347147894831e-01
2.544142052967698908e-01 5.653075899686896832e-01
2.554547541934352739e-01 7.504400426768178534e-01
2.564953030901006570e-01 6.692818745198678698e-01
2.575358519867660401e-01 4.843762399892952430e-01
2.585764008834314231e-01 3.273240166339839163e-01
2.596169497800968062e-01 2.904838033193968272e-01
2.606574986767621893e-01 5.647261977994801896e-01
2.616980475734275724e-01 3.358969535524529704e-01
2.627385964700929555e-01 2.690047913353161846e-01
2.637791453667583386e-01 2.191720559989924766e-01
2.648196942634237216e-01 4.191253116987034844e-01
2.658602431600891047e-01 5.987913058872713634e-01
2.669007920567544878e-01 3.725166943053999091e-01
2.679413409534198709e-01 1.846797091238236987e-01
2.689818898500852540e-01 1.543230209265615827e-01
2.700224387467506371e-01 0.000000000000000000e+00
2.710629876434160201e-01 9.807452662148463673e-02
2.721035365400814032e-01 3.932123977414718752e-01
2.731440854367467863e-01 4.762232555311953774e-01
2.741846343334121694e-01 3.475872099634500501e-01
2.752251832300775525e-01 3.047599316519189472e-01
2.762657321267429356e-01 2.689526767548464647e-01
2.773062810234083186e-01 3.365914545665802393e-01
2.783468299200737017e-01 4.184117439988384035e-01
2.793873788167390848e-01 3.357418390373112516e-01
2.804279277134044679e-01 3.661669267230820424e-01
2.814684766100698510e-01 3.762636003065793489e-01
2.825090255067352341e-01 3.076134050918071239e-01
2.835495744034006171e-01 4.058221956720480250e-01
2.845901233000660002e-01 3.075944341819187855e-01
2.856306721967313833e-01 2.146948398092902721e-01
2.866712210933967664e-01 3.406832049661936423e-01
2.877117699900621495e-01 3.580705659038834199e-01
2.887523188867275326e-01 3.944004188432153057e-01
2.897928677833929156e-01 3.069649164063825708e-01
2.908334166800582987e-01 5.208891962839921064e-01
2.918739655767236818e-01 4.478465106122868633e-01
2.929145144733890649e-01 5.060876935703824131e-01
2.939550633700544480e-01 4.713828822186378886e-01
2.949956122667198311e-01 4.556960486483490058e-01
2.960361611633852141e-01 5.170807622426316641e-01
2.970767100600505972e-01 6.665085062105475799e-01
2.981172589567159803e-01 7.230339704429304959e-01
2.991578078533813634e-01 4.116463864807471396e-01
3.001983567500468020e-01 4.653685558322848692e-01
3.012389056467121851e-01 7.635682213480805558e-01
3.022794545433775681e-01 4.742314946964043543e-01
3.033200034400429512e-01 5.077029608805929684e-01
3.043605523367083343e-01 7.129311204745789610e-01
3.054011012333737174e-01 9.430055407150810254e-01
3.064416501300391005e-01 1.057903226232337346e+00
3.074821990267044836e-01 1.059197185726809209e+00
3.085227479233698666e-01 1.068321963519750284e+00
3.095632968200352497e-01 1.212195905493715031e+00
3.106038457167006328e-01 1.334392870926357944e+00
3.116443946133660159e-01 9.511321285616460841e-01
3.126849435100313990e-01 5.985162183483474507e-01
3.137254924066967821e-01 9.010348974936768229e-01
3.147660413033621651e-01 1.053415276601938899e+00
3.158065902000275482e-01 5.647957198851258909e-01
3.168471390966929313e-01 4.776070556367457698e-01
3.178876879933583144e-01 4.002495515703508033e-01
3.189282368900236975e-01 4.268609766937423444e-01
3.199687857866890806e-01 2.767865359341818987e-01
3.210093346833544636e-01 4.372305417064588084e-01
3.220498835800198467e-01 6.054690115420342522e-01
3.230904324766852298e-01 3.543297058204508687e-01
3.241309813733506129e-01 2.195062083111807283e-01
3.251715302700159960e-01 3.398930786867104814e-01
3.262120791666813790e-01 3.703374202768650036e-01
3.272526280633467621e-01 5.545950203851539584e-01
3.282931769600121452e-01 3.615763482451477273e-01
3.293337258566775283e-01 5.801881749804671529e-01
3.303742747533429114e-01 6.914212995363584469e-01
3.314148236500082945e-01 7.737079327943732210e-01
3.324553725466736775e-01 6.970512595247342347e-01
3.334959214433390606e-01 8.530724903177215879e-01
3.345364703400044437e-01 8.371568368746977740e-01
3.355770192366698268e-01 6.594970734753324848e-01
3.366175681333352099e-01 7.905820689457954131e-01
3.376581170300005930e-01 7.834323569272640952e-01
3.386986659266659760e-01 7.422327474036016781e-01
3.397392148233313591e-01 6.284158178793717298e-01
3.407797637199967422e-01 4.847715863824255678e-01
3.418203126166621253e-01 1.975083824807164490e-01
3.428608615133275084e-01 7.037882841304110570e-02
3.439014104099928915e-01 4.245641112414553220e-01
3.449419593066582745e-01 3.293847993292118304e-01
3.459825082033236576e-01 3.614689199338272374e-01
3.470230570999890407e-01 5.454448801616997855e-01
3.480636059966544238e-01 3.040267992669960506e-01
3.491041548933198069e-01 2.452947620710332899e-01
3.501447037899851900e-01 2.599075768925196428e-01
3.511852526866505730e-01 4.394374758889938448e-01
3.522258015833159561e-01 4.514058027005631857e-01
3.532663504799813392e-01 2.756076949762622519e-01
3.543068993766467223e-01 2.386697616140551759e-01
3.553474482733121054e-01 2.216854684648694729e-02
3.563879971699774885e-01 2.180420763323347444e-01
3.574285460666428715e-01 3.013521715749050145e-01
3.584690949633082546e-01 3.831084164727691643e-01
3.595096438599736377e-01 3.798802489418946493e-01
3.605501927566390208e-01 3.940372770763218568e-01
3.615907416533044039e-01 5.348991277560344315e-01
3.626312905499697870e-01 6.320447667142659043e-01
3.636718394466351700e-01 4.400495905250849660e-01
3.647123883433005531e-01 4.327500140282474206e-01
3.657529372399659362e-01 3.578666000534731495e-01
3.667934861366313193e-01 3.707100454895879693e-01
3.678340350332967024e-01 2.235916963998256790e-01
3.688745839299620854e-01 3.720234295468216601e-01
3.699151328266274685e-01 2.947601416441365529e-01
3.709556817232928516e-01 3.706646021887962661e-01
3.719962306199582347e-01 4.899742820089016959e-01
3.730367795166236178e-01 5.129787809310002444e-01
3.740773284132890009e-01 3.745102267793782858e-01
3.751178773099543839e-01 9.889276669961333255e-02
3.761584262066197670e-01 1.721546234268771514e-01
3.771989751032851501e-01 2.851087090027526472e-01
3.782395239999505332e-01 3.224076734567162816e-01
3.792800728966159163e-01 2.572439863548687811e-01
3.803206217932812994e-01 3.045527400179146582e-01
3.813611706899466824e-01 3.968182890427591758e-01
3.824017195866120655e-01 7.739337125888177127e-01
3.834422684832774486e-01 7.347413807970717414e-01
3.844828173799428317e-01 7.399329607825286814e-01
3.855233662766082148e-01 5.594995199274528375e-01
3.865639151732735979e-01 6.406923520377922898e-01
3.876044640699389809e-01 6.386886390840729177e-01
3.886450129666043640e-01 7.098792903206891935e-01
3.896855618632697471e-01 6.066243773724622201e-01
3.907261107599351302e-01 4.958988044267478301e-01
3.917666596566005133e-01 3.457684812463632795e-01
3.928072085532658964e-01 2.249850521289609162e-01
3.938477574499312794e-01 3.368683361266775478e-01
3.948883063465966625e-01 4.670103914688752411e-01
3.959288552432620456e-01 4.300063358969694605e-01
3.969694041399274287e-01 4.401651240323545267e-01
3.980099530365928118e-01 3.331473543224561240e-01
3.990505019332581949e-01 5.370959862880511082e-01
4.000910508299235779e-01 5.415243015047792596e-01
4.011315997265889610e-01 4.009472218701972679e-01
4.021721486232543441e-01 5.269699236253089225e-01
4.032126975199197272e-01 3.933602637086828224e-01
4.042532464165851103e-01 4.305668935376090189e-01
4.052937953132504934e-01 4.319593872492184516e-01
4.063343442099158764e-01 5.764916914491671207e-01
4.073748931065812595e-01 8.231622519135299854e-01
4.084154420032466426e-01 7.450538566287150388e-01
4.094559908999120257e-01 3.298154587404624749e-01
4.104965397965774088e-01 4.104566100068502976e-01
4.115370886932427918e-01 5.229355958355483835e-01
4.125776375899081749e-01 5.869616011644289699e-01
4.136181864865735580e-01 4.877898608578945527e-01
4.146587353832389411e-01 3.076739247689346257e-01
4.156992842799043242e-01 3.516138911367754361e-01
4.167398331765697073e-01 5.743920481750848239e-01
4.177803820732350903e-01 6.447536419263002472e-01
4.188209309699004734e-01 6.054907371375399805e-01
4.198614798665658565e-01 4.377734695489579053e-01
4.209020287632312396e-01 5.127950769649736174e-01
4.219425776598966227e-01 5.242577653040250141e-01
4.229831265565620058e-01 3.518120348588489321e-01
4.240236754532273888e-01 2.710782456631939397e-01
4.250642243498927719e-01 3.717513185051544156e-01
4.261047732465581550e-01 4.398461224814695925e-01
4.271453221432235381e-01 4.648974356864030710e-01
4.281858710398889212e-01 6.009283398687763622e-01
4.292264199365543043e-01 4.514181152725491586e-01
4.302669688332196873e-01 3.426657445808309888e-01
4.313075177298850704e-01 4.021086633560848611e-01
4.323480666265504535e-01 3.709144401800159585e-01
4.333886155232158366e-01 4.692748775160495711e-01
4.344291644198812197e-01 5.033148768869786238e-01
4.354697133165466028e-01 5.221464573921821284e-01
4.365102622132119858e-01 5.528353225837818741e-01
4.375508111098773689e-01 5.739464360126653730e-01
4.385913600065427520e-01 3.745511400117003120e-01
4.396319089032081351e-01 3.433547841144353185e-01
4.406724577998735182e-01 7.092344933029650633e-01
4.417130066965389013e-01 5.688748917636381464e-01
4.427535555932042843e-01 4.822983759250831781e-01
4.437941044898696674e-01 3.384537361233626029e-01
4.448346533865350505e-01 3.709795403518931778e-01
4.458752022832004336e-01 3.773242917517194428e-01
4.469157511798658167e-01 3.883695460699314594e-01
4.479563000765311997e-01 4.625676071556732438e-01
4.489968489731965828e-01 3.864310905398120610e-01
4.500373978698619659e-01 3.466941151617604078e-01
4.510779467665273490e-01 4.089875680813612746e-01
4.521184956631927321e-01 5.289477233333990114e-01
4.531590445598581152e-01 4.427981510318161895e-01
4.541995934565234982e-01 4.882202779350137689e-01
4.552401423531888813e-01 6.547709781996182699e-01
4.562806912498542644e-01 5.557517442295392129e-01
4.573212401465196475e-01 4.532012794837498859e-01
4.583617890431850306e-01 5.121742574437924134e-01
4.594023379398504137e-01 4.537805306362798774e-01
4.604428868365157967e-01 5.246523143869445960e-01
4.614834357331811798e-01 7.064783314989036000e-01
4.625239846298465629e-01 6.345419813911874485e-01
4.635645335265119460e-01 6.648428742404739467e-01
4.646050824231773291e-01 5.980509518968837313e-01
4.656456313198427122e-01 4.990473737072314009e-01
4.666861802165080952e-01 5.511126489900739500e-01
4.677267291131734783e-01 6.390649721337133826e-01
4.687672780098388614e-01 5.848369367807997321e-01
4.698078269065042445e-01 4.312650690366588435e-01
4.708483758031696276e-01 3.297492667614108086e-01
4.718889246998350107e-01 4.283036255808490012e-01
4.729294735965003937e-01 4.733011663425266136e-01
4.739700224931657768e-01 4.453112077720611239e-01
4.750105713898311599e-01 5.223669803287407376e-01
4.760511202864965430e-01 6.198855266055751656e-01
4.770916691831619261e-01 6.172828485018619915e-01
4.781322180798273092e-01 3.792830898028682896e-01
4.791727669764926922e-01 3.535780910867458715e-01
4.802133158731580753e-01 5.741189625647784567e-01
4.812538647698234584e-01 6.479185722854765572e-01
4.822944136664888415e-01 6.720615768728350758e-01
4.833349625631542246e-01 6.831859395246091538e-01
4.843755114598196077e-01 5.750062948934200335e-01
4.854160603564849907e-01 4.277958326767823394e-01
4.864566092531503738e-01 2.690536115544759355e-01
4.874971581498157569e-01 3.995417105851331030e-01
4.885377070464811400e-01 4.836312992135738398e-01
4.895782559431465231e-01 5.840022997757614576e-01
4.906188048398119061e-01 5.789213311503758064e-01
4.916593537364772892e-01 5.135046554961633092e-01
4.926999026331426723e-01 5.746294907602447211e-01
4.937404515298080554e-01 4.922572324970886370e-01
4.947810004264734385e-01 3.423692723371836166e-01
4.958215493231388216e-01 5.817280515944069919e-01
4.968620982198042046e-01 4.357102968188293346e-01
4.979026471164695877e-01 4.256056246498403084e-01
4.989431960131349708e-01 5.491137415041578151e-01
4.999837449098003539e-01 5.001384049256039077e-01
5.010242938064657370e-01 5.363403308477892040e-01
5.020648427031311201e-01 2.511710872434740338e-01
5.031053915997965031e-01 3.405496609346769787e-01
5.041459404964618862e-01 5.548292629802240583e-01
5.051864893931272693e-01 6.240355982097796073e-01
5.062270382897926524e-01 5.150602845532183949e-01
5.072675871864580355e-01 3.635100578398073878e-01
5.083081360831234186e-01 4.354551563700468364e-01
5.093486849797888016e-01 2.920114132862856593e-01
5.103892338764541847e-01 2.495333605632303886e-01
5.114297827731195678e-01 3.514179040147737965e-01
5.124703316697849509e-01 4.572025375250241552e-01
5.135108805664503340e-01 3.561229430936769802e-01
5.145514294631157171e-01 1.945470869202310382e-01
5.155919783597811001e-01 2.751919695031226354e-01
5.166325272564464832e-01 3.037745099677557903e-01
5.176730761531118663e-01 3.506752532880064166e-01
5.187136250497772494e-01 3.992597527037098359e-01
5.197541739464426325e-01 5.812043580324264269e-01
5.207947228431080156e-01 5.300921092402575141e-01
5.218352717397733986e-01 6.469825986032624598e-01
5.228758206364387817e-01 3.799836944407104511e-01
5.239163695331041648e-01 1.623527042749692839e-01
5.249569184297695479e-01 2.772196317085615647e-01
5.259974673264349310e-01 3.605468839189569508e-01
5.270380162231003141e-01 6.274209336978380236e-01
5.280785651197656971e-01 6.650846454742271874e-01
5.291191140164310802e-01 5.207367790310613032e-01
5.301596629130964633e-01 6.005752026829114243e-01
5.312002118097618464e-01 5.609099252253813006e-01
5.322407607064272295e-01 3.786510515050949266e-01
5.332813096030926125e-01 4.301675585654045619e-01
5.343218584997581067e-01 4.688585848478226126e-01
5.353624073964233787e-01 6.430609475029207545e-01
5.364029562930888728e-01 7.835631623127703449e-01
5.374435051897541449e-01 6.329061725113511727e-01
5.384840540864196390e-01 5.740581039726464496e-01
5.395246029830849110e-01 4.087743724022914193e-01
5.405651518797504052e-01 3.573534882687390279e-01
5.416057007764156772e-01 3.838789257631844976e-01
5.426462496730811713e-01 2.987537587946427209e-01
5.436867985697464434e-01 4.059021863837841693e-01
5.447273474664119375e-01 5.012252399589343099e-01
5.457678963630772095e-01 3.906947578114952080e-01
5.468084452597427036e-01 5.504611106469710080e-01
5.478489941564079757e-01 4.688188679853340091e-01
5.488895430530734698e-01 3.681742369690574890e-01
5.499300919497387419e-01 5.499087102728488219e-01
5.509706408464042360e-01 6.089691459478068225e-01
5.520111897430695080e-01 5.786348681647339731e-01
5.530517386397350021e-01 5.535038671363281537e-01
5.540922875364002742e-01 5.412747951115228773e-01
5.551328364330657683e-01 5.671386035449543783e-01
5.561733853297310404e-01 5.961302906900947107e-01
5.572139342263965345e-01 6.009198127149915081e-01
5.582544831230618065e-01 5.900450133534178576e-01
5.592950320197273006e-01 6.941838655876111375e-01
5.603355809163925727e-01 7.458449302864806896e-01
5.613761298130580668e-01 5.717629862848951916e-01
5.624166787097233389e-01 5.510654393473473078e-01
5.634572276063888330e-01 6.483380503961875263e-01
5.644977765030541050e-01 5.518797641197608073e-01
5.655383253997195991e-01 6.190562124638709918e-01
5.665788742963848712e-01 5.388575013976577566e-01
5.676194231930503653e-01 4.730633689477130588e-01
5.686599720897156374e-01 4.457116445381217318e-01
5.697005209863811315e-01 3.897644926762673379e-01
5.707410698830464035e-01 4.314750893888685823e-01
5.717816187797118976e-01 5.498754706952517779e-01
5.728221676763771697e-01 5.322782504985710261e-01
5.738627165730426638e-01 5.131939894284300863e-01
5.749032654697079359e-01 5.260470149199250045e-01
5.759438143663734300e-01 4.371400316920208695e-01
5.769843632630387020e-01 3.816312382885804766e-01
5.780249121597041961e-01 3.788690695397214370e-01
5.790654610563694682e-01 5.176075962923718521e-01
5.801060099530349623e-01 7.291059540918354287e-01
5.811465588497002344e-01 7.310855447681881003e-01
5.821871077463657285e-01 5.804872501520108585e-01
5.832276566430310005e-01 5.180277624469873388e-01
5.842682055396964946e-01 3.828353781471172113e-01
5.853087544363617667e-01 3.214114061780328768e-01
5.863493033330272608e-01 5.199409568186688091e-01
5.873898522296925329e-01 6.107446861582133124e-01
5.884304011263580270e-01 4.905617952567276063e-01
5.894709500230232990e-01 4.929420923627958473e-01
5.905114989196887931e-01 4.725112203601611327e-01
5.915520478163540652e-01 5.105972849524249568e-01
5.925925967130195593e-01 3.984393644906205623e-01
5.936331456096848314e-01 4.813279124411913301e-01
5.946736945063503255e-01 3.989264096359477207e-01
5.957142434030155975e-01 2.751345746340945198e-01
5.967547922996810916e-01 2.986613214250901649e-01
5.977953411963463637e-01 4.625229310772205338e-01
5.988358900930118578e-01 5.898707659954638416e-01
5.998764389896771299e-01 5.746427096366346632e-01
