# q (1/Angstrom), Intensity (arb)
2.067508526570814575e-02 5.966054841700605493e+02
2.163671713586316769e-02 6.263527754237384215e+02
2.259834900601819310e-02 6.480986001138919619e+02
2.355998087617321851e-02 6.543658037133436665e+02
2.452161274632824739e-02 6.554648474083552401e+02
2.548324461648326933e-02 6.536484145423262362e+02
2.644487648663829821e-02 6.528122557588253585e+02
2.740650835679332709e-02 6.518884112135002624e+02
2.836814022694834903e-02 6.478008778594659134e+02
2.932977209710337443e-02 6.429422132854572283e+02
3.029140396725839637e-02 6.407110454459054836e+02
3.125303583741342178e-02 6.369421186200926286e+02
3.221466770756845066e-02 6.325614207539787230e+02
3.317629957772347260e-02 6.248760491333243863e+02
3.413793144787850148e-02 6.214321328444832488e+02
3.509956331803352342e-02 6.207170018642987088e+02
3.606119518818855230e-02 6.200503392061715431e+02
3.702282705834358117e-02 6.129009601408092749e+02
3.798445892849860311e-02 6.052498155810836806e+02
3.894609079865363199e-02 5.956384544783796855e+02
3.990772266880865393e-02 5.917599004686715034e+02
4.086935453896367587e-02 5.848807377372860401e+02
4.183098640911870475e-02 5.788163368384633714e+02
4.279261827927372669e-02 5.707548058703434890e+02
4.375425014942875557e-02 5.623318623172282287e+02
4.471588201958377751e-02 5.540061371870419862e+02
4.567751388973880639e-02 5.466150680478361892e+02
4.663914575989382832e-02 5.386263665349858911e+02
4.760077763004885720e-02 5.302296964094521172e+02
4.856240950020387914e-02 5.213159721764612868e+02
4.952404137035890108e-02 5.122371896161520226e+02
5.048567324051392302e-02 5.033751970523204591e+02
5.144730511066895190e-02 4.961917222121351756e+02
5.240893698082397384e-02 4.852119136171556875e+02
5.337056885097899578e-02 4.745472623565532899e+02
5.433220072113403160e-02 4.648524779260559399e+02
5.529383259128905354e-02 4.540318099885480478e+02
5.625546446144407547e-02 4.435881179916076462e+02
5.721709633159910435e-02 4.332876949071517174e+02
5.817872820175412629e-02 4.238446287622565478e+02
5.914036007190914823e-02 4.136254339417337178e+02
6.010199194206417017e-02 4.018677951629895801e+02
6.106362381221920599e-02 3.917050395131012124e+02
6.202525568237422793e-02 3.824129220519650403e+02
6.298688755252924987e-02 3.711194725581453895e+02
6.394851942268428568e-02 3.603746151647920328e+02
6.491015129283930762e-02 3.514237404018279562e+02
6.587178316299432956e-02 3.429703292205602452e+02
6.683341503314935150e-02 3.329253409645010038e+02
6.779504690330438732e-02 3.230007782346008298e+02
6.875667877345940926e-02 3.133649412060647137e+02
6.971831064361443120e-02 3.046310405755249349e+02
7.067994251376945314e-02 2.948097477813504383e+02
7.164157438392447508e-02 2.846909437938765564e+02
7.260320625407949702e-02 2.758922804356714096e+02
7.356483812423453283e-02 2.673481561307531820e+02
7.452646999438955477e-02 2.580453103796121468e+02
7.548810186454457671e-02 2.482759088363271189e+02
7.644973373469959865e-02 2.392919118480891996e+02
7.741136560485463447e-02 2.311886779216272600e+02
7.837299747500965641e-02 2.226860539739379021e+02
7.933462934516467835e-02 2.140126052529124649e+02
8.029626121531971417e-02 2.071402036831421185e+02
8.125789308547473611e-02 1.997277666574519799e+02
8.221952495562975805e-02 1.916058945626589605e+02
8.318115682578479386e-02 1.836439521078116854e+02
8.414278869593981580e-02 1.766196823716216784e+02
8.510442056609483774e-02 1.694590295118062215e+02
8.606605243624985968e-02 1.620572832936077248e+02
8.702768430640489550e-02 1.553289931750917390e+02
8.798931617655991744e-02 1.493579676436083048e+02
8.895094804671493938e-02 1.428103595260997167e+02
8.991257991686996132e-02 1.358353396542767939e+02
9.087421178702498326e-02 1.293776267878136537e+02
9.183584365718000520e-02 1.235400372900983825e+02
9.279747552733502713e-02 1.176954090704718254e+02
9.375910739749006295e-02 1.124656582369639040e+02
9.472073926764508489e-02 1.064379733446867249e+02
9.568237113780010683e-02 1.012937840464509094e+02
9.664400300795514265e-02 9.614239949208199221e+01
9.760563487811016459e-02 9.166653346649400191e+01
9.856726674826518653e-02 8.656476368243585284e+01
9.952889861842022234e-02 8.209765973812108086e+01
1.004905304885752443e-01 7.745974280938739298e+01
1.014521623587302801e-01 7.294765308069527521e+01
1.024137942288853020e-01 6.870811327315036010e+01
1.033754260990403240e-01 6.550990789664534475e+01
1.043370579691953459e-01 6.161742965295970009e+01
1.052986898393503817e-01 5.765716325544490672e+01
1.062603217095053898e-01 5.384935124289475539e+01
1.072219535796604256e-01 4.996060475095886488e+01
1.081835854498154614e-01 4.692487637353320906e+01
1.091452173199704695e-01 4.385619135829836068e+01
1.101068491901255053e-01 4.087344397720162448e+01
1.110684810602805411e-01 3.801571574106526441e+01
1.120301129304355492e-01 3.565220766474389791e+01
1.129917448005905850e-01 3.320907780106354323e+01
1.139533766707456208e-01 3.033576938687493652e+01
1.149150085409006289e-01 2.768434546332782631e+01
1.158766404110556647e-01 2.531435893277358318e+01
1.168382722812106728e-01 2.364447745226660302e+01
1.177999041513657086e-01 2.181086164998014709e+01
1.187615360215207305e-01 1.984637329434701414e+01
1.197231678916757525e-01 1.857471952543891547e+01
1.206847997618307744e-01 1.673050385860366518e+01
1.216464316319858102e-01 1.486031755899799478e+01
1.226080635021408183e-01 1.361249714296068092e+01
1.235696953722958541e-01 1.217823830526833007e+01
1.245313272424508899e-01 1.067356123270269919e+01
1.254929591126059119e-01 9.902696535830376234e+00
1.264545909827609338e-01 8.616069641636354248e+00
1.274162228529159557e-01 7.767303696517544154e+00
1.283778547230709777e-01 7.227454094183329403e+00
1.293394865932259996e-01 6.648730868542337191e+00
1.303011184633810493e-01 5.281989787753801124e+00
1.312627503335360435e-01 4.678780343905369676e+00
1.322243822036910932e-01 4.550701780318078704e+00
1.331860140738460874e-01 3.998818688693255297e+00
1.341476459440011371e-01 3.638185891046543219e+00
1.351092778141561590e-01 3.274428615971366696e+00
1.360709096843111809e-01 2.390019138037558832e+00
1.370325415544662029e-01 1.781889596040159063e+00
1.379941734246212526e-01 1.764224723917518389e+00
1.389558052947762468e-01 1.691024663136808215e+00
1.399174371649312965e-01 1.437759868071214697e+00
1.408790690350863184e-01 1.025006697539204481e+00
1.418407009052413403e-01 1.222602026151154320e+00
1.428023327753963623e-01 1.448261536821227935e+00
1.437639646455513842e-01 1.409751451668906697e+00
1.447255965157064062e-01 1.107727579902121562e+00
1.456872283858614281e-01 1.201044607493237493e+00
1.466488602560164778e-01 9.658183042356398573e-01
1.476104921261714720e-01 8.705498912526437039e-01
1.485721239963265217e-01 1.021418518436998824e+00
1.495337558664815436e-01 1.500075812463510516e+00
1.504953877366365655e-01 1.243778694187401612e+00
1.514570196067915875e-01 1.482530678327400153e+00
1.524186514769466094e-01 1.476686243680056521e+00
1.533802833471016314e-01 1.677685360891413069e+00
1.543419152172566811e-01 2.119924228921721721e+00
1.553035470874116752e-01 2.385624898608419642e+00
1.562651789575667249e-01 2.435928746161096115e+00
1.572268108277217469e-01 2.661547970131529439e+00
1.581884426978767688e-01 3.072920084342968039e+00
1.591500745680317908e-01 3.043941492165288309e+00
1.601117064381868405e-01 3.239397183686612891e+00
1.610733383083418346e-01 3.436031211648696626e+00
1.620349701784968843e-01 3.638664651419588836e+00
1.629966020486519063e-01 3.799899181134293258e+00
1.639582339188069282e-01 3.645515363428202704e+00
1.649198657889619501e-01 3.935265318888056640e+00
1.658814976591169721e-01 4.234175801786289384e+00
1.668431295292719940e-01 4.464032507817176310e+00
1.678047613994270160e-01 4.856475268258158451e+00
1.687663932695820379e-01 4.763654128474446026e+00
1.697280251397370598e-01 4.792068909353432105e+00
1.706896570098921095e-01 4.636918653802371892e+00
1.716512888800471037e-01 4.949072876081554995e+00
1.726129207502021534e-01 4.766156336660117177e+00
1.735745526203571754e-01 4.844290375985501385e+00
1.745361844905121973e-01 5.199533068375615130e+00
1.754978163606672192e-01 5.240780529079223982e+00
1.764594482308222689e-01 5.002063681996386180e+00
1.774210801009772631e-01 5.202048716622766023e+00
1.783827119711323128e-01 5.458735038437172449e+00
1.793443438412873348e-01 5.997238563939561118e+00
1.803059757114423567e-01 6.077600693139768140e+00
1.812676075815973786e-01 5.768253947157635508e+00
1.822292394517524006e-01 5.632237757016103075e+00
1.831908713219074225e-01 5.411593531787932676e+00
1.841525031920624444e-01 5.592201102753804776e+00
1.851141350622174664e-01 5.800541965232653752e+00
1.860757669323724883e-01 5.839018969680623172e+00
1.870373988025275380e-01 5.652613820340032902e+00
1.879990306726825322e-01 5.317726387186901604e+00
1.889606625428375819e-01 5.316933569489080469e+00
1.899222944129926038e-01 5.471897605967296130e+00
1.908839262831476258e-01 5.660603469239024577e+00
1.918455581533026477e-01 5.206238480625852816e+00
1.928071900234576974e-01 5.090180375543987168e+00
1.937688218936126916e-01 4.763545585794219051e+00
1.947304537637677413e-01 4.618015500826782471e+00
1.956920856339227632e-01 4.738483385274268045e+00
1.966537175040777852e-01 4.655629554543288862e+00
1.976153493742328071e-01 4.401040481835931217e+00
1.985769812443878291e-01 4.378994239314831560e+00
1.995386131145428510e-01 4.370185460077252060e+00
2.005002449846978729e-01 4.376421702658728208e+00
2.014618768548528949e-01 4.167542338414758518e+00
2.024235087250079168e-01 3.944745530753863250e+00
2.033851405951629665e-01 3.731457016701309470e+00
2.043467724653179884e-01 3.447426017738997928e+00
2.053084043354730381e-01 3.420374457388106748e+00
2.062700362056280046e-01 3.337887339790967189e+00
2.072316680757830543e-01 3.348557645473260180e+00
2.081932999459380762e-01 3.479496191363832480e+00
2.091549318160931259e-01 3.379560289104606596e+00
2.101165636862481478e-01 2.780659020637575196e+00
2.110781955564031698e-01 2.453826198848467754e+00
2.120398274265581640e-01 2.669413080339676725e+00
2.130014592967132137e-01 2.492961238889861875e+00
2.139630911668682356e-01 2.431405256154629768e+00
2.149247230370232575e-01 2.360092861405949094e+00
2.158863549071783072e-01 2.131071006802784495e+00
2.168479867773333014e-01 1.818128038397205160e+00
2.178096186474883234e-01 1.793640861819479682e+00
2.187712505176433453e-01 1.873462748946884915e+00
2.197328823877983950e-01 1.859611536497737916e+00
2.206945142579534169e-01 1.880857897790289002e+00
2.216561461281084666e-01 1.869822060444473522e+00
2.226177779982634330e-01 1.354561471998440680e+00
2.235794098684184827e-01 1.090155228724043468e+00
2.245410417385735047e-01 1.127210541320717851e+00
2.255026736087285544e-01 9.112440410160296267e-01
2.264643054788835763e-01 9.728712046369842881e-01
2.274259373490385983e-01 9.742779627631001915e-01
2.283875692191935924e-01 8.560101262378054798e-01
2.293492010893486421e-01 8.000606777462806463e-01
2.303108329595036641e-01 1.009104182615541134e+00
2.312724648296586860e-01 9.020371003924729791e-01
2.322340966998137357e-01 6.096958559910667930e-01
2.331957285699687299e-01 5.555771865910692497e-01
2.341573604401237518e-01 6.540726179183096178e-01
2.351189923102787738e-01 7.190667069918958987e-01
2.360806241804338235e-01 7.687235394171594294e-01
2.370422560505888454e-01 6.166181436695410412e-01
2.380038879207438951e-01 3.977904384240247282e-01
2.389655197908988615e-01 3.932403594620410558e-01
2.399271516610539112e-01 3.037430802792044915e-01
2.408887835312089332e-01 2.948321956226997997e-01
2.418504154013639829e-01 5.135479978005186297e-01
2.428120472715190048e-01 3.371359594146348115e-01
2.437736791416740267e-01 1.997826732357204094e-01
2.447353110118290209e-01 2.088619086099079425e-01
2.456969428819840706e-01 3.549550571600263993e-01
2.466585747521390926e-01 3.643394563677802012e-01
2.476202066222941145e-01 5.471266713538263105e-01
2.485818384924491642e-01 4.193521329702214473e-01
2.495434703626041584e-01 3.397674383170645740e-01
2.505051022327591803e-01 6.180977894930066441e-01
2.514667341029142023e-01 4.610679694172290510e-01
2.524283659730692242e-01 1.325692992605524978e-01
2.533899978432243016e-01 2.688353753315801953e-01
2.543516297133793236e-01 2.714249132629653616e-01
2.553132615835342900e-01 3.632274872775198560e-01
2.562748934536893120e-01 5.266757175927132550e-01
2.572365253238443894e-01 4.886151510749066063e-01
2.581981571939994113e-01 3.959901621694257301e-01
2.591597890641544333e-01 2.783244479541764349e-01
2.601214209343094552e-01 4.292460270257372201e-01
2.610830528044644772e-01 4.398674166443363731e-01
2.620446846746194991e-01 4.327122800305218675e-01
2.630063165447745210e-01 4.840719094752898854e-01
2.639679484149295430e-01 6.326337483657056282e-01
2.649295802850845649e-01 7.001950291370171442e-01
2.658912121552395869e-01 6.647337023318797833e-01
2.668528440253946088e-01 5.310362694411061568e-01
2.678144758955496307e-01 7.654077574977193876e-01
2.687761077657046527e-01 7.109559293115452761e-01
2.697377396358597301e-01 6.138273260887565641e-01
2.706993715060147521e-01 7.386772977031377252e-01
2.716610033761697185e-01 7.028907984075978277e-01
2.726226352463247404e-01 9.817103705811227599e-01
2.735842671164798179e-01 1.034621779176735146e+00
2.745458989866348398e-01 7.748336062817706704e-01
2.755075308567898618e-01 9.337610027674827506e-01
2.764691627269448837e-01 9.065629415762934684e-01
2.774307945970999056e-01 8.188553350714293799e-01
2.783924264672549276e-01 9.410257205877243791e-01
2.793540583374099495e-01 9.424516994908422873e-01
2.803156902075649715e-01 9.807139866845631104e-01
2.812773220777199934e-01 8.292907697232578812e-01
2.822389539478750153e-01 8.979746613079129247e-01
2.832005858180300373e-01 9.470345303842186979e-01
2.841622176881850592e-01 7.420154795095150746e-01
2.851238495583400812e-01 6.028996543581506273e-01
2.860854814284951586e-01 7.848998141672076656e-01
2.870471132986501805e-01 1.035313713269459868e+00
2.880087451688051470e-01 1.129139634759148692e+00
2.889703770389601689e-01 9.667960878956201043e-01
2.899320089091152464e-01 5.817751050903083865e-01
2.908936407792702683e-01 6.763403523887028257e-01
2.918552726494252902e-01 7.044649570028056473e-01
2.928169045195803122e-01 7.769013235548953844e-01
2.937785363897353341e-01 7.531964444394994018e-01
2.947401682598903561e-01 6.588740120153460111e-01
2.957018001300453780e-01 8.506882960687711659e-01
2.966634320002003999e-01 9.721334985864196199e-01
2.976250638703554219e-01 9.692056551995982261e-01
2.985866957405104993e-01 7.889106419490765632e-01
2.995483276106654658e-01 8.248193055974724075e-01
3.005099594808204877e-01 7.763986421338486821e-01
3.014715913509755651e-01 7.165684498353748211e-01
3.024332232211305871e-01 5.718916260148354525e-01
3.033948550912856090e-01 6.846592088875205206e-01
3.043564869614405755e-01 7.934547370149545031e-01
3.053181188315956529e-01 7.400549499470265857e-01
3.062797507017506748e-01 5.837525349055567858e-01
3.072413825719056968e-01 5.932837606840131173e-01
3.082030144420607187e-01 5.662074317427965298e-01
3.091646463122157407e-01 5.417813125031685217e-01
3.101262781823707626e-01 6.344157039000855036e-01
3.110879100525257845e-01 5.222734693748272150e-01
3.120495419226808065e-01 6.810564612072376178e-01
3.130111737928358284e-01 7.852516165854268593e-01
3.139728056629909059e-01 7.237555929970334034e-01
3.149344375331459278e-01 5.361216180431895850e-01
3.158960694033008942e-01 6.227295187211439043e-01
3.168577012734559162e-01 6.078459426390878662e-01
3.178193331436109936e-01 4.926479905580016805e-01
3.187809650137660156e-01 3.972779545473166252e-01
3.197425968839210375e-01 4.582807349137212327e-01
3.207042287540760039e-01 4.532740177241443291e-01
3.216658606242310814e-01 3.692914609536508408e-01
3.226274924943861033e-01 2.353378193985840028e-01
3.235891243645411253e-01 1.190513024368016204e-01
3.245507562346961472e-01 3.230552495640388599e-01
3.255123881048511691e-01 4.487574318699465437e-01
3.264740199750061911e-01 5.192270596881378708e-01
3.274356518451612130e-01 5.348264343802533460e-01
3.283972837153162350e-01 4.996754317649063637e-01
3.293589155854712569e-01 2.753396678775885675e-01
3.303205474556263344e-01 1.918497772131715351e-01
3.312821793257813563e-01 1.378725187936673535e-01
3.322438111959363227e-01 3.732356749134879692e-01
3.332054430660913447e-01 2.806473499355846002e-01
3.341670749362464221e-01 2.620093138864483251e-01
3.351287068064014441e-01 3.044744472143108283e-01
3.360903386765564660e-01 3.148039357784213621e-01
3.370519705467114324e-01 1.883111035969271541e-01
3.380136024168665099e-01 2.848469028177333939e-01
3.389752342870215318e-01 2.318689256826260703e-01
3.399368661571765537e-01 2.659459547703981741e-01
3.408984980273315757e-01 1.999005547631362845e-01
3.418601298974865976e-01 4.396384208242523073e-01
3.428217617676416196e-01 4.276905651669409281e-01
3.437833936377966415e-01 2.738978044768529685e-01
3.447450255079516634e-01 1.482769398261964966e-01
3.457066573781066854e-01 1.337506733613480492e-01
3.466682892482617628e-01 1.961941563682962908e-01
3.476299211184167848e-01 2.938583773039056268e-01
3.485915529885717512e-01 4.948473924684542169e-01
3.495531848587267731e-01 2.370012602755622311e-01
3.505148167288818506e-01 1.317534951105585606e-01
3.514764485990368725e-01 2.067920743492486224e-01
3.524380804691918945e-01 3.413416691631958599e-01
3.533997123393468609e-01 2.188121388361601305e-01
3.543613442095019384e-01 2.134447613344363504e-01
3.553229760796569603e-01 2.271531261688366499e-01
3.562846079498119822e-01 1.482418503549922661e-01
3.572462398199670042e-01 2.287746478206287293e-01
3.582078716901220261e-01 2.211982366625271368e-01
3.591695035602770480e-01 2.920857362846476235e-01
3.601311354304320700e-01 3.013063516587166646e-01
3.610927673005870919e-01 4.333458552768654215e-01
3.620543991707421139e-01 4.162500856629058887e-01
3.630160310408971913e-01 3.657405295151470170e-01
3.639776629110522133e-01 3.648951577568197990e-01
3.649392947812071797e-01 4.071688568892923854e-01
3.659009266513622016e-01 3.772804485315752743e-01
3.668625585215172791e-01 3.648238677341417713e-01
3.678241903916723010e-01 4.755975600863457942e-01
3.687858222618273230e-01 4.881752658649318732e-01
3.697474541319822894e-01 5.584465066905650588e-01
3.707090860021373668e-01 5.195799914063741198e-01
3.716707178722923888e-01 4.831370473486060746e-01
3.726323497424474107e-01 6.312979770368016830e-01
3.735939816126024327e-01 4.659237841961605398e-01
3.745556134827574546e-01 3.055888898248504404e-01
3.755172453529124765e-01 4.069377376244958100e-01
3.764788772230674985e-01 4.284704170655579958e-01
3.774405090932225204e-01 4.404215749017623693e-01
3.784021409633775423e-01 5.132236258273543683e-01
3.793637728335326198e-01 4.526680615452143286e-01
3.803254047036876417e-01 6.555820165051642334e-01
3.812870365738426082e-01 4.929048377505189649e-01
3.822486684439976301e-01 5.234551457935054941e-01
3.832103003141527076e-01 5.081939245318771725e-01
3.841719321843077295e-01 4.165483236081719554e-01
3.851335640544627514e-01 4.143974339995395439e-01
3.860951959246177734e-01 4.343001370966028674e-01
3.870568277947727953e-01 2.118372722717438705e-01
3.880184596649278173e-01 3.016648528740546453e-01
3.889800915350828392e-01 4.521006647053518179e-01
3.899417234052378611e-01 4.819917341547359513e-01
3.909033552753928831e-01 3.504909205839048525e-01
3.918649871455479050e-01 3.190419084026459018e-01
3.928266190157029270e-01 4.544694369251445210e-01
3.937882508858579489e-01 4.269977783300120677e-01
3.947498827560129708e-01 3.585159425065995720e-01
3.957115146261680483e-01 4.485684445350024419e-01
3.966731464963230702e-01 4.516136883427712689e-01
3.976347783664780366e-01 4.921477664806168661e-01
3.985964102366330586e-01 4.878935883190784750e-01
3.995580421067881360e-01 4.384692641488143749e-01
4.005196739769430470e-01 3.173146303695020265e-01
4.014813058470981244e-01 3.495877500900697044e-01
4.024429377172531463e-01 3.896164687254071168e-01
4.034045695874082238e-01 4.444667027372126711e-01
4.043662014575631902e-01 4.587544964498242450e-01
4.053278333277181567e-01 3.226451679387629667e-01
4.062894651978732341e-01 2.882646692769306185e-01
4.072510970680282560e-01 3.418490670880984794e-01
4.082127289381833335e-01 2.349293072608915622e-01
4.091743608083382999e-01 2.080307959103322446e-01
4.101359926784933774e-01 2.616656987780103805e-01
4.110976245486483993e-01 3.413263085642057604e-01
4.120592564188033657e-01 3.242375256867155997e-01
4.130208882889584432e-01 3.275225742332459333e-01
4.139825201591134096e-01 1.655073796656196805e-01
4.149441520292684871e-01 2.000494882643266692e-01
4.159057838994235090e-01 1.939405124218538390e-01
4.168674157695784754e-01 1.975988419432006538e-01
4.178290476397335529e-01 2.006545200162541676e-01
4.187906795098885748e-01 0.000000000000000000e+00
4.197523113800436523e-01 3.154107558487275753e-01
4.207139432501986187e-01 3.350636182407420449e-01
4.216755751203536962e-01 3.455136531871190186e-01
4.226372069905086626e-01 5.027897094268816147e-01
4.235988388606636845e-01 2.757340795562690516e-01
4.245604707308187620e-01 4.027352780616624273e-01
4.255221026009737284e-01 4.326460900444395463e-01
4.264837344711288059e-01 4.269325818424647423e-01
4.274453663412838278e-01 3.598810950185331592e-01
4.284069982114387942e-01 2.678109083238489063e-01
4.293686300815938717e-01 3.604581766280929855e-01
4.303302619517488381e-01 3.119397873071889649e-01
4.312918938219039156e-01 3.213258841393802356e-01
4.322535256920589375e-01 4.176224645506216859e-01
4.332151575622139039e-01 3.292539592455696607e-01
4.341767894323689814e-01 3.929383784561686355e-01
4.351384213025240033e-01 4.811511877003304960e-01
4.361000531726790808e-01 4.306396175751565636e-01
4.370616850428340472e-01 1.979510794593011269e-01
4.380233169129891246e-01 2.738451249383118125e-01
4.389849487831440911e-01 3.883955781241326122e-01
4.399465806532991130e-01 2.673950758941785466e-01
4.409082125234541905e-01 2.651608919022869770e-01
4.418698443936091569e-01 3.123646791348910767e-01
4.428314762637642343e-01 3.610408302138843339e-01
4.437931081339192563e-01 3.347889598546487377e-01
4.447547400040742227e-01 3.925846553577656550e-01
4.457163718742293002e-01 3.353478337980533297e-01
4.466780037443842666e-01 3.168689236387329800e-01
4.476396356145393440e-01 2.061956645947624622e-01
4.486012674846943660e-01 2.160973678538873344e-01
4.495628993548493324e-01 3.361529864129764178e-01
4.505245312250044099e-01 2.388595713577963409e-01
4.514861630951594318e-01 3.755248165724083265e-01
4.524477949653145092e-01 3.732360041191675748e-01
4.534094268354694757e-01 4.266603765558549810e-01
4.543710587056245531e-01 3.786729840260534274e-01
4.553326905757795195e-01 4.378687056805006250e-01
4.562943224459345415e-01 2.894560771647576303e-01
4.572559543160896189e-01 2.268764132610492368e-01
4.582175861862445854e-01 2.827037626710442453e-01
4.591792180563996628e-01 3.645438744190911962e-01
4.601408499265546848e-01 4.261741149331044198e-01
4.611024817967096512e-01 3.595981652205928469e-01
4.620641136668647286e-01 4.077599395842064212e-01
4.630257455370196951e-01 3.469917949370007193e-01
4.639873774071747725e-01 3.468317214164073903e-01
4.649490092773297945e-01 2.363992725218118096e-01
4.659106411474847609e-01 1.438901520917106325e-01
4.668722730176398383e-01 1.940066863093505845e-01
4.678339048877948603e-01 2.497181631246654376e-01
4.687955367579499377e-01 3.427796836169605399e-01
4.697571686281049042e-01 3.325658106927775748e-01
4.707188004982599816e-01 4.299822067972272066e-01
4.716804323684149480e-01 4.490289893071519600e-01
4.726420642385699700e-01 2.663247638380141780e-01
4.736036961087250474e-01 1.578449402552521974e-01
4.745653279788800138e-01 2.737684647070715016e-01
4.755269598490350913e-01 3.052976153106108370e-01
4.764885917191901132e-01 4.276018676544666164e-01
4.774502235893450797e-01 3.773574302827888971e-01
4.784118554595001571e-01 3.040109214688442307e-01
4.793734873296551235e-01 4.386766952525782415e-01
4.803351191998102010e-01 4.080720114192359915e-01
4.812967510699652229e-01 2.808978706511879864e-01
4.822583829401201894e-01 7.016861491401016337e-02
4.832200148102752668e-01 2.131803321220431258e-01
4.841816466804302888e-01 2.376757785810816870e-01
4.851432785505853662e-01 2.794269909226336779e-01
4.861049104207403326e-01 3.179042414286463725e-01
4.870665422908954101e-01 3.731172078757900579e-01
4.880281741610503765e-01 4.171742294421179054e-01
4.889898060312053985e-01 3.398315125767474854e-01
4.899514379013604759e-01 2.957280742370471671e-01
4.909130697715154423e-01 4.410356979994389803e-01
4.918747016416705198e-01 4.327611056216902341e-01
4.928363335118255417e-01 3.402882229812220771e-01
4.937979653819805081e-01 3.638169913136053424e-01
4.947595972521355856e-01 4.182354332770756855e-01
4.957212291222905520e-01 3.810339589350952849e-01
4.966828609924456295e-01 3.465806921267393648e-01
4.976444928626006514e-01 2.685083097265597019e-01
4.986061247327556178e-01 3.003383209312460167e-01
4.995677566029106953e-01 1.831131804974965860e-01
5.005293884730657172e-01 1.914771114683979647e-01
5.014910203432207947e-01 3.416161941880595521e-01
5.024526522133757611e-01 4.185516446242125710e-01
5.034142840835308386e-01 3.189138542052845082e-01
5.043759159536858050e-01 2.916471898458681267e-01
5.053375478238407714e-01 2.838004672127709682e-01
5.062991796939958489e-01 3.053044644779845385e-01
5.072608115641509263e-01 3.947115341432940738e-01
5.082224434343060038e-01 2.730425650133199156e-01
5.091840753044609702e-01 1.292040669227745298e-01
5.101457071746159366e-01 2.748821585030682968e-01
5.111073390447710141e-01 3.679957374467122122e-01
5.120689709149259805e-01 2.479140497709551028e-01
5.130306027850810580e-01 2.341495656605552256e-01
5.139922346552360244e-01 2.464365640331820373e-01
5.149538665253911018e-01 2.401693382198288873e-01
5.159154983955461793e-01 2.401194507251176447e-01
5.168771302657011457e-01 2.458181067562179578e-01
5.178387621358562232e-01 1.072315294507149019e-01
5.188003940060111896e-01 2.491042792567910169e-01
5.197620258761662670e-01 4.950566671767866467e-01
5.207236577463212335e-01 4.585465933879184774e-01
5.216852896164761999e-01 4.284130387785793914e-01
5.226469214866312774e-01 4.000847220556664752e-01
5.236085533567863548e-01 4.524268283890151565e-01
5.245701852269414323e-01 3.410918427059712599e-01
5.255318170970963987e-01 3.613660805422540534e-01
5.264934489672513651e-01 2.880717516342166107e-01
5.274550808374064426e-01 3.321876097699529851e-01
5.284167127075614090e-01 2.789408758619522644e-01
5.293783445777164864e-01 1.848022287955082277e-01
5.303399764478714529e-01 1.283190987563820329e-01
5.313016083180265303e-01 2.364934710828094921e-01
5.322632401881816078e-01 3.881437524855080312e-01
5.332248720583365742e-01 3.942667334698377601e-01
5.341865039284916516e-01 3.450372932901757395e-01
5.351481357986466181e-01 3.452880752733413772e-01
5.361097676688016955e-01 3.505057301931415736e-01
5.370713995389566620e-01 4.043831667585990886e-01
5.380330314091116284e-01 4.631844492620693643e-01
5.389946632792667058e-01 4.386383107022524541e-01
5.399562951494217833e-01 3.273182907429337263e-01
5.409179270195768607e-01 4.020101643037072847e-01
5.418795588897318272e-01 4.127646277400671693e-01
5.428411907598867936e-01 4.103254085942680263e-01
5.438028226300418710e-01 4.804029710657964358e-01
5.447644545001968375e-01 5.333249604339478367e-01
5.457260863703519149e-01 4.798602417494564065e-01
5.466877182405068814e-01 3.922775373479652217e-01
5.476493501106619588e-01 3.766159024457174098e-01
5.486109819808170363e-01 4.643719346116945701e-01
5.495726138509720027e-01 3.280606393521487973e-01
5.505342457211270801e-01 2.606266208233556370e-01
5.514958775912820466e-01 3.121183265512037508e-01
5.524575094614371240e-01 3.184577256292087100e-01
5.534191413315920904e-01 3.375956260794765740e-01
5.543807732017470569e-01 2.693501722108564422e-01
5.553424050719021343e-01 2.069105762722749375e-01
5.563040369420572118e-01 2.871322668458269334e-01
5.572656688122122892e-01 2.417815618159018243e-01
5.582273006823672556e-01 3.037339333858426471e-01
5.591889325525222221e-01 3.327654876115708760e-01
5.601505644226772995e-01 3.364240173442745174e-01
5.611121962928322660e-01 3.047193660901150736e-01
5.620738281629873434e-01 4.295699307334608363e-01
5.630354600331423098e-01 2.340307831847248110e-01
5.639970919032973873e-01 2.603431791075010437e-01
5.649587237734524647e-01 2.980428659519702705e-01
5.659203556436074312e-01 3.684395313256736415e-01
5.668819875137625086e-01 4.227852483457148480e-01
5.678436193839174750e-01 2.402141554405687884e-01
5.688052512540725525e-01 1.536927298484229709e-01
5.697668831242275189e-01 2.469751317361499332e-01
5.707285149943824853e-01 3.043762123106610318e-01
5.716901468645375628e-01 3.350578148935596801e-01
5.726517787346926402e-01 3.573580517362522357e-01
5.736134106048477177e-01 3.175655029917869854e-01
5.745750424750026841e-01 3.296507263106072116e-01
5.755366743451576506e-01 2.509118466974449291e-01
5.764983062153127280e-01 4.580541831565767552e-01
5.774599380854676944e-01 4.639110376950768000e-01
5.784215699556227719e-01 4.000145377197235064e-01
5.793832018257777383e-01 3.962722459213949833e-01
5.803448336959328158e-01 3.118008729846799554e-01
5.813064655660878932e-01 3.512536078648231808e-01
5.822680974362428596e-01 3.293504220531637827e-01
5.832297293063979371e-01 2.843852639017185879e-01
5.841913611765529035e-01 3.092073333447977745e-01
5.851529930467079810e-01 3.133908540614669391e-01
5.861146249168629474e-01 4.312087975268212858e-01
5.870762567870179138e-01 4.005677582099096412e-01
5.880378886571729913e-01 4.518210994512017464e-01
5.889995205273280687e-01 4.253499357592680497e-01
5.899611523974831462e-01 4.215409782579406794e-01
5.909227842676381126e-01 3.950550374428551947e-01
5.918844161377930790e-01 4.583763208221789398e-01
5.928460480079481565e-01 3.846693310110822495e-01
5.938076798781031229e-01 2.941076754890410427e-01
5.947693117482582004e-01 3.639697336026550545e-01
5.957309436184131668e-01 4.203516697800750990e-01
5.966925754885682442e-01 4.474728673652172972e-01
5.976542073587233217e-01 4.806359074332426928e-01
5.986158392288782881e-01 4.282290569708493422e-01
5.995774710990333656e-01 4.756451786241058244e-01
