# q (1/Angstrom), Intensity (arb)
2.067508526570814575e-02 6.810526254476670260e+00
2.163671713586316769e-02 6.564282842017831854e+00
2.259834900601819310e-02 5.846378126966470745e+00
2.355998087617321851e-02 2.766882844301719047e+00
2.452161274632824739e-02 1.998529298401123810e+00
2.548324461648326933e-02 2.839362618066829214e+00
2.644487648663829821e-02 3.071510598516773882e+00
2.740650835679332709e-02 2.737322306287552465e+00
2.836814022694834903e-02 1.794183905869090268e+00
2.932977209710337443e-02 9.322629967137601170e-01
3.029140396725839637e-02 0.000000000000000000e+00
3.125303583741342178e-02 2.360545937705467168e-01
3.221466770756845066e-02 5.469980274903178952e-01
3.317629957772347260e-02 1.462469020491887761e+00
3.413793144787850148e-02 1.566432461626856565e+00
3.509956331803352342e-02 1.747931144714069518e+00
3.606119518818855230e-02 1.024998689313054712e+00
3.702282705834358117e-02 1.176989592104035864e+00
3.798445892849860311e-02 1.460889909381652529e+00
3.894609079865363199e-02 1.123517793240942808e+00
3.990772266880865393e-02 9.735359866501092085e-01
4.086935453896367587e-02 9.320070224630825351e-01
4.183098640911870475e-02 1.086542134175754626e+00
4.279261827927372669e-02 1.484119893063958529e+00
4.375425014942875557e-02 1.138583446335289295e+00
4.471588201958377751e-02 1.488658414601811586e+00
4.567751388973880639e-02 1.324143343892465907e+00
4.663914575989382832e-02 9.245868244810964143e-01
4.760077763004885720e-02 9.671326534148612097e-01
4.856240950020387914e-02 7.304522994463837904e-01
4.952404137035890108e-02 4.891670724625818423e-01
5.048567324051392302e-02 7.756833581341986417e-01
5.144730511066895190e-02 1.373196475839165487e+00
5.240893698082397384e-02 1.056009948784275565e+00
5.337056885097899578e-02 1.446703191929987753e+00
5.433220072113403160e-02 1.380261673296846681e+00
5.529383259128905354e-02 1.120011050928273022e+00
5.625546446144407547e-02 1.004163458991943259e+00
5.721709633159910435e-02 1.152250222833675508e+00
5.817872820175412629e-02 1.529001561089298633e+00
5.914036007190914823e-02 1.678285020822077200e+00
6.010199194206417017e-02 1.989243755789050994e+00
6.106362381221920599e-02 1.566041658827202809e+00
6.202525568237422793e-02 1.164735596926970373e+00
6.298688755252924987e-02 1.151956466901260967e+00
6.394851942268428568e-02 1.059138020768976673e+00
6.491015129283930762e-02 1.458233502398169179e+00
6.587178316299432956e-02 1.556656752015666001e+00
6.683341503314935150e-02 1.248059024489993618e+00
6.779504690330438732e-02 1.089400456269796535e+00
6.875667877345940926e-02 1.021961189815122850e+00
6.971831064361443120e-02 1.149999243015084716e+00
7.067994251376945314e-02 1.645825521823795157e+00
7.164157438392447508e-02 1.602236495917679804e+00
7.260320625407949702e-02 1.329233978767476287e+00
7.356483812423453283e-02 1.147038921403680689e+00
7.452646999438955477e-02 1.171032018761955840e+00
7.548810186454457671e-02 1.175236576175329617e+00
7.644973373469959865e-02 1.539422506555670367e+00
7.741136560485463447e-02 1.227680271667694001e+00
7.837299747500965641e-02 1.289319354715757981e+00
7.933462934516467835e-02 1.416937369813769720e+00
8.029626121531971417e-02 9.874844845731445275e-01
8.125789308547473611e-02 1.146588377575866957e+00
8.221952495562975805e-02 1.311954463679079197e+00
8.318115682578479386e-02 1.268275376618205996e+00
8.414278869593981580e-02 1.223661221507416741e+00
8.510442056609483774e-02 1.297534707159297085e+00
8.606605243624985968e-02 1.325141816330482669e+00
8.702768430640489550e-02 1.321050432639953698e+00
8.798931617655991744e-02 1.297479479216757881e+00
8.895094804671493938e-02 1.055585150988804344e+00
8.991257991686996132e-02 9.849323088017598593e-01
9.087421178702498326e-02 1.189077796557139521e+00
9.183584365718000520e-02 1.281741916718768692e+00
9.279747552733502713e-02 1.450131945920904997e+00
9.375910739749006295e-02 1.199920109785807654e+00
9.472073926764508489e-02 9.990364552853634450e-01
9.568237113780010683e-02 8.610244129532595991e-01
9.664400300795514265e-02 1.008738324349810256e+00
9.760563487811016459e-02 1.340102974079293574e+00
9.856726674826518653e-02 1.472627078994207750e+00
9.952889861842022234e-02 1.269776716999484023e+00
1.004905304885752443e-01 1.153588539516849920e+00
1.014521623587302801e-01 1.192487718277092767e+00
1.024137942288853020e-01 1.033294668003641448e+00
1.033754260990403240e-01 1.016657147777927150e+00
1.043370579691953459e-01 9.304375359256233935e-01
1.052986898393503817e-01 7.785785792560986351e-01
1.062603217095053898e-01 8.642667282411764518e-01
1.072219535796604256e-01 1.053913201646423659e+00
1.081835854498154614e-01 8.947574426574362860e-01
1.091452173199704695e-01 1.011003783360450825e+00
1.101068491901255053e-01 1.497646059690467268e+00
1.110684810602805411e-01 1.554751175915090045e+00
1.120301129304355492e-01 1.587409795346243158e+00
1.129917448005905850e-01 1.202104040841973642e+00
1.139533766707456208e-01 1.039250711502955227e+00
1.149150085409006289e-01 9.681517734722326907e-01
1.158766404110556647e-01 1.478356562532454177e+00
1.168382722812106728e-01 1.310631860138428806e+00
1.177999041513657086e-01 1.180245760237713881e+00
1.187615360215207305e-01 1.114037065453455710e+00
1.197231678916757525e-01 1.121608238300154881e+00
1.206847997618307744e-01 1.312646287874869699e+00
1.216464316319858102e-01 1.128873909416377330e+00
1.226080635021408183e-01 1.005853946749734718e+00
1.235696953722958541e-01 7.932722988871958592e-01
1.245313272424508899e-01 8.361821592901499400e-01
1.254929591126059119e-01 1.386551925495467685e+00
1.264545909827609338e-01 1.642986837727718807e+00
1.274162228529159557e-01 1.506411519767379303e+00
1.283778547230709777e-01 1.027370433924449600e+00
1.293394865932259996e-01 1.413380122718734810e+00
1.303011184633810493e-01 1.508933937976014050e+00
1.312627503335360435e-01 1.178622281703205488e+00
1.322243822036910932e-01 1.235998619740527715e+00
1.331860140738460874e-01 1.168239024476271481e+00
1.341476459440011371e-01 9.883955849928405257e-01
1.351092778141561590e-01 1.074060102051188181e+00
1.360709096843111809e-01 1.308202493646525966e+00
1.370325415544662029e-01 1.143179991169162690e+00
1.379941734246212526e-01 1.019016661468015172e+00
1.389558052947762468e-01 1.196775893968251125e+00
1.399174371649312965e-01 1.152652441811756745e+00
1.408790690350863184e-01 1.138895725555169491e+00
1.418407009052413403e-01 1.089931155487956715e+00
1.428023327753963623e-01 1.181133783967570849e+00
1.437639646455513842e-01 1.140200142360388469e+00
1.447255965157064062e-01 1.308569357362067365e+00
1.456872283858614281e-01 1.378910934294992785e+00
1.466488602560164778e-01 9.881704291454624922e-01
1.476104921261714720e-01 1.120882553741516574e+00
1.485721239963265217e-01 1.150668773745561424e+00
1.495337558664815436e-01 1.368200261463613288e+00
1.504953877366365655e-01 1.051320216889017445e+00
1.514570196067915875e-01 1.258702795918761552e+00
1.524186514769466094e-01 1.306050924276789260e+00
1.533802833471016314e-01 1.260779521347586751e+00
1.543419152172566811e-01 1.349416039573622328e+00
1.553035470874116752e-01 1.270279616029313274e+00
1.562651789575667249e-01 1.160092984841263331e+00
1.572268108277217469e-01 1.293565084240146490e+00
1.581884426978767688e-01 1.525013822179928979e+00
1.591500745680317908e-01 1.309905028248870451e+00
1.601117064381868405e-01 1.052617980134673559e+00
1.610733383083418346e-01 9.651549058223132249e-01
1.620349701784968843e-01 1.186640776922118334e+00
1.629966020486519063e-01 1.231066120578699241e+00
1.639582339188069282e-01 1.164889898675696145e+00
1.649198657889619501e-01 1.346849037432143348e+00
1.658814976591169721e-01 1.356819011033330469e+00
1.668431295292719940e-01 1.298242589317123219e+00
1.678047613994270160e-01 1.082750501622030015e+00
1.687663932695820379e-01 1.148124765114449275e+00
1.697280251397370598e-01 1.268529769843006250e+00
1.706896570098921095e-01 1.322503410712165817e+00
1.716512888800471037e-01 1.544033047981791640e+00
1.726129207502021534e-01 1.317455377759898738e+00
1.735745526203571754e-01 1.331133858718303031e+00
1.745361844905121973e-01 1.417986162709375719e+00
1.754978163606672192e-01 1.212448358296882134e+00
1.764594482308222689e-01 1.109508910948353133e+00
1.774210801009772631e-01 1.278459262547119835e+00
1.783827119711323128e-01 1.443696558053797929e+00
1.793443438412873348e-01 1.406180741635395748e+00
1.803059757114423567e-01 1.241781455213281760e+00
1.812676075815973786e-01 1.249101575881251591e+00
1.822292394517524006e-01 1.254201480772618282e+00
1.831908713219074225e-01 1.342292208027508593e+00
1.841525031920624444e-01 1.475618928948428277e+00
1.851141350622174664e-01 1.274791191134436730e+00
1.860757669323724883e-01 1.175933631370313037e+00
1.870373988025275380e-01 1.412264936964380269e+00
1.879990306726825322e-01 1.424769759836706839e+00
1.889606625428375819e-01 1.264562008338714350e+00
1.899222944129926038e-01 1.027885331047201589e+00
1.908839262831476258e-01 1.212238843030053914e+00
1.918455581533026477e-01 1.404222043845351209e+00
1.928071900234576974e-01 1.268955087490990508e+00
1.937688218936126916e-01 1.059695738156161582e+00
1.947304537637677413e-01 1.201919431029377705e+00
1.956920856339227632e-01 1.601828128247980487e+00
1.966537175040777852e-01 1.155639345376965110e+00
1.976153493742328071e-01 1.068192434646334732e+00
1.985769812443878291e-01 1.315374604023638483e+00
1.995386131145428510e-01 1.551857723554878277e+00
2.005002449846978729e-01 1.078189494581572205e+00
2.014618768548528949e-01 9.938662515786340634e-01
2.024235087250079168e-01 1.242674557480235364e+00
2.033851405951629665e-01 1.439229994148959690e+00
2.043467724653179884e-01 1.430954719125118402e+00
2.053084043354730381e-01 1.243889889694369089e+00
2.062700362056280046e-01 1.194073339414551072e+00
2.072316680757830543e-01 1.187974054319091977e+00
2.081932999459380762e-01 1.321937185762646294e+00
2.091549318160931259e-01 1.038971690458641461e+00
2.101165636862481478e-01 1.009820057973069396e+00
2.110781955564031698e-01 1.219614313263949867e+00
2.120398274265581640e-01 1.289723937628455275e+00
2.130014592967132137e-01 1.353348230482144032e+00
2.139630911668682356e-01 1.190768616404426439e+00
2.149247230370232575e-01 1.265912114971179392e+00
2.158863549071783072e-01 1.224548222833455213e+00
2.168479867773333014e-01 1.119410336914420157e+00
2.178096186474883234e-01 1.182322033017346286e+00
2.187712505176433453e-01 1.355594757674470685e+00
2.197328823877983950e-01 1.360305873845259583e+00
2.206945142579534169e-01 1.259695009242776109e+00
2.216561461281084666e-01 1.170975798747758034e+00
2.226177779982634330e-01 1.378390205505102273e+00
2.235794098684184827e-01 1.290221960514937649e+00
2.245410417385735047e-01 1.216358518822520551e+00
2.255026736087285544e-01 1.375275363602657563e+00
2.264643054788835763e-01 1.280588807164850351e+00
2.274259373490385983e-01 1.124876425583661188e+00
2.283875692191935924e-01 1.287315207968834585e+00
2.293492010893486421e-01 1.428831363797488763e+00
2.303108329595036641e-01 1.319946187176807229e+00
2.312724648296586860e-01 1.157846421180682484e+00
2.322340966998137357e-01 1.401337102122028000e+00
2.331957285699687299e-01 1.464151622572597233e+00
2.341573604401237518e-01 1.440837217503077028e+00
2.351189923102787738e-01 1.262098143548453066e+00
2.360806241804338235e-01 1.134747134137008118e+00
2.370422560505888454e-01 1.469419888324065226e+00
2.380038879207438951e-01 1.421480161942213272e+00
2.389655197908988615e-01 1.422849034085121644e+00
2.399271516610539112e-01 1.395135318490943632e+00
2.408887835312089332e-01 1.173237417168650154e+00
2.418504154013639829e-01 1.117711619747922214e+00
2.428120472715190048e-01 1.113544453439082815e+00
2.437736791416740267e-01 1.214156986056355692e+00
2.447353110118290209e-01 1.307561200990154049e+00
2.456969428819840706e-01 1.099178495829896463e+00
2.466585747521390926e-01 1.290695850620817708e+00
2.476202066222941145e-01 1.238321195374009420e+00
2.485818384924491642e-01 1.153856111172967047e+00
2.495434703626041584e-01 1.107519756405224598e+00
2.505051022327591803e-01 1.226585948891127487e+00
2.514667341029142023e-01 1.303188969689227150e+00
2.524283659730692242e-01 1.301723633735537788e+00
2.533899978432243016e-01 1.232575365269006795e+00
2.543516297133793236e-01 1.399502821546768416e+00
2.553132615835342900e-01 1.492006190666366194e+00
2.562748934536893120e-01 1.455517786008691417e+00
2.572365253238443894e-01 1.359451173401637902e+00
2.581981571939994113e-01 1.367774689982741876e+00
2.591597890641544333e-01 1.061981036684599644e+00
2.601214209343094552e-01 1.158186989309442083e+00
2.610830528044644772e-01 1.229327427284761853e+00
2.620446846746194991e-01 1.144457790904251482e+00
2.630063165447745210e-01 1.272984242730530013e+00
2.639679484149295430e-01 1.298842140620422470e+00
2.649295802850845649e-01 1.492150617834891335e+00
2.658912121552395869e-01 1.456717198729066354e+00
2.668528440253946088e-01 1.228928821143458805e+00
2.678144758955496307e-01 1.237020657468427487e+00
2.687761077657046527e-01 1.081115354973913867e+00
2.697377396358597301e-01 1.161654422617036886e+00
2.706993715060147521e-01 1.359365135553606052e+00
2.716610033761697185e-01 1.554849315822373512e+00
2.726226352463247404e-01 1.407681568961869800e+00
2.735842671164798179e-01 1.458963756178107474e+00
2.745458989866348398e-01 1.298242254412606655e+00
2.755075308567898618e-01 1.164195155371157142e+00
2.764691627269448837e-01 1.157284533047683084e+00
2.774307945970999056e-01 1.367846217351036842e+00
2.783924264672549276e-01 1.603989439529261318e+00
2.793540583374099495e-01 1.533755199314082773e+00
2.803156902075649715e-01 1.248675416258659965e+00
2.812773220777199934e-01 1.063287746085038066e+00
2.822389539478750153e-01 1.151061358383078215e+00
2.832005858180300373e-01 1.482301461374440521e+00
2.841622176881850592e-01 1.531654272357627633e+00
2.851238495583400812e-01 1.185740087812412469e+00
2.860854814284951586e-01 1.274067910543426052e+00
2.870471132986501805e-01 1.173925972564056508e+00
2.880087451688051470e-01 1.179447320436320723e+00
2.889703770389601689e-01 1.321569230078093682e+00
2.899320089091152464e-01 1.285378744845786514e+00
2.908936407792702683e-01 1.266435486711039005e+00
2.918552726494252902e-01 1.306493676078446242e+00
2.928169045195803122e-01 1.315500846550051506e+00
2.937785363897353341e-01 1.229801488708503143e+00
2.947401682598903561e-01 1.165131855172901965e+00
2.957018001300453780e-01 1.281024735361402378e+00
2.966634320002003999e-01 1.443511262894308089e+00
2.976250638703554219e-01 1.258097678759487081e+00
2.985866957405104993e-01 1.328926953120863175e+00
2.995483276106654658e-01 1.467264585214362427e+00
3.005099594808204877e-01 1.447717730670451175e+00
3.014715913509755651e-01 1.574458785374563519e+00
3.024332232211305871e-01 1.480741668783348786e+00
3.033948550912856090e-01 1.570575559945798005e+00
3.043564869614405755e-01 1.399691729068358370e+00
3.053181188315956529e-01 1.307461798506842854e+00
3.062797507017506748e-01 1.420611213703885767e+00
3.072413825719056968e-01 1.486686716375512418e+00
3.082030144420607187e-01 1.419089908961993274e+00
3.091646463122157407e-01 1.353173355722457671e+00
3.101262781823707626e-01 1.447992082218242160e+00
3.110879100525257845e-01 1.420479881704252989e+00
3.120495419226808065e-01 1.314418932809193308e+00
3.130111737928358284e-01 1.466301329321755276e+00
3.139728056629909059e-01 1.272751328318626918e+00
3.149344375331459278e-01 1.422089283313443531e+00
3.158960694033008942e-01 1.428601578355415569e+00
3.168577012734559162e-01 1.300879982319600003e+00
3.178193331436109936e-01 1.261967585443692030e+00
3.187809650137660156e-01 1.439434702035821800e+00
3.197425968839210375e-01 1.539822140159852637e+00
3.207042287540760039e-01 1.451363483059481041e+00
3.216658606242310814e-01 1.472259083285987202e+00
3.226274924943861033e-01 1.498046642560002084e+00
3.235891243645411253e-01 1.284346393079999871e+00
3.245507562346961472e-01 1.304323007364111220e+00
3.255123881048511691e-01 1.336052578951949954e+00
3.264740199750061911e-01 1.538101301421392009e+00
3.274356518451612130e-01 1.214913366983992660e+00
3.283972837153162350e-01 1.126286503581777509e+00
3.293589155854712569e-01 1.073474844690508689e+00
3.303205474556263344e-01 1.194590706639893085e+00
3.312821793257813563e-01 1.518367468110930929e+00
3.322438111959363227e-01 1.492127044033516370e+00
3.332054430660913447e-01 1.482983025930373344e+00
3.341670749362464221e-01 1.322896491832317167e+00
3.351287068064014441e-01 1.411768402384669940e+00
3.360903386765564660e-01 1.630764197988003872e+00
3.370519705467114324e-01 1.607524851743153960e+00
3.380136024168665099e-01 1.395952580160443546e+00
3.389752342870215318e-01 1.375871413616337691e+00
3.399368661571765537e-01 1.284323122883272106e+00
3.408984980273315757e-01 1.386814429528580916e+00
3.418601298974865976e-01 1.442405100706970700e+00
3.428217617676416196e-01 1.417148379076330400e+00
3.437833936377966415e-01 1.443864896006012088e+00
3.447450255079516634e-01 1.433391863007269507e+00
3.457066573781066854e-01 1.377135920780080625e+00
3.466682892482617628e-01 1.326573128519765277e+00
3.476299211184167848e-01 1.206504150697494282e+00
3.485915529885717512e-01 1.349487059698411429e+00
3.495531848587267731e-01 1.444270047433896309e+00
3.505148167288818506e-01 1.526158495011358696e+00
3.514764485990368725e-01 1.412672955595539293e+00
3.524380804691918945e-01 1.235713012606687755e+00
3.533997123393468609e-01 1.523791394486028850e+00
3.543613442095019384e-01 1.685371037954030982e+00
3.553229760796569603e-01 1.477084719002551338e+00
3.562846079498119822e-01 1.421152241282722883e+00
3.572462398199670042e-01 1.358622282778966905e+00
3.582078716901220261e-01 1.393154088749952280e+00
3.591695035602770480e-01 1.405345515358568775e+00
3.601311354304320700e-01 1.221147966787654582e+00
3.610927673005870919e-01 1.311601720009946348e+00
3.620543991707421139e-01 1.457480668744501884e+00
3.630160310408971913e-01 1.362818133286115341e+00
3.639776629110522133e-01 1.424218631464057694e+00
3.649392947812071797e-01 1.539882701894573103e+00
3.659009266513622016e-01 1.577163975288062403e+00
3.668625585215172791e-01 1.536667244976438695e+00
3.678241903916723010e-01 1.298161399307506514e+00
3.687858222618273230e-01 1.333253761872466470e+00
3.697474541319822894e-01 1.513802581291251670e+00
3.707090860021373668e-01 1.439056829956342654e+00
3.716707178722923888e-01 1.373136303533339486e+00
3.726323497424474107e-01 1.394986697933095599e+00
3.735939816126024327e-01 1.483432876920428356e+00
3.745556134827574546e-01 1.300962587059398601e+00
3.755172453529124765e-01 1.359791097049207309e+00
3.764788772230674985e-01 1.463807860377031034e+00
3.774405090932225204e-01 1.322499606136524619e+00
3.784021409633775423e-01 1.303764091993159013e+00
3.793637728335326198e-01 1.381303349047577456e+00
3.803254047036876417e-01 1.424479560970077330e+00
3.812870365738426082e-01 1.455538747881067962e+00
3.822486684439976301e-01 1.408917336621140493e+00
3.832103003141527076e-01 1.358568780523423669e+00
3.841719321843077295e-01 1.476897421458019721e+00
3.851335640544627514e-01 1.582950479026592916e+00
3.860951959246177734e-01 1.486493090684543716e+00
3.870568277947727953e-01 1.231410905052406690e+00
3.880184596649278173e-01 1.313145875629313508e+00
3.889800915350828392e-01 1.277498869101329149e+00
3.899417234052378611e-01 1.312461310201349818e+00
3.909033552753928831e-01 1.528236095120007576e+00
3.918649871455479050e-01 1.528947601566297720e+00
3.928266190157029270e-01 1.517582898278256209e+00
3.937882508858579489e-01 1.532754562699604861e+00
3.947498827560129708e-01 1.565650225007921392e+00
3.957115146261680483e-01 1.433645880191967592e+00
3.966731464963230702e-01 1.348491578382333245e+00
3.976347783664780366e-01 1.357519517858172264e+00
3.985964102366330586e-01 1.383630725041165022e+00
3.995580421067881360e-01 1.246672809215091604e+00
4.005196739769430470e-01 1.400703419971204511e+00
4.014813058470981244e-01 1.408862692507664605e+00
4.024429377172531463e-01 1.372221201510416932e+00
4.034045695874082238e-01 1.374653032782809703e+00
4.043662014575631902e-01 1.464798286792102999e+00
4.053278333277181567e-01 1.462138360018073513e+00
4.062894651978732341e-01 1.350470128139459547e+00
4.072510970680282560e-01 1.309753595191214259e+00
4.082127289381833335e-01 1.292291496716764243e+00
4.091743608083382999e-01 1.432770302064380274e+00
4.101359926784933774e-01 1.489062654171103617e+00
4.110976245486483993e-01 1.443981293715900449e+00
4.120592564188033657e-01 1.324449470099228421e+00
4.130208882889584432e-01 1.367315184575616627e+00
4.139825201591134096e-01 1.434946934853474687e+00
4.149441520292684871e-01 1.408237237581765555e+00
4.159057838994235090e-01 1.332829700751535285e+00
4.168674157695784754e-01 1.278152591552565553e+00
4.178290476397335529e-01 1.360531230789199242e+00
4.187906795098885748e-01 1.412662019368134736e+00
4.197523113800436523e-01 1.311458739685477326e+00
4.207139432501986187e-01 1.240986078793202552e+00
4.216755751203536962e-01 1.266910902993114263e+00
4.226372069905086626e-01 1.281345738704100512e+00
4.235988388606636845e-01 1.319379929933496953e+00
4.245604707308187620e-01 1.565095428694288415e+00
4.255221026009737284e-01 1.562542681784474752e+00
4.264837344711288059e-01 1.386878349357225204e+00
4.274453663412838278e-01 1.284336324460984002e+00
4.284069982114387942e-01 1.374202285721047190e+00
4.293686300815938717e-01 1.329732046856186400e+00
4.303302619517488381e-01 1.230758913317352210e+00
4.312918938219039156e-01 1.334506925146865086e+00
4.322535256920589375e-01 1.449699316731717147e+00
4.332151575622139039e-01 1.397278723534430611e+00
4.341767894323689814e-01 1.550429105775730676e+00
4.351384213025240033e-01 1.502441478077258807e+00
4.361000531726790808e-01 1.431976117021466877e+00
4.370616850428340472e-01 1.486305371671686970e+00
4.380233169129891246e-01 1.452415971322412958e+00
4.389849487831440911e-01 1.355958414396404521e+00
4.399465806532991130e-01 1.336135848833780670e+00
4.409082125234541905e-01 1.328755880602152217e+00
4.418698443936091569e-01 1.274288571972345352e+00
4.428314762637642343e-01 1.324151115194354134e+00
4.437931081339192563e-01 1.383471749195010148e+00
4.447547400040742227e-01 1.409854325200015523e+00
4.457163718742293002e-01 1.364317588685374005e+00
4.466780037443842666e-01 1.304548310471489003e+00
4.476396356145393440e-01 1.499693417115292249e+00
4.486012674846943660e-01 1.372001846344254261e+00
4.495628993548493324e-01 1.308270924966681292e+00
4.505245312250044099e-01 1.355016334987208637e+00
4.514861630951594318e-01 1.413361584567535800e+00
4.524477949653145092e-01 1.474133244052488578e+00
4.534094268354694757e-01 1.328645496239733603e+00
4.543710587056245531e-01 1.315227677231526116e+00
4.553326905757795195e-01 1.322381544741865866e+00
4.562943224459345415e-01 1.316396311160680455e+00
4.572559543160896189e-01 1.315811549257340118e+00
4.582175861862445854e-01 1.378673178128192234e+00
4.591792180563996628e-01 1.431121250503803566e+00
4.601408499265546848e-01 1.486627755850495447e+00
4.611024817967096512e-01 1.536043352082952396e+00
4.620641136668647286e-01 1.398098636186041688e+00
4.630257455370196951e-01 1.307511567073493808e+00
4.639873774071747725e-01 1.290112950506699718e+00
4.649490092773297945e-01 1.295500814684530155e+00
4.659106411474847609e-01 1.342347547307738864e+00
4.668722730176398383e-01 1.333102199613435346e+00
4.678339048877948603e-01 1.310107322333223578e+00
4.687955367579499377e-01 1.318187822378718010e+00
4.697571686281049042e-01 1.310076027324512893e+00
4.707188004982599816e-01 1.352577851044689083e+00
4.716804323684149480e-01 1.419098201512554169e+00
4.726420642385699700e-01 1.478917295904089713e+00
4.736036961087250474e-01 1.369354118957492261e+00
4.745653279788800138e-01 1.362615065394017222e+00
4.755269598490350913e-01 1.286851111496211786e+00
4.764885917191901132e-01 1.346809299571024354e+00
4.774502235893450797e-01 1.295415420793773364e+00
4.784118554595001571e-01 1.232090084530188534e+00
4.793734873296551235e-01 1.129610099992444106e+00
4.803351191998102010e-01 1.354936816957380330e+00
4.812967510699652229e-01 1.304869392305633369e+00
4.822583829401201894e-01 1.304519449677279397e+00
4.832200148102752668e-01 1.297908697311317638e+00
4.841816466804302888e-01 1.295580134297789954e+00
4.851432785505853662e-01 1.176784173471503436e+00
4.861049104207403326e-01 1.321746858166239491e+00
4.870665422908954101e-01 1.265958840237694005e+00
4.880281741610503765e-01 1.230018197783039113e+00
4.889898060312053985e-01 1.169718481356461837e+00
4.899514379013604759e-01 1.222802831524624878e+00
4.909130697715154423e-01 1.318717415169214036e+00
4.918747016416705198e-01 1.331612984202131145e+00
4.928363335118255417e-01 1.366632718667599278e+00
4.937979653819805081e-01 1.300186563307406118e+00
4.947595972521355856e-01 1.487460955413531849e+00
4.957212291222905520e-01 1.473280893644798084e+00
4.966828609924456295e-01 1.363753138376438301e+00
4.976444928626006514e-01 1.274602228571897200e+00
4.986061247327556178e-01 1.283839846839796905e+00
4.995677566029106953e-01 1.307011930323234594e+00
5.005293884730657172e-01 1.130842568170510987e+00
5.014910203432207947e-01 1.211241302107040951e+00
5.024526522133757611e-01 1.153120644937821737e+00
5.034142840835308386e-01 1.193771442887118894e+00
5.043759159536858050e-01 1.249237817321787958e+00
5.053375478238407714e-01 1.283023797047075476e+00
5.062991796939958489e-01 1.255855844350609374e+00
5.072608115641509263e-01 1.243111977587705752e+00
5.082224434343060038e-01 1.215087731568981866e+00
5.091840753044609702e-01 1.246486600488569962e+00
5.101457071746159366e-01 1.249018964201209059e+00
5.111073390447710141e-01 1.371495740340012759e+00
5.120689709149259805e-01 1.398094693541860778e+00
5.130306027850810580e-01 1.324898411954414712e+00
5.139922346552360244e-01 1.349401793574145358e+00
5.149538665253911018e-01 1.358234442658293517e+00
5.159154983955461793e-01 1.205277033322410318e+00
5.168771302657011457e-01 1.233229617770820852e+00
5.178387621358562232e-01 1.266564452139121499e+00
5.188003940060111896e-01 1.220316168906663279e+00
5.197620258761662670e-01 1.215112502624414503e+00
5.207236577463212335e-01 1.372048101050161506e+00
5.216852896164761999e-01 1.294486976368162345e+00
5.226469214866312774e-01 1.266450575709921367e+00
5.236085533567863548e-01 1.318243229239140391e+00
5.245701852269414323e-01 1.290691617191466634e+00
5.255318170970963987e-01 1.150749482625300857e+00
5.264934489672513651e-01 9.872406799866126903e-01
5.274550808374064426e-01 1.064651003679919938e+00
5.284167127075614090e-01 1.137509230906900370e+00
5.293783445777164864e-01 1.291531881952685978e+00
5.303399764478714529e-01 1.329855157727603654e+00
5.313016083180265303e-01 1.444031056731787999e+00
5.322632401881816078e-01 1.426454330497168854e+00
5.332248720583365742e-01 1.253754270142504623e+00
5.341865039284916516e-01 1.243376753524316314e+00
5.351481357986466181e-01 1.299923584029329504e+00
5.361097676688016955e-01 1.295630313487105667e+00
5.370713995389566620e-01 1.398100358022873024e+00
5.380330314091116284e-01 1.361534916381085480e+00
5.389946632792667058e-01 1.291450358213900529e+00
5.399562951494217833e-01 1.308227659940818910e+00
5.409179270195768607e-01 1.283441484213806660e+00
5.418795588897318272e-01 1.318509502216166140e+00
5.428411907598867936e-01 1.302012083765937689e+00
5.438028226300418710e-01 1.295975358821070955e+00
5.447644545001968375e-01 1.300566341663323300e+00
5.457260863703519149e-01 1.225957808739874366e+00
5.466877182405068814e-01 1.287839165993766244e+00
5.476493501106619588e-01 1.373716357228698115e+00
5.486109819808170363e-01 1.404792572951571117e+00
5.495726138509720027e-01 1.253994773886883962e+00
5.505342457211270801e-01 1.224193640970465680e+00
5.514958775912820466e-01 1.209417662909714863e+00
5.524575094614371240e-01 1.220142592912360158e+00
5.534191413315920904e-01 1.271382686498530035e+00
5.543807732017470569e-01 1.296219302189324907e+00
5.553424050719021343e-01 1.236466035243115158e+00
5.563040369420572118e-01 1.183363830549019724e+00
5.572656688122122892e-01 1.174262197499356120e+00
5.582273006823672556e-01 1.149763197114921809e+00
5.591889325525222221e-01 1.000591224783217825e+00
5.601505644226772995e-01 1.203942934265846532e+00
5.611121962928322660e-01 1.315718962111830592e+00
5.620738281629873434e-01 1.155442297740204793e+00
5.630354600331423098e-01 1.188970177932571204e+00
5.639970919032973873e-01 1.242538386440418918e+00
5.649587237734524647e-01 1.233374325163758556e+00
5.659203556436074312e-01 1.238774744118465776e+00
5.668819875137625086e-01 1.237404850284093527e+00
5.678436193839174750e-01 1.183104026752868521e+00
5.688052512540725525e-01 1.280273141958872429e+00
5.697668831242275189e-01 1.234036280707464073e+00
5.707285149943824853e-01 1.290300756561379103e+00
5.716901468645375628e-01 1.305414400443975609e+00
5.726517787346926402e-01 1.344670499257887286e+00
5.736134106048477177e-01 1.334613709522859182e+00
5.745750424750026841e-01 1.350737288298997640e+00
5.755366743451576506e-01 1.353414910247686009e+00
5.764983062153127280e-01 1.225893148374844088e+00
5.774599380854676944e-01 1.225998736461658467e+00
5.784215699556227719e-01 1.251833818806371568e+00
5.793832018257777383e-01 1.173528736956310325e+00
5.803448336959328158e-01 1.170856181436590759e+00
5.813064655660878932e-01 1.339814940871750792e+00
5.822680974362428596e-01 1.282866306411104773e+00
5.832297293063979371e-01 1.207210482395439044e+00
5.841913611765529035e-01 1.178373832806958177e+00
5.851529930467079810e-01 1.166221100098351116e+00
5.861146249168629474e-01 1.193449362670968128e+00
5.870762567870179138e-01 1.294000242128117151e+00
5.880378886571729913e-01 1.318969069647049963e+00
5.889995205273280687e-01 1.255001845736089194e+00
5.899611523974831462e-01 1.281354464847971997e+00
5.909227842676381126e-01 1.264363380454859964e+00
5.918844161377930790e-01 1.334972495108601720e+00
5.928460480079481565e-01 1.289763282035096381e+00
5.938076798781031229e-01 1.239699204329351545e+00
5.947693117482582004e-01 1.290792706810041324e+00
5.957309436184131668e-01 1.245144678384377812e+00
5.966925754885682442e-01 1.285743531524659033e+00
5.976542073587233217e-01 1.235848397109243990e+00
5.986158392288782881e-01 1.161532547158184769e+00
5.995774710990333656e-01 1.344248565301057852e+00
