# q (1/Angstrom), Intensity (arb)
2.067508526570814575e-02 1.660624939384648258e+01
2.163671713586316769e-02 1.565436265692456175e+01
2.259834900601819310e-02 1.424409218828293433e+01
2.355998087617321851e-02 1.241232551266342909e+01
2.452161274632824739e-02 1.059147109286996624e+01
2.548324461648326933e-02 1.069646594566654585e+01
2.644487648663829821e-02 1.090408376183053463e+01
2.740650835679332709e-02 1.147100900684951341e+01
2.836814022694834903e-02 1.121551952471990887e+01
2.932977209710337443e-02 1.111177025336483837e+01
3.029140396725839637e-02 1.143054545799207489e+01
3.125303583741342178e-02 1.100713768818464189e+01
3.221466770756845066e-02 1.121819491766026999e+01
3.317629957772347260e-02 1.184225615538626641e+01
3.413793144787850148e-02 1.172976288089483177e+01
3.509956331803352342e-02 1.100489861678488523e+01
3.606119518818855230e-02 1.156587187862313826e+01
3.702282705834358117e-02 1.188979186523279452e+01
3.798445892849860311e-02 1.159522637461468975e+01
3.894609079865363199e-02 1.150501290481078343e+01
3.990772266880865393e-02 1.192195384789082624e+01
4.086935453896367587e-02 1.181839997159620026e+01
4.183098640911870475e-02 1.106351144443296164e+01
4.279261827927372669e-02 1.090635905228572611e+01
4.375425014942875557e-02 1.065466227812183320e+01
4.471588201958377751e-02 1.003188606219044132e+01
4.567751388973880639e-02 1.005899313670085604e+01
4.663914575989382832e-02 1.035371614576761345e+01
4.760077763004885720e-02 1.003116252129927233e+01
4.856240950020387914e-02 1.025167086770593627e+01
4.952404137035890108e-02 1.050504196365094955e+01
5.048567324051392302e-02 1.031275627052788479e+01
5.144730511066895190e-02 9.443245842187053540e+00
5.240893698082397384e-02 9.548121422433716532e+00
5.337056885097899578e-02 9.786451741535945104e+00
5.433220072113403160e-02 9.133358926321378135e+00
5.529383259128905354e-02 9.573323375502482691e+00
5.625546446144407547e-02 1.004907052266038292e+01
5.721709633159910435e-02 9.797153420905434729e+00
5.817872820175412629e-02 9.128234416289579656e+00
5.914036007190914823e-02 8.560926302938874244e+00
6.010199194206417017e-02 8.717447962041127596e+00
6.106362381221920599e-02 8.757446461475698385e+00
6.202525568237422793e-02 8.964347740061278103e+00
6.298688755252924987e-02 9.121114501093877891e+00
6.394851942268428568e-02 8.587664170056399371e+00
6.491015129283930762e-02 8.657519210984794711e+00
6.587178316299432956e-02 8.608432000862684674e+00
6.683341503314935150e-02 8.010488153981725645e+00
6.779504690330438732e-02 7.662504111487159264e+00
6.875667877345940926e-02 7.878823970595956183e+00
6.971831064361443120e-02 8.315515518905570502e+00
7.067994251376945314e-02 8.423945073329573319e+00
7.164157438392447508e-02 8.322195925630015978e+00
7.260320625407949702e-02 8.695645581353652176e+00
7.356483812423453283e-02 8.799281148528510954e+00
7.452646999438955477e-02 8.173807517244618737e+00
7.548810186454457671e-02 8.460732849443992620e+00
7.644973373469959865e-02 8.321554007238276540e+00
7.741136560485463447e-02 8.354666811859626563e+00
7.837299747500965641e-02 8.109498562095829755e+00
7.933462934516467835e-02 8.225160761428671918e+00
8.029626121531971417e-02 8.333374950260747482e+00
8.125789308547473611e-02 8.577061352176983178e+00
8.221952495562975805e-02 8.989269719891634480e+00
8.318115682578479386e-02 9.306012764403483573e+00
8.414278869593981580e-02 9.606293923191632445e+00
8.510442056609483774e-02 1.016892721388591525e+01
8.606605243624985968e-02 1.089538746678693570e+01
8.702768430640489550e-02 1.338045978771179989e+01
8.798931617655991744e-02 2.004757404622243655e+01
8.895094804671493938e-02 3.134435196488226794e+01
8.991257991686996132e-02 4.333882700177710490e+01
9.087421178702498326e-02 5.101947191897090050e+01
9.183584365718000520e-02 5.780368650423493193e+01
9.279747552733502713e-02 8.438780148936734804e+01
9.375910739749006295e-02 1.458741290521905114e+02
9.472073926764508489e-02 2.051293658485955689e+02
9.568237113780010683e-02 1.957475510840896220e+02
9.664400300795514265e-02 1.414264497380004855e+02
9.760563487811016459e-02 1.030886257368731549e+02
9.856726674826518653e-02 8.388136899867377849e+01
9.952889861842022234e-02 7.824934858765529100e+01
1.004905304885752443e-01 8.210100797288077956e+01
1.014521623587302801e-01 8.249722949871085120e+01
1.024137942288853020e-01 7.553435405697744898e+01
1.033754260990403240e-01 6.652072953066941352e+01
1.043370579691953459e-01 5.735670129228408598e+01
1.052986898393503817e-01 4.960883053588753455e+01
1.062603217095053898e-01 4.473968607077279813e+01
1.072219535796604256e-01 4.153481673084914405e+01
1.081835854498154614e-01 4.199950460366373051e+01
1.091452173199704695e-01 4.309366069311712977e+01
1.101068491901255053e-01 4.029599345242436925e+01
1.110684810602805411e-01 3.355704122735677686e+01
1.120301129304355492e-01 2.544254767616391888e+01
1.129917448005905850e-01 1.954481167668243202e+01
1.139533766707456208e-01 1.570715152702016582e+01
1.149150085409006289e-01 1.325414442843618446e+01
1.158766404110556647e-01 1.132883370223568065e+01
1.168382722812106728e-01 9.893517662608054763e+00
1.177999041513657086e-01 8.590620872988349532e+00
1.187615360215207305e-01 7.900876504385024646e+00
1.197231678916757525e-01 7.154672407661070821e+00
1.206847997618307744e-01 6.241504061158902772e+00
1.216464316319858102e-01 5.311712180932079974e+00
1.226080635021408183e-01 4.694200220973876014e+00
1.235696953722958541e-01 4.261125629974401363e+00
1.245313272424508899e-01 3.904489158186997599e+00
1.254929591126059119e-01 3.589931141308223772e+00
1.264545909827609338e-01 2.894476095852731135e+00
1.274162228529159557e-01 2.629766136458666637e+00
1.283778547230709777e-01 2.399465268715132993e+00
1.293394865932259996e-01 2.436600162452243978e+00
1.303011184633810493e-01 2.406077727531013011e+00
1.312627503335360435e-01 2.104273025183502455e+00
1.322243822036910932e-01 1.562300269772478600e+00
1.331860140738460874e-01 1.483655568199676367e+00
1.341476459440011371e-01 1.757491023770761274e+00
1.351092778141561590e-01 1.420649508014800944e+00
1.360709096843111809e-01 1.425966842399947865e+00
1.370325415544662029e-01 1.603015902458878372e+00
1.379941734246212526e-01 1.360729816450202634e+00
1.389558052947762468e-01 1.003157901038385091e+00
1.399174371649312965e-01 9.627701397192325317e-01
1.408790690350863184e-01 1.337802898856455869e+00
1.418407009052413403e-01 1.243103422274458580e+00
1.428023327753963623e-01 1.299988870604888547e+00
1.437639646455513842e-01 1.342749273388061937e+00
1.447255965157064062e-01 1.182612561384672745e+00
1.456872283858614281e-01 7.397897399568940102e-01
1.466488602560164778e-01 8.121084923783179477e-01
1.476104921261714720e-01 1.138883151735413435e+00
1.485721239963265217e-01 1.120851724462955445e+00
1.495337558664815436e-01 1.243427516522885412e+00
1.504953877366365655e-01 1.111104011439767447e+00
1.514570196067915875e-01 1.276018443872228403e+00
1.524186514769466094e-01 1.672154750667754541e+00
1.533802833471016314e-01 2.276735200297213879e+00
1.543419152172566811e-01 3.022574258127370683e+00
1.553035470874116752e-01 3.320804614999580906e+00
1.562651789575667249e-01 2.831976791904697421e+00
1.572268108277217469e-01 1.959032857851390474e+00
1.581884426978767688e-01 1.785640682592251949e+00
1.591500745680317908e-01 1.658243977281784964e+00
1.601117064381868405e-01 1.426190158417210085e+00
1.610733383083418346e-01 1.222622903696485963e+00
1.620349701784968843e-01 9.054737840316420261e-01
1.629966020486519063e-01 8.629568438508918859e-01
1.639582339188069282e-01 9.282443355083991321e-01
1.649198657889619501e-01 1.167038399737052146e+00
1.658814976591169721e-01 1.254692073202992475e+00
1.668431295292719940e-01 1.361142993091430498e+00
1.678047613994270160e-01 1.559021811535284741e+00
1.687663932695820379e-01 1.336246174122784680e+00
1.697280251397370598e-01 1.074663488552019430e+00
1.706896570098921095e-01 1.312999435316278607e+00
1.716512888800471037e-01 1.151849936392704166e+00
1.726129207502021534e-01 9.921189950281856795e-01
1.735745526203571754e-01 1.110723486533689908e+00
1.745361844905121973e-01 1.313121371940326298e+00
1.754978163606672192e-01 1.089150558505576072e+00
1.764594482308222689e-01 1.422797349289030677e+00
1.774210801009772631e-01 1.646834626336776353e+00
1.783827119711323128e-01 2.131954194699712701e+00
1.793443438412873348e-01 3.229531052868935603e+00
1.803059757114423567e-01 5.189653727203179301e+00
1.812676075815973786e-01 7.118104356119538068e+00
1.822292394517524006e-01 8.059600930133246521e+00
1.831908713219074225e-01 7.372713179874651246e+00
1.841525031920624444e-01 6.032169919372783795e+00
1.851141350622174664e-01 4.927845464846168255e+00
1.860757669323724883e-01 4.183431111951229298e+00
1.870373988025275380e-01 3.726576301386788970e+00
1.879990306726825322e-01 3.766003528265834177e+00
1.889606625428375819e-01 3.722507146653835974e+00
1.899222944129926038e-01 3.440385355837772607e+00
1.908839262831476258e-01 3.021819767758547215e+00
1.918455581533026477e-01 2.350126507660053932e+00
1.928071900234576974e-01 2.133869424199271947e+00
1.937688218936126916e-01 1.700277970971530550e+00
1.947304537637677413e-01 1.311852023054896677e+00
1.956920856339227632e-01 1.519094769895563246e+00
1.966537175040777852e-01 1.455644259029178045e+00
1.976153493742328071e-01 1.446395686568536121e+00
1.985769812443878291e-01 1.243443604399249836e+00
1.995386131145428510e-01 1.179656943583733408e+00
2.005002449846978729e-01 1.310465841381319052e+00
2.014618768548528949e-01 1.141469043119343496e+00
2.024235087250079168e-01 1.229603526784899259e+00
2.033851405951629665e-01 1.351181187255836136e+00
2.043467724653179884e-01 1.088295762557603297e+00
2.053084043354730381e-01 9.239221218834998695e-01
2.062700362056280046e-01 1.043747084800028091e+00
2.072316680757830543e-01 1.055937294160248285e+00
2.081932999459380762e-01 9.095655810502414340e-01
2.091549318160931259e-01 9.845000694836052446e-01
2.101165636862481478e-01 1.059127386322074926e+00
2.110781955564031698e-01 9.159336649903231375e-01
2.120398274265581640e-01 1.007447931560559340e+00
2.130014592967132137e-01 8.870481706631103691e-01
2.139630911668682356e-01 9.186162343097592498e-01
2.149247230370232575e-01 7.218733206553800130e-01
2.158863549071783072e-01 6.540499220071964714e-01
2.168479867773333014e-01 7.332074824942296232e-01
2.178096186474883234e-01 9.435781532330764776e-01
2.187712505176433453e-01 8.276557834441895523e-01
2.197328823877983950e-01 8.217973753862608532e-01
2.206945142579534169e-01 7.106069233449474609e-01
2.216561461281084666e-01 6.271489329643529231e-01
2.226177779982634330e-01 5.652462555585238135e-01
2.235794098684184827e-01 7.299971675200396248e-01
2.245410417385735047e-01 6.705530246254163274e-01
2.255026736087285544e-01 6.321698556969685967e-01
2.264643054788835763e-01 5.548516726720542636e-01
2.274259373490385983e-01 5.177340026689449815e-01
2.283875692191935924e-01 4.365889634380586415e-01
2.293492010893486421e-01 2.757711206707611495e-01
2.303108329595036641e-01 4.534077308474770973e-01
2.312724648296586860e-01 5.928761537338971266e-01
2.322340966998137357e-01 3.734989222401914333e-01
2.331957285699687299e-01 4.217746151441801317e-01
2.341573604401237518e-01 4.694173205267588855e-01
2.351189923102787738e-01 4.499048008766060036e-01
2.360806241804338235e-01 5.309723250321809473e-01
2.370422560505888454e-01 6.853656518240889284e-01
2.380038879207438951e-01 5.786443407790997639e-01
2.389655197908988615e-01 4.089231015771908062e-01
2.399271516610539112e-01 9.517540999544849001e-02
2.408887835312089332e-01 3.122968175007834191e-01
2.418504154013639829e-01 4.636976795563008125e-01
2.428120472715190048e-01 3.320733945758398420e-01
2.437736791416740267e-01 3.468192246876036222e-01
2.447353110118290209e-01 3.879673578227382791e-01
2.456969428819840706e-01 3.259244407431260981e-01
2.466585747521390926e-01 4.290708769970379421e-01
2.476202066222941145e-01 5.197919198833886867e-01
2.485818384924491642e-01 4.539826368211343777e-01
2.495434703626041584e-01 3.651690985445092963e-01
2.505051022327591803e-01 3.688394970037585097e-01
2.514667341029142023e-01 4.084718856141691390e-01
2.524283659730692242e-01 4.403439782012341652e-01
2.533899978432243016e-01 2.091148828373263768e-01
2.543516297133793236e-01 1.789814066801262982e-01
2.553132615835342900e-01 2.626627481514276496e-01
2.562748934536893120e-01 4.483453593340733789e-01
2.572365253238443894e-01 3.893291181745688334e-01
2.581981571939994113e-01 3.684275588303940197e-01
2.591597890641544333e-01 3.067496748091578240e-01
2.601214209343094552e-01 2.376707061181413394e-01
2.610830528044644772e-01 4.418451048645586354e-01
2.620446846746194991e-01 5.108889867005501628e-01
2.630063165447745210e-01 2.714382659020593280e-01
2.639679484149295430e-01 3.385025440573414812e-01
2.649295802850845649e-01 2.870551136868932929e-01
2.658912121552395869e-01 2.675940648863210924e-01
2.668528440253946088e-01 4.384708978132962898e-01
2.678144758955496307e-01 5.122816444392874757e-01
2.687761077657046527e-01 3.372628786605105233e-01
2.697377396358597301e-01 3.795922424669058159e-01
2.706993715060147521e-01 4.917130433034664350e-01
2.716610033761697185e-01 4.350483481857949641e-01
2.726226352463247404e-01 3.864209318833822238e-01
2.735842671164798179e-01 2.645376651636475174e-01
2.745458989866348398e-01 2.449906263315639876e-01
2.755075308567898618e-01 4.352478954281906454e-01
2.764691627269448837e-01 5.713004425930989783e-01
2.774307945970999056e-01 5.012239627075381065e-01
2.783924264672549276e-01 5.341061409276086636e-01
2.793540583374099495e-01 3.686981173564518599e-01
2.803156902075649715e-01 2.259259455125359750e-01
2.812773220777199934e-01 3.775026217951449325e-01
2.822389539478750153e-01 5.833904893476002940e-01
2.832005858180300373e-01 6.638604410383592835e-01
2.841622176881850592e-01 8.304854148514948520e-01
2.851238495583400812e-01 7.892986512024329215e-01
2.860854814284951586e-01 8.581880383502280552e-01
2.870471132986501805e-01 7.698247120128414167e-01
2.880087451688051470e-01 7.063105641341422825e-01
2.889703770389601689e-01 5.108129079843557463e-01
2.899320089091152464e-01 4.773590849110931345e-01
2.908936407792702683e-01 4.884038431397357272e-01
2.918552726494252902e-01 6.145762715275502330e-01
2.928169045195803122e-01 6.320260601873997075e-01
2.937785363897353341e-01 3.119702774314205840e-01
2.947401682598903561e-01 6.113710133589584927e-01
2.957018001300453780e-01 7.748367422219502032e-01
2.966634320002003999e-01 6.515101566907866015e-01
2.976250638703554219e-01 5.778779584851498896e-01
2.985866957405104993e-01 5.462676562245611933e-01
2.995483276106654658e-01 2.735379721961948007e-01
3.005099594808204877e-01 2.572160012910309490e-01
3.014715913509755651e-01 1.326819370515686103e-01
3.024332232211305871e-01 2.549878011073722917e-01
3.033948550912856090e-01 3.960991022377022830e-01
3.043564869614405755e-01 2.104121315719496010e-01
3.053181188315956529e-01 1.974172487543057741e-01
3.062797507017506748e-01 3.232576367829373964e-01
3.072413825719056968e-01 2.566064743953049287e-01
3.082030144420607187e-01 3.644609065435133743e-01
3.091646463122157407e-01 4.170066560942302658e-01
3.101262781823707626e-01 5.773797980536450325e-01
3.110879100525257845e-01 5.899687750708544343e-01
3.120495419226808065e-01 4.173890323130748925e-01
3.130111737928358284e-01 3.555563392984915083e-01
3.139728056629909059e-01 3.959605192510196048e-01
3.149344375331459278e-01 3.174171352598946783e-01
3.158960694033008942e-01 2.973850823510133523e-01
3.168577012734559162e-01 2.283522149142491742e-01
3.178193331436109936e-01 1.447018879181918294e-01
3.187809650137660156e-01 2.654441731468430987e-01
3.197425968839210375e-01 4.147934291594630452e-01
3.207042287540760039e-01 3.677104340342403077e-01
3.216658606242310814e-01 3.483235931966959242e-01
3.226274924943861033e-01 3.373696337056770744e-01
3.235891243645411253e-01 2.884906989646047748e-01
3.245507562346961472e-01 4.483524457337253466e-01
3.255123881048511691e-01 3.032683065193992888e-01
3.264740199750061911e-01 2.619226282201410072e-01
3.274356518451612130e-01 2.649999153357569526e-01
3.283972837153162350e-01 4.486489174134362656e-01
3.293589155854712569e-01 3.455447485411546893e-01
3.303205474556263344e-01 2.796278131177807325e-01
3.312821793257813563e-01 2.073991340869518751e-01
3.322438111959363227e-01 1.323723377858065930e-01
3.332054430660913447e-01 5.766138550830035570e-02
3.341670749362464221e-01 1.692396846560910717e-01
3.351287068064014441e-01 2.123206073164674024e-01
3.360903386765564660e-01 2.568377659507348199e-01
3.370519705467114324e-01 4.364839023549826891e-01
3.380136024168665099e-01 2.873975845217593417e-01
3.389752342870215318e-01 2.809057895515820746e-01
3.399368661571765537e-01 2.372386227333791453e-01
3.408984980273315757e-01 1.920994840141645454e-01
3.418601298974865976e-01 2.336223514245574506e-01
3.428217617676416196e-01 4.012633562676448662e-01
3.437833936377966415e-01 4.393125942036490983e-01
3.447450255079516634e-01 3.589903539192853543e-01
3.457066573781066854e-01 2.882983696483663039e-01
3.466682892482617628e-01 3.122309537012917247e-01
3.476299211184167848e-01 8.679685484825938602e-02
3.485915529885717512e-01 3.077644773780612297e-01
3.495531848587267731e-01 3.898104357445610901e-01
3.505148167288818506e-01 1.812322455197907800e-01
3.514764485990368725e-01 2.346800123739498645e-01
3.524380804691918945e-01 2.398059795033766761e-01
3.533997123393468609e-01 2.632484508709218574e-01
3.543613442095019384e-01 2.613384192321639432e-01
3.553229760796569603e-01 3.035573884775040199e-01
3.562846079498119822e-01 1.609951994307259326e-01
3.572462398199670042e-01 3.299963365975742136e-01
3.582078716901220261e-01 2.583262206534087113e-01
3.591695035602770480e-01 4.582804556345756453e-01
3.601311354304320700e-01 3.886378882442365068e-01
3.610927673005870919e-01 1.493372779221928681e-01
3.620543991707421139e-01 1.730146897904027981e-01
3.630160310408971913e-01 2.888437687071885307e-01
3.639776629110522133e-01 3.245247544804712447e-01
3.649392947812071797e-01 2.178796619351679453e-01
3.659009266513622016e-01 7.356440477447989679e-03
3.668625585215172791e-01 1.429400527041053692e-01
3.678241903916723010e-01 2.545766478153694834e-01
3.687858222618273230e-01 2.824226895517085723e-01
3.697474541319822894e-01 2.519361811376263915e-01
3.707090860021373668e-01 1.381285053299343701e-01
3.716707178722923888e-01 1.858870965698464772e-01
3.726323497424474107e-01 2.371460704554912979e-01
3.735939816126024327e-01 1.206990747724709934e-01
3.745556134827574546e-01 8.041404861614864785e-02
3.755172453529124765e-01 6.872593963067430423e-02
3.764788772230674985e-01 8.890944931514255245e-02
3.774405090932225204e-01 1.759906401264750286e-01
3.784021409633775423e-01 3.597835178965347325e-01
3.793637728335326198e-01 3.435347156479870989e-01
3.803254047036876417e-01 1.963786849441611082e-01
3.812870365738426082e-01 1.279364844131798407e-01
3.822486684439976301e-01 3.505534261230991433e-01
3.832103003141527076e-01 4.212333681578144251e-01
3.841719321843077295e-01 2.294498047468636059e-01
3.851335640544627514e-01 2.579844985852659534e-01
3.860951959246177734e-01 2.336058831445129158e-01
3.870568277947727953e-01 3.035383864811933563e-01
3.880184596649278173e-01 2.137366621432157388e-01
3.889800915350828392e-01 1.772478753850350586e-01
3.899417234052378611e-01 2.818268914452133345e-01
3.909033552753928831e-01 2.987965332659321405e-01
3.918649871455479050e-01 3.006399519410862808e-01
3.928266190157029270e-01 3.195857652220226441e-01
3.937882508858579489e-01 3.020949836213837614e-01
3.947498827560129708e-01 1.422185353398752738e-01
3.957115146261680483e-01 8.878402399232854236e-02
3.966731464963230702e-01 1.246037724139412717e-01
3.976347783664780366e-01 2.448083142700951953e-01
3.985964102366330586e-01 1.896833250337053300e-01
3.995580421067881360e-01 2.891515964494928426e-01
4.005196739769430470e-01 2.214238049058749880e-01
4.014813058470981244e-01 1.819894433515649723e-01
4.024429377172531463e-01 1.273515141901526704e-01
4.034045695874082238e-01 2.458437772101298435e-01
4.043662014575631902e-01 6.180097877874182188e-01
4.053278333277181567e-01 5.199906072412012747e-01
4.062894651978732341e-01 3.310141800610253426e-01
4.072510970680282560e-01 2.274499463279795464e-01
4.082127289381833335e-01 1.386814032013390374e-01
4.091743608083382999e-01 2.322991972806214278e-01
4.101359926784933774e-01 2.979573055717494867e-01
4.110976245486483993e-01 2.293796374524035286e-01
4.120592564188033657e-01 2.486326340215825326e-01
4.130208882889584432e-01 2.755873985842782758e-01
4.139825201591134096e-01 2.737759830254198334e-01
4.149441520292684871e-01 2.012228138273961520e-01
4.159057838994235090e-01 2.176221726914029375e-01
4.168674157695784754e-01 3.005787792944509818e-01
4.178290476397335529e-01 2.521948782389848986e-01
4.187906795098885748e-01 2.793400806394501501e-01
4.197523113800436523e-01 3.532391655704785194e-01
4.207139432501986187e-01 2.587056859701704070e-01
4.216755751203536962e-01 2.031354788890631369e-01
4.226372069905086626e-01 2.403972080031131497e-01
4.235988388606636845e-01 2.989462474328270503e-01
4.245604707308187620e-01 2.314902290978615440e-01
4.255221026009737284e-01 1.600433724582828177e-01
4.264837344711288059e-01 6.457666826048935604e-02
4.274453663412838278e-01 1.957464795367833688e-01
4.284069982114387942e-01 3.116704864241199857e-01
4.293686300815938717e-01 2.336615221089957117e-01
4.303302619517488381e-01 5.202492093373933812e-02
4.312918938219039156e-01 4.846355069332020093e-02
4.322535256920589375e-01 1.514441939623374367e-01
4.332151575622139039e-01 4.086251632020996283e-01
4.341767894323689814e-01 4.666433748332927678e-01
4.351384213025240033e-01 3.149840558394707557e-01
4.361000531726790808e-01 2.040474239701737247e-01
4.370616850428340472e-01 2.048988942397897972e-01
4.380233169129891246e-01 2.019712607035124563e-01
4.389849487831440911e-01 3.064721462934443252e-01
4.399465806532991130e-01 2.428331784203052734e-01
4.409082125234541905e-01 2.339882984374277441e-01
4.418698443936091569e-01 5.245188128862210419e-02
4.428314762637642343e-01 1.422899350125668150e-01
4.437931081339192563e-01 1.682029610761759386e-01
4.447547400040742227e-01 2.962028709142074945e-01
4.457163718742293002e-01 1.908577921429852609e-01
4.466780037443842666e-01 0.000000000000000000e+00
4.476396356145393440e-01 1.149113499371097191e-01
4.486012674846943660e-01 1.768090027320852187e-01
4.495628993548493324e-01 1.371550439596660453e-01
4.505245312250044099e-01 1.492500846484112742e-01
4.514861630951594318e-01 2.428667132466593159e-01
4.524477949653145092e-01 2.345491873170608699e-01
4.534094268354694757e-01 2.350249890410225362e-01
4.543710587056245531e-01 2.078295572395951751e-01
4.553326905757795195e-01 2.417944917500456370e-01
4.562943224459345415e-01 3.098610574482520974e-01
4.572559543160896189e-01 4.652150224643740728e-01
4.582175861862445854e-01 3.620164474366873719e-01
4.591792180563996628e-01 2.089221014764213180e-01
4.601408499265546848e-01 1.225374455905487991e-01
4.611024817967096512e-01 1.076865250187317713e-01
4.620641136668647286e-01 2.956283773573744611e-01
4.630257455370196951e-01 2.917165483299299922e-01
4.639873774071747725e-01 2.405205477953593629e-01
4.649490092773297945e-01 1.928945031658599873e-01
4.659106411474847609e-01 1.840804528752038038e-01
4.668722730176398383e-01 1.738226780501257451e-01
4.678339048877948603e-01 1.865685805911176942e-01
4.687955367579499377e-01 1.715104040936914487e-01
4.697571686281049042e-01 2.915708813876740635e-01
4.707188004982599816e-01 3.382972441824740883e-01
4.716804323684149480e-01 3.178815979028613015e-01
4.726420642385699700e-01 3.080640841534076912e-01
4.736036961087250474e-01 3.157917829803160714e-01
4.745653279788800138e-01 3.138412653260296281e-01
4.755269598490350913e-01 3.646539172616520830e-01
4.764885917191901132e-01 2.937923899219754276e-01
4.774502235893450797e-01 2.884327882611472660e-01
4.784118554595001571e-01 3.456857761869009948e-01
4.793734873296551235e-01 3.539935960789968306e-01
4.803351191998102010e-01 2.265577363318378445e-01
4.812967510699652229e-01 2.365793583210944462e-01
4.822583829401201894e-01 2.806959482097433067e-01
4.832200148102752668e-01 1.969609627225850090e-01
4.841816466804302888e-01 2.034181641607304414e-01
4.851432785505853662e-01 2.144800943690867712e-01
4.861049104207403326e-01 2.658706692603765021e-01
4.870665422908954101e-01 2.945147131684109354e-01
4.880281741610503765e-01 3.653535512383392359e-01
4.889898060312053985e-01 4.209148436200287335e-01
4.899514379013604759e-01 3.814938021314020489e-01
4.909130697715154423e-01 2.835440301973264354e-01
4.918747016416705198e-01 1.874662967827376292e-01
4.928363335118255417e-01 2.021404652988501027e-01
4.937979653819805081e-01 2.093160238411435614e-01
4.947595972521355856e-01 3.182698721491767913e-01
4.957212291222905520e-01 3.700060322708722538e-01
4.966828609924456295e-01 4.362090114801198126e-01
4.976444928626006514e-01 2.881263368123612167e-01
4.986061247327556178e-01 2.231643496017738926e-01
4.995677566029106953e-01 2.486803987588217524e-01
5.005293884730657172e-01 2.428443871021386258e-01
5.014910203432207947e-01 2.436707963199289395e-01
5.024526522133757611e-01 2.931204743643824884e-01
5.034142840835308386e-01 3.037191346828755911e-01
5.043759159536858050e-01 2.592902065662023858e-01
5.053375478238407714e-01 2.167801866675063138e-01
5.062991796939958489e-01 1.863515731224296701e-01
5.072608115641509263e-01 3.183588630208973314e-01
5.082224434343060038e-01 2.135212417130034623e-01
5.091840753044609702e-01 1.263970656577306784e-01
5.101457071746159366e-01 1.529604657627530173e-01
5.111073390447710141e-01 2.110893463594862851e-01
5.120689709149259805e-01 1.750337588720505266e-01
5.130306027850810580e-01 2.114676885810844453e-01
5.139922346552360244e-01 2.022563149355960377e-01
5.149538665253911018e-01 1.588181381858895236e-01
5.159154983955461793e-01 2.920468299638407927e-01
5.168771302657011457e-01 2.552563858168070965e-01
5.178387621358562232e-01 4.100757987110767999e-01
5.188003940060111896e-01 2.721443805751455614e-01
5.197620258761662670e-01 2.235566412770388922e-01
5.207236577463212335e-01 2.645406670609631306e-01
5.216852896164761999e-01 2.884276128808984652e-01
5.226469214866312774e-01 2.319085714330739734e-01
5.236085533567863548e-01 3.217639200445781000e-01
5.245701852269414323e-01 2.283606660863632953e-01
5.255318170970963987e-01 2.732524437621499658e-01
5.264934489672513651e-01 3.908733414791143446e-01
5.274550808374064426e-01 4.088459362367338201e-01
5.284167127075614090e-01 3.533697684513938952e-01
5.293783445777164864e-01 3.698813476432896152e-01
5.303399764478714529e-01 2.624799828345096842e-01
5.313016083180265303e-01 1.850324230741087206e-01
5.322632401881816078e-01 1.740561345082483058e-01
5.332248720583365742e-01 1.625757504203200199e-01
5.341865039284916516e-01 1.841684756775094911e-01
5.351481357986466181e-01 1.742756898465351867e-01
5.361097676688016955e-01 1.666275973906898855e-01
5.370713995389566620e-01 1.984184396541373019e-01
5.380330314091116284e-01 1.525680392650876627e-01
5.389946632792667058e-01 1.998068049288264092e-01
5.399562951494217833e-01 2.186611214848355189e-02
5.409179270195768607e-01 1.390566425910932935e-02
5.418795588897318272e-01 8.783593496799113609e-02
5.428411907598867936e-01 1.146697081881526969e-01
5.438028226300418710e-01 1.164216712126062703e-01
5.447644545001968375e-01 3.142927746636026143e-01
5.457260863703519149e-01 3.276149005653365975e-01
5.466877182405068814e-01 2.074103396715898384e-01
5.476493501106619588e-01 1.980651966522977148e-01
5.486109819808170363e-01 1.919692216878843283e-01
5.495726138509720027e-01 2.245775586140652536e-01
5.505342457211270801e-01 1.802668407832399566e-01
5.514958775912820466e-01 1.349744045548710858e-01
5.524575094614371240e-01 2.172025091380618278e-01
5.534191413315920904e-01 3.858619228564030834e-01
5.543807732017470569e-01 3.158317228137264010e-01
5.553424050719021343e-01 2.532885205310932974e-01
5.563040369420572118e-01 1.417199329873000124e-01
5.572656688122122892e-01 1.832553106162500001e-01
5.582273006823672556e-01 2.169257362458942850e-01
5.591889325525222221e-01 1.099134704204409729e-01
5.601505644226772995e-01 2.034308137494846846e-01
5.611121962928322660e-01 1.691411081788167792e-01
5.620738281629873434e-01 3.054949291191491056e-01
5.630354600331423098e-01 3.138690383754045854e-01
5.639970919032973873e-01 3.187704325025464414e-01
5.649587237734524647e-01 2.047555248990953203e-01
5.659203556436074312e-01 2.271441459211409608e-01
5.668819875137625086e-01 1.908406320168936077e-01
5.678436193839174750e-01 2.889311470011008964e-01
5.688052512540725525e-01 9.029546752048744906e-02
5.697668831242275189e-01 1.654023203800640829e-01
5.707285149943824853e-01 3.374900912098581784e-01
5.716901468645375628e-01 2.051082313177552408e-01
5.726517787346926402e-01 2.704929200101986453e-01
5.736134106048477177e-01 3.280336103496672706e-01
5.745750424750026841e-01 3.070974742656673584e-01
5.755366743451576506e-01 3.055592918440623862e-01
5.764983062153127280e-01 3.128966739237633021e-01
5.774599380854676944e-01 9.137746729709306237e-02
5.784215699556227719e-01 1.445197599959335832e-01
5.793832018257777383e-01 2.433925726847903093e-01
5.803448336959328158e-01 1.946191759006374866e-01
5.813064655660878932e-01 1.871327093559784771e-01
5.822680974362428596e-01 1.389439560054661627e-01
5.832297293063979371e-01 1.590508444173757141e-01
5.841913611765529035e-01 9.623379874643589460e-02
5.851529930467079810e-01 2.041736007754266780e-01
5.861146249168629474e-01 2.845367986768216895e-01
5.870762567870179138e-01 2.617101674391442145e-01
5.880378886571729913e-01 2.473587199076057175e-01
5.889995205273280687e-01 2.977730949405881233e-01
5.899611523974831462e-01 3.164189311753986544e-01
5.909227842676381126e-01 2.768161701873097513e-01
5.918844161377930790e-01 2.835092527313776145e-01
5.928460480079481565e-01 2.377840203031773569e-01
5.938076798781031229e-01 3.177993102399696568e-01
5.947693117482582004e-01 2.670894650565429629e-01
5.957309436184131668e-01 3.530547939920012368e-01
5.966925754885682442e-01 2.512552938233554300e-01
5.976542073587233217e-01 2.643713965075704664e-01
5.986158392288782881e-01 1.800213486554760323e-01
5.995774710990333656e-01 3.172779781154773104e-01
