# q (1/Angstrom), Intensity (arb)
2.067508526570814575e-02 0.000000000000000000e+00
2.163671713586316769e-02 4.094187568497069662e-01
2.259834900601819310e-02 8.285101664460086113e-01
2.355998087617321851e-02 1.385265060619300215e+00
2.452161274632824739e-02 1.803297198782399136e+00
2.548324461648326933e-02 2.489216332562726564e+00
2.644487648663829821e-02 3.263239445541998407e+00
2.740650835679332709e-02 3.911522743470156271e+00
2.836814022694834903e-02 4.059308764103924716e+00
2.932977209710337443e-02 4.006207301228121409e+00
3.029140396725839637e-02 4.548948773704955428e+00
3.125303583741342178e-02 5.026669676472746318e+00
3.221466770756845066e-02 4.738579419099767875e+00
3.317629957772347260e-02 5.083180622863560316e+00
3.413793144787850148e-02 5.313480382590963558e+00
3.509956331803352342e-02 5.515612421707556834e+00
3.606119518818855230e-02 5.611352191026709235e+00
3.702282705834358117e-02 5.442154891795533800e+00
3.798445892849860311e-02 5.796489795577870474e+00
3.894609079865363199e-02 5.833375250654741606e+00
3.990772266880865393e-02 6.065649898196871170e+00
4.086935453896367587e-02 5.979912479694097449e+00
4.183098640911870475e-02 5.913140428260638792e+00
4.279261827927372669e-02 5.764261510597410876e+00
4.375425014942875557e-02 5.835676381905824606e+00
4.471588201958377751e-02 5.957228722371783469e+00
4.567751388973880639e-02 5.841620041581609080e+00
4.663914575989382832e-02 5.863045802979705456e+00
4.760077763004885720e-02 5.877793824483100060e+00
4.856240950020387914e-02 5.994546749782672990e+00
4.952404137035890108e-02 6.089693687482898632e+00
5.048567324051392302e-02 5.967012839074734565e+00
5.144730511066895190e-02 6.046130262967817082e+00
5.240893698082397384e-02 6.091250610529429288e+00
5.337056885097899578e-02 5.944647842517695402e+00
5.433220072113403160e-02 5.996833698792323197e+00
5.529383259128905354e-02 5.993252072407699416e+00
5.625546446144407547e-02 5.822652064947122952e+00
5.721709633159910435e-02 6.024088956689463537e+00
5.817872820175412629e-02 5.985130259426040489e+00
5.914036007190914823e-02 6.003639323811394313e+00
6.010199194206417017e-02 6.189138259784287222e+00
6.106362381221920599e-02 6.125136230445243690e+00
6.202525568237422793e-02 5.918718077064684557e+00
6.298688755252924987e-02 5.914990353471358375e+00
6.394851942268428568e-02 5.850900171171645070e+00
6.491015129283930762e-02 6.044430671051923554e+00
6.587178316299432956e-02 6.391319755084172272e+00
6.683341503314935150e-02 6.418586152875271011e+00
6.779504690330438732e-02 6.120689563142649448e+00
6.875667877345940926e-02 6.027040882657347609e+00
6.971831064361443120e-02 5.904644748300473367e+00
7.067994251376945314e-02 5.888463602153652054e+00
7.164157438392447508e-02 5.908337391412666229e+00
7.260320625407949702e-02 5.995931383223991773e+00
7.356483812423453283e-02 6.176375741751376935e+00
7.452646999438955477e-02 5.995093569139524625e+00
7.548810186454457671e-02 5.897053888950614109e+00
7.644973373469959865e-02 5.922571457812551010e+00
7.741136560485463447e-02 5.738195265939746825e+00
7.837299747500965641e-02 6.038617472075971548e+00
7.933462934516467835e-02 6.185024625386644104e+00
8.029626121531971417e-02 6.253164610639040610e+00
8.125789308547473611e-02 6.205435488647361275e+00
8.221952495562975805e-02 6.193049832097379692e+00
8.318115682578479386e-02 5.947028887050460177e+00
8.414278869593981580e-02 6.063177692691226639e+00
8.510442056609483774e-02 5.977997168689113572e+00
8.606605243624985968e-02 6.179210678969726978e+00
8.702768430640489550e-02 6.172310961472223134e+00
8.798931617655991744e-02 6.069923636333307115e+00
8.895094804671493938e-02 6.090458463113219700e+00
8.991257991686996132e-02 6.049235268144901312e+00
9.087421178702498326e-02 6.066120144715837270e+00
9.183584365718000520e-02 6.176187520743622095e+00
9.279747552733502713e-02 6.366881963002045453e+00
9.375910739749006295e-02 6.328190975049225564e+00
9.472073926764508489e-02 6.256439458536663167e+00
9.568237113780010683e-02 6.121034974040368226e+00
9.664400300795514265e-02 6.048965260434266078e+00
9.760563487811016459e-02 6.136646335590998369e+00
9.856726674826518653e-02 6.251246456179735844e+00
9.952889861842022234e-02 6.193702790288241999e+00
1.004905304885752443e-01 6.184997879985042246e+00
1.014521623587302801e-01 6.052213477806467345e+00
1.024137942288853020e-01 6.240055925380983304e+00
1.033754260990403240e-01 6.225326846220065491e+00
1.043370579691953459e-01 6.057010865639139929e+00
1.052986898393503817e-01 6.078995966696313147e+00
1.062603217095053898e-01 6.011884654716308951e+00
1.072219535796604256e-01 6.201298480738184793e+00
1.081835854498154614e-01 6.278007453660653603e+00
1.091452173199704695e-01 6.199791279107839337e+00
1.101068491901255053e-01 6.298798374639224207e+00
1.110684810602805411e-01 6.120853980849606302e+00
1.120301129304355492e-01 6.059603462361835113e+00
1.129917448005905850e-01 6.123329160053460285e+00
1.139533766707456208e-01 6.160886158418191094e+00
1.149150085409006289e-01 6.139286030581733833e+00
1.158766404110556647e-01 6.164312316267787750e+00
1.168382722812106728e-01 6.218179886377648735e+00
1.177999041513657086e-01 6.196379718486272559e+00
1.187615360215207305e-01 6.103463263562709074e+00
1.197231678916757525e-01 6.213910092002922880e+00
1.206847997618307744e-01 6.045685078681251490e+00
1.216464316319858102e-01 6.130938372591844043e+00
1.226080635021408183e-01 6.179480246468245674e+00
1.235696953722958541e-01 6.200284227670887383e+00
1.245313272424508899e-01 6.282899893515955903e+00
1.254929591126059119e-01 6.130399996331246548e+00
1.264545909827609338e-01 6.068183632012198458e+00
1.274162228529159557e-01 6.107557278958742231e+00
1.283778547230709777e-01 6.090882611230442834e+00
1.293394865932259996e-01 6.017964788471139137e+00
1.303011184633810493e-01 5.993444048646106914e+00
1.312627503335360435e-01 6.114153724901481013e+00
1.322243822036910932e-01 6.195040697698773968e+00
1.331860140738460874e-01 6.153725914450993706e+00
1.341476459440011371e-01 6.155068189670209300e+00
1.351092778141561590e-01 6.160750549494400374e+00
1.360709096843111809e-01 6.166614523070845344e+00
1.370325415544662029e-01 6.186604477708204541e+00
1.379941734246212526e-01 6.163253098528528540e+00
1.389558052947762468e-01 6.088856846526360833e+00
1.399174371649312965e-01 6.140361797803866928e+00
1.408790690350863184e-01 6.186358406305936697e+00
1.418407009052413403e-01 6.173678346870936196e+00
1.428023327753963623e-01 6.188929294109866142e+00
1.437639646455513842e-01 6.233194292682042281e+00
1.447255965157064062e-01 6.100981465102341517e+00
1.456872283858614281e-01 6.078073899857757034e+00
1.466488602560164778e-01 6.137740825989384419e+00
1.476104921261714720e-01 6.110487468128019906e+00
1.485721239963265217e-01 6.201121327286418961e+00
1.495337558664815436e-01 6.212930610700125200e+00
1.504953877366365655e-01 6.072697136114605598e+00
1.514570196067915875e-01 6.100460974937763403e+00
1.524186514769466094e-01 6.157486085015973387e+00
1.533802833471016314e-01 6.167331971065811658e+00
1.543419152172566811e-01 6.122647309850020925e+00
1.553035470874116752e-01 6.061377003501918992e+00
1.562651789575667249e-01 6.065526495527248763e+00
1.572268108277217469e-01 6.196591232636283308e+00
1.581884426978767688e-01 6.257348322787768424e+00
1.591500745680317908e-01 6.219347506841769402e+00
1.601117064381868405e-01 6.146020918910347852e+00
1.610733383083418346e-01 6.051009915899704161e+00
1.620349701784968843e-01 5.947184674148544126e+00
1.629966020486519063e-01 6.176684982232541365e+00
1.639582339188069282e-01 6.124739356286883485e+00
1.649198657889619501e-01 6.081452394178785248e+00
1.658814976591169721e-01 6.114478026483061157e+00
1.668431295292719940e-01 6.208919756956987612e+00
1.678047613994270160e-01 6.310533704158050483e+00
1.687663932695820379e-01 6.160076544616409855e+00
1.697280251397370598e-01 6.201331570073957522e+00
1.706896570098921095e-01 6.251598125614711066e+00
1.716512888800471037e-01 6.183275400847032977e+00
1.726129207502021534e-01 6.255125140362769010e+00
1.735745526203571754e-01 6.200985994064702744e+00
1.745361844905121973e-01 6.181353817949658769e+00
1.754978163606672192e-01 6.213388049256308499e+00
1.764594482308222689e-01 6.153860635617188990e+00
1.774210801009772631e-01 6.202134408767806306e+00
1.783827119711323128e-01 6.097249260235989787e+00
1.793443438412873348e-01 6.197861801983276742e+00
1.803059757114423567e-01 6.191981812337975732e+00
1.812676075815973786e-01 6.165848890730484477e+00
1.822292394517524006e-01 6.139808390211475064e+00
1.831908713219074225e-01 6.149677440614810031e+00
1.841525031920624444e-01 6.128066190276826752e+00
1.851141350622174664e-01 6.221368067693600068e+00
1.860757669323724883e-01 6.298447015306901875e+00
1.870373988025275380e-01 6.271197360500409879e+00
1.879990306726825322e-01 6.159849162987748983e+00
1.889606625428375819e-01 6.031403653691871369e+00
1.899222944129926038e-01 6.051223114933021563e+00
1.908839262831476258e-01 6.085541032219737190e+00
1.918455581533026477e-01 6.137302095853113038e+00
1.928071900234576974e-01 6.060568573547556959e+00
1.937688218936126916e-01 6.064453509430412836e+00
1.947304537637677413e-01 6.124662881291212280e+00
1.956920856339227632e-01 6.099643458705086729e+00
1.966537175040777852e-01 6.233069602509866414e+00
1.976153493742328071e-01 6.185989696661893689e+00
1.985769812443878291e-01 6.161843555313712528e+00
1.995386131145428510e-01 6.218574660066130910e+00
2.005002449846978729e-01 6.245010115490304159e+00
2.014618768548528949e-01 6.223264434171894344e+00
2.024235087250079168e-01 6.090031804227681533e+00
2.033851405951629665e-01 6.031049906018742135e+00
2.043467724653179884e-01 6.089171379626423075e+00
2.053084043354730381e-01 6.123866720479766101e+00
2.062700362056280046e-01 6.216591220798948214e+00
2.072316680757830543e-01 6.210519274303538673e+00
2.081932999459380762e-01 6.163835137436866951e+00
2.091549318160931259e-01 6.128787599255816509e+00
2.101165636862481478e-01 6.150688562966704076e+00
2.110781955564031698e-01 6.173966372852031981e+00
2.120398274265581640e-01 6.152322061200134584e+00
2.130014592967132137e-01 6.065018481360936242e+00
2.139630911668682356e-01 6.102019366417970936e+00
2.149247230370232575e-01 6.112296296899259573e+00
2.158863549071783072e-01 6.138862604432370418e+00
2.168479867773333014e-01 6.139439526285819682e+00
2.178096186474883234e-01 6.099936959865249086e+00
2.187712505176433453e-01 6.111897004237311748e+00
2.197328823877983950e-01 6.088735584559859859e+00
2.206945142579534169e-01 6.146964624153167023e+00
2.216561461281084666e-01 6.191431044007987161e+00
2.226177779982634330e-01 6.241008183713658397e+00
2.235794098684184827e-01 6.164476396463117958e+00
2.245410417385735047e-01 6.198165957372256507e+00
2.255026736087285544e-01 6.188089852823210890e+00
2.264643054788835763e-01 6.123094569968765555e+00
2.274259373490385983e-01 6.202989242504230560e+00
2.283875692191935924e-01 6.248902624636634151e+00
2.293492010893486421e-01 6.315299008653901147e+00
2.303108329595036641e-01 6.244692836033862271e+00
2.312724648296586860e-01 6.179688418506682268e+00
2.322340966998137357e-01 6.230113583506550867e+00
2.331957285699687299e-01 6.242607278850373476e+00
2.341573604401237518e-01 6.235805337921656921e+00
2.351189923102787738e-01 6.158558517879117566e+00
2.360806241804338235e-01 6.111407134115157014e+00
2.370422560505888454e-01 6.215598470321374691e+00
2.380038879207438951e-01 6.226732085899443270e+00
2.389655197908988615e-01 6.137499544367924997e+00
2.399271516610539112e-01 6.168025911994861943e+00
2.408887835312089332e-01 6.299134422891266460e+00
2.418504154013639829e-01 6.180199045739284358e+00
2.428120472715190048e-01 6.029825766226904804e+00
2.437736791416740267e-01 6.067388428088351660e+00
2.447353110118290209e-01 6.100010791187563619e+00
2.456969428819840706e-01 6.157249831664531214e+00
2.466585747521390926e-01 6.143839983953627737e+00
2.476202066222941145e-01 6.127454441741440938e+00
2.485818384924491642e-01 6.183415554519660517e+00
2.495434703626041584e-01 6.263201882810336407e+00
2.505051022327591803e-01 6.200555949296773228e+00
2.514667341029142023e-01 6.127171047850318075e+00
2.524283659730692242e-01 6.118863108989486932e+00
2.533899978432243016e-01 6.118466513859644351e+00
2.543516297133793236e-01 6.127432619463139218e+00
2.553132615835342900e-01 6.112184519705956554e+00
2.562748934536893120e-01 6.185051241531658306e+00
2.572365253238443894e-01 6.183373527567927574e+00
2.581981571939994113e-01 6.114216943103121693e+00
2.591597890641544333e-01 6.142739422541996674e+00
2.601214209343094552e-01 6.193463233937504420e+00
2.610830528044644772e-01 6.131091101668681986e+00
2.620446846746194991e-01 6.152926244275514378e+00
2.630063165447745210e-01 6.129372103627540369e+00
2.639679484149295430e-01 6.105531881146822215e+00
2.649295802850845649e-01 6.249929464819801161e+00
2.658912121552395869e-01 6.231438582803321857e+00
2.668528440253946088e-01 6.194526923252981376e+00
2.678144758955496307e-01 6.165170996895060540e+00
2.687761077657046527e-01 6.144698105348221695e+00
2.697377396358597301e-01 6.153597682782719680e+00
2.706993715060147521e-01 6.102568550075627485e+00
2.716610033761697185e-01 6.133621737272050289e+00
2.726226352463247404e-01 6.193730649858169457e+00
2.735842671164798179e-01 6.203499411366746763e+00
2.745458989866348398e-01 6.153956341512061279e+00
2.755075308567898618e-01 6.188122038430667438e+00
2.764691627269448837e-01 6.087311884081547220e+00
2.774307945970999056e-01 6.124259075458087231e+00
2.783924264672549276e-01 6.175765310718042578e+00
2.793540583374099495e-01 6.125788995949275062e+00
2.803156902075649715e-01 6.100975513173453990e+00
2.812773220777199934e-01 6.196374812717431624e+00
2.822389539478750153e-01 6.235813695020262060e+00
2.832005858180300373e-01 6.115779624168974138e+00
2.841622176881850592e-01 6.099151152795514008e+00
2.851238495583400812e-01 6.134732963716602150e+00
2.860854814284951586e-01 6.140056836660171768e+00
2.870471132986501805e-01 6.107185507111856815e+00
2.880087451688051470e-01 6.142877223903441930e+00
2.889703770389601689e-01 6.149931481639829833e+00
2.899320089091152464e-01 6.103869004660001707e+00
2.908936407792702683e-01 6.113196865000841029e+00
2.918552726494252902e-01 6.090916843254607471e+00
2.928169045195803122e-01 6.150685095025992588e+00
2.937785363897353341e-01 6.170467183899120300e+00
2.947401682598903561e-01 6.211002003952116546e+00
2.957018001300453780e-01 6.179280281388906282e+00
2.966634320002003999e-01 6.176933008903198186e+00
2.976250638703554219e-01 6.237940333507158819e+00
2.985866957405104993e-01 6.192996769398192214e+00
2.995483276106654658e-01 6.138497266685230436e+00
3.005099594808204877e-01 6.116481724855816537e+00
3.014715913509755651e-01 6.162016123096843323e+00
3.024332232211305871e-01 6.219875343172538429e+00
3.033948550912856090e-01 6.209194067489925750e+00
3.043564869614405755e-01 6.128606788768761859e+00
3.053181188315956529e-01 6.235190271973911180e+00
3.062797507017506748e-01 6.122249816518464449e+00
3.072413825719056968e-01 6.138729500993319377e+00
3.082030144420607187e-01 6.199082113070335964e+00
3.091646463122157407e-01 6.174599258770223642e+00
3.101262781823707626e-01 6.099194787721383015e+00
3.110879100525257845e-01 6.108311783386412230e+00
3.120495419226808065e-01 6.158353288580192597e+00
3.130111737928358284e-01 6.168557120962250728e+00
3.139728056629909059e-01 6.124435402490183478e+00
3.149344375331459278e-01 6.101894591196714401e+00
3.158960694033008942e-01 6.153733240803588522e+00
3.168577012734559162e-01 6.148191895411515340e+00
3.178193331436109936e-01 6.163907063925126550e+00
3.187809650137660156e-01 6.196922130306997012e+00
3.197425968839210375e-01 6.167823604342158816e+00
3.207042287540760039e-01 6.204753065056395123e+00
3.216658606242310814e-01 6.108117722977695507e+00
3.226274924943861033e-01 6.108516562228841096e+00
3.235891243645411253e-01 6.180059594386483113e+00
3.245507562346961472e-01 6.139815325255212564e+00
3.255123881048511691e-01 6.129573855070221455e+00
3.264740199750061911e-01 6.192907908343509682e+00
3.274356518451612130e-01 6.092237079447422765e+00
3.283972837153162350e-01 6.126196147811277193e+00
3.293589155854712569e-01 6.171608893889557912e+00
3.303205474556263344e-01 6.177946033895821643e+00
3.312821793257813563e-01 6.186330517762544723e+00
3.322438111959363227e-01 6.113990661787167546e+00
3.332054430660913447e-01 6.109962851749406454e+00
3.341670749362464221e-01 6.165834653132645116e+00
3.351287068064014441e-01 6.157999955446336493e+00
3.360903386765564660e-01 6.117678884816925233e+00
3.370519705467114324e-01 6.129864289025727331e+00
3.380136024168665099e-01 6.164118295679167581e+00
3.389752342870215318e-01 6.170754743898803518e+00
3.399368661571765537e-01 6.185826397399790899e+00
3.408984980273315757e-01 6.204154532036776359e+00
3.418601298974865976e-01 6.141422218016344914e+00
3.428217617676416196e-01 6.118510650830724984e+00
3.437833936377966415e-01 6.080022879998935537e+00
3.447450255079516634e-01 6.153739478628044601e+00
3.457066573781066854e-01 6.222392152017242495e+00
3.466682892482617628e-01 6.233553401742568667e+00
3.476299211184167848e-01 6.256505179671251859e+00
3.485915529885717512e-01 6.236291669770109181e+00
3.495531848587267731e-01 6.233534886932994290e+00
3.505148167288818506e-01 6.109602258152335708e+00
3.514764485990368725e-01 6.148233404599457330e+00
3.524380804691918945e-01 6.126043051107117776e+00
3.533997123393468609e-01 6.060519390303418241e+00
3.543613442095019384e-01 6.165485606723541068e+00
3.553229760796569603e-01 6.058429255686139214e+00
3.562846079498119822e-01 6.115938512203966226e+00
3.572462398199670042e-01 6.230611625361690997e+00
3.582078716901220261e-01 6.217474701386868752e+00
3.591695035602770480e-01 6.122743942004919226e+00
3.601311354304320700e-01 6.202958934826138027e+00
3.610927673005870919e-01 6.204488033939722591e+00
3.620543991707421139e-01 6.165537356701488392e+00
3.630160310408971913e-01 6.158806130196570194e+00
3.639776629110522133e-01 6.137357978325085561e+00
3.649392947812071797e-01 6.168609999489690132e+00
3.659009266513622016e-01 6.164193635105642777e+00
3.668625585215172791e-01 6.151483053329172890e+00
3.678241903916723010e-01 6.125982856789677022e+00
3.687858222618273230e-01 6.130701169798565608e+00
3.697474541319822894e-01 6.105442245183721361e+00
3.707090860021373668e-01 6.147474160719747616e+00
3.716707178722923888e-01 6.131754289464957708e+00
3.726323497424474107e-01 6.173998343388282350e+00
3.735939816126024327e-01 6.180416890053665568e+00
3.745556134827574546e-01 6.102014393091211630e+00
3.755172453529124765e-01 6.106621120613164422e+00
3.764788772230674985e-01 6.128550299455731931e+00
3.774405090932225204e-01 6.130326053813861975e+00
3.784021409633775423e-01 6.113009154331620287e+00
3.793637728335326198e-01 6.208739480799103205e+00
3.803254047036876417e-01 6.206857054755704262e+00
3.812870365738426082e-01 6.194411916405400120e+00
3.822486684439976301e-01 6.235734035337280545e+00
3.832103003141527076e-01 6.178954394950445739e+00
3.841719321843077295e-01 6.160098293765382316e+00
3.851335640544627514e-01 6.212982185869729612e+00
3.860951959246177734e-01 6.122822882454102889e+00
3.870568277947727953e-01 6.158620614145418060e+00
3.880184596649278173e-01 6.230518276624885665e+00
3.889800915350828392e-01 6.197899368822106680e+00
3.899417234052378611e-01 6.131513726302645573e+00
3.909033552753928831e-01 6.163331286575941981e+00
3.918649871455479050e-01 6.160275722395952336e+00
3.928266190157029270e-01 6.148306944961351661e+00
3.937882508858579489e-01 6.175852709821053388e+00
3.947498827560129708e-01 6.144438067621766919e+00
3.957115146261680483e-01 6.157314401941958337e+00
3.966731464963230702e-01 6.147024560105526447e+00
3.976347783664780366e-01 6.133860165490239602e+00
3.985964102366330586e-01 6.148321713874057792e+00
3.995580421067881360e-01 6.163009354521022942e+00
4.005196739769430470e-01 6.154180303582278633e+00
4.014813058470981244e-01 6.169923138581787647e+00
4.024429377172531463e-01 6.162404828064896201e+00
4.034045695874082238e-01 6.191820760387674483e+00
4.043662014575631902e-01 6.143963320800702732e+00
4.053278333277181567e-01 6.200393301555620518e+00
4.062894651978732341e-01 6.216965092874200849e+00
4.072510970680282560e-01 6.170467834500361626e+00
4.082127289381833335e-01 6.169535098829298292e+00
4.091743608083382999e-01 6.171184416762122815e+00
4.101359926784933774e-01 6.115367678045339872e+00
4.110976245486483993e-01 6.135121913664983495e+00
4.120592564188033657e-01 6.147580022303901437e+00
4.130208882889584432e-01 6.167395734526036399e+00
4.139825201591134096e-01 6.177077775668622373e+00
4.149441520292684871e-01 6.219177730455655251e+00
4.159057838994235090e-01 6.184371709920060134e+00
4.168674157695784754e-01 6.097226653707890520e+00
4.178290476397335529e-01 6.125278360266900535e+00
4.187906795098885748e-01 6.148482691650010601e+00
4.197523113800436523e-01 6.213696786402694627e+00
4.207139432501986187e-01 6.197376793963949915e+00
4.216755751203536962e-01 6.150122112890507253e+00
4.226372069905086626e-01 6.154511042879401650e+00
4.235988388606636845e-01 6.131183067970217948e+00
4.245604707308187620e-01 6.091293667400119460e+00
4.255221026009737284e-01 6.171478713480467171e+00
4.264837344711288059e-01 6.119576838626426429e+00
4.274453663412838278e-01 6.203865104949046305e+00
4.284069982114387942e-01 6.227525225159755706e+00
4.293686300815938717e-01 6.222723418452951627e+00
4.303302619517488381e-01 6.168070618834883945e+00
4.312918938219039156e-01 6.170354098753997540e+00
4.322535256920589375e-01 6.161227029484588336e+00
4.332151575622139039e-01 6.168755444435449320e+00
4.341767894323689814e-01 6.202037348667616357e+00
4.351384213025240033e-01 6.275591503642684366e+00
4.361000531726790808e-01 6.261765479050406924e+00
4.370616850428340472e-01 6.129525200091710424e+00
4.380233169129891246e-01 6.158293068120561209e+00
4.389849487831440911e-01 6.151045497673120366e+00
4.399465806532991130e-01 6.170197841000014449e+00
4.409082125234541905e-01 6.171768365662781086e+00
4.418698443936091569e-01 6.159534275633727241e+00
4.428314762637642343e-01 6.192133902940657464e+00
4.437931081339192563e-01 6.171477468561692881e+00
4.447547400040742227e-01 6.212717964058255937e+00
4.457163718742293002e-01 6.214884703571059710e+00
4.466780037443842666e-01 6.183905120484989304e+00
4.476396356145393440e-01 6.143489841626823988e+00
4.486012674846943660e-01 6.208861743346554718e+00
4.495628993548493324e-01 6.208113448606803253e+00
4.505245312250044099e-01 6.173893130708732357e+00
4.514861630951594318e-01 6.143416264014850192e+00
4.524477949653145092e-01 6.164856408922369191e+00
4.534094268354694757e-01 6.127824189633458651e+00
4.543710587056245531e-01 6.107760585889918659e+00
4.553326905757795195e-01 6.135208028096714727e+00
4.562943224459345415e-01 6.158542764610601239e+00
4.572559543160896189e-01 6.111732658158987697e+00
4.582175861862445854e-01 6.156694263092148844e+00
4.591792180563996628e-01 6.159073052306108131e+00
4.601408499265546848e-01 6.170523506899145083e+00
4.611024817967096512e-01 6.170226702117687978e+00
4.620641136668647286e-01 6.161152746852903483e+00
4.630257455370196951e-01 6.151841775406737156e+00
4.639873774071747725e-01 6.110577415124113898e+00
4.649490092773297945e-01 6.118176068868399931e+00
4.659106411474847609e-01 6.146734759531226722e+00
4.668722730176398383e-01 6.127921313071237996e+00
4.678339048877948603e-01 6.085772504449754372e+00
4.687955367579499377e-01 6.157513616769563214e+00
4.697571686281049042e-01 6.158179339046827572e+00
4.707188004982599816e-01 6.160105643267129949e+00
4.716804323684149480e-01 6.166415511829107743e+00
4.726420642385699700e-01 6.160206863940921984e+00
4.736036961087250474e-01 6.161255187263997790e+00
4.745653279788800138e-01 6.229507127270330180e+00
4.755269598490350913e-01 6.172138095549479786e+00
4.764885917191901132e-01 6.135267892582206173e+00
4.774502235893450797e-01 6.205771651345728834e+00
4.784118554595001571e-01 6.134787922229716806e+00
4.793734873296551235e-01 6.123654873510083085e+00
4.803351191998102010e-01 6.147456560504867440e+00
4.812967510699652229e-01 6.210507142961155580e+00
4.822583829401201894e-01 6.176539049117695690e+00
4.832200148102752668e-01 6.100260031593497168e+00
4.841816466804302888e-01 6.145001859942667899e+00
4.851432785505853662e-01 6.205330539409895430e+00
4.861049104207403326e-01 6.168549562009313370e+00
4.870665422908954101e-01 6.138893883262273476e+00
4.880281741610503765e-01 6.206879666432953968e+00
4.889898060312053985e-01 6.194634509485099194e+00
4.899514379013604759e-01 6.151496545420395812e+00
4.909130697715154423e-01 6.186676167488192490e+00
4.918747016416705198e-01 6.171595620748113298e+00
4.928363335118255417e-01 6.217294334298632208e+00
4.937979653819805081e-01 6.196416918985068634e+00
4.947595972521355856e-01 6.100690640422763877e+00
4.957212291222905520e-01 6.153991622286037355e+00
4.966828609924456295e-01 6.196823958087509965e+00
4.976444928626006514e-01 6.131811033140706080e+00
4.986061247327556178e-01 6.131871886893446977e+00
4.995677566029106953e-01 6.246114917595713578e+00
5.005293884730657172e-01 6.172314791641242415e+00
5.014910203432207947e-01 6.207307553573157222e+00
5.024526522133757611e-01 6.173212169988385511e+00
5.034142840835308386e-01 6.159447588239006954e+00
5.043759159536858050e-01 6.153584888670239117e+00
5.053375478238407714e-01 6.107727815199982757e+00
5.062991796939958489e-01 6.155484120621928845e+00
5.072608115641509263e-01 6.177051761291460608e+00
5.082224434343060038e-01 6.165601784538071506e+00
5.091840753044609702e-01 6.131524102883648020e+00
5.101457071746159366e-01 6.116137292205557685e+00
5.111073390447710141e-01 6.114591786888389002e+00
5.120689709149259805e-01 6.126086833520454356e+00
5.130306027850810580e-01 6.089354969392523742e+00
5.139922346552360244e-01 6.149162942742990801e+00
5.149538665253911018e-01 6.249229302471428049e+00
5.159154983955461793e-01 6.310680000844691939e+00
5.168771302657011457e-01 6.207584106836065097e+00
5.178387621358562232e-01 6.172498890696300755e+00
5.188003940060111896e-01 6.177258952933920355e+00
5.197620258761662670e-01 6.140269937275603773e+00
5.207236577463212335e-01 6.157839627547098793e+00
5.216852896164761999e-01 6.224767050668265966e+00
5.226469214866312774e-01 6.264591294481049566e+00
5.236085533567863548e-01 6.204824391525842309e+00
5.245701852269414323e-01 6.174721503877396600e+00
5.255318170970963987e-01 6.303319574705262163e+00
5.264934489672513651e-01 6.213098895778334629e+00
5.274550808374064426e-01 6.150670167849816572e+00
5.284167127075614090e-01 6.131229863061138374e+00
5.293783445777164864e-01 6.169139387276214137e+00
5.303399764478714529e-01 6.183181484713334619e+00
5.313016083180265303e-01 6.187879050035176576e+00
5.322632401881816078e-01 6.216692218800841552e+00
5.332248720583365742e-01 6.196840938338594285e+00
5.341865039284916516e-01 6.238947405115007783e+00
5.351481357986466181e-01 6.215220896161081754e+00
5.361097676688016955e-01 6.255695487932748655e+00
5.370713995389566620e-01 6.182335679263486483e+00
5.380330314091116284e-01 6.271549547561714455e+00
5.389946632792667058e-01 6.237024485269564877e+00
5.399562951494217833e-01 6.206945289389646625e+00
5.409179270195768607e-01 6.260211213703732014e+00
5.418795588897318272e-01 6.233500671707363772e+00
5.428411907598867936e-01 6.204253222860019790e+00
5.438028226300418710e-01 6.196933997063547750e+00
5.447644545001968375e-01 6.205250678889538740e+00
5.457260863703519149e-01 6.165037028339486191e+00
5.466877182405068814e-01 6.155970296836168032e+00
5.476493501106619588e-01 6.202612619116350423e+00
5.486109819808170363e-01 6.184726845076600199e+00
5.495726138509720027e-01 6.231121414344489295e+00
5.505342457211270801e-01 6.214353178893912144e+00
5.514958775912820466e-01 6.266011099270060392e+00
5.524575094614371240e-01 6.260269562067426463e+00
5.534191413315920904e-01 6.267467603502233864e+00
5.543807732017470569e-01 6.195909619147190739e+00
5.553424050719021343e-01 6.168529808340709408e+00
5.563040369420572118e-01 6.182926237585628648e+00
5.572656688122122892e-01 6.150402570425393733e+00
5.582273006823672556e-01 6.081786414848011191e+00
5.591889325525222221e-01 6.156986762623303910e+00
5.601505644226772995e-01 6.216800871978712451e+00
5.611121962928322660e-01 6.207333146513614786e+00
5.620738281629873434e-01 6.221244243873591095e+00
5.630354600331423098e-01 6.202856965837998615e+00
5.639970919032973873e-01 6.186177987420132141e+00
5.649587237734524647e-01 6.127209587923402090e+00
5.659203556436074312e-01 6.140897361237716012e+00
5.668819875137625086e-01 6.159310747928530283e+00
5.678436193839174750e-01 6.179466702311365189e+00
5.688052512540725525e-01 6.195044270913032669e+00
5.697668831242275189e-01 6.182963075798398656e+00
5.707285149943824853e-01 6.172528595046607336e+00
5.716901468645375628e-01 6.174685649844242619e+00
5.726517787346926402e-01 6.139833357677482617e+00
5.736134106048477177e-01 6.228613250155662584e+00
5.745750424750026841e-01 6.260025113546009656e+00
5.755366743451576506e-01 6.149975463825775535e+00
5.764983062153127280e-01 6.123917358168296410e+00
5.774599380854676944e-01 6.207651551489297148e+00
5.784215699556227719e-01 6.190764502187220408e+00
5.793832018257777383e-01 6.207482132452709855e+00
5.803448336959328158e-01 6.212377847193552682e+00
5.813064655660878932e-01 6.207740643886654475e+00
5.822680974362428596e-01 6.139866237347897382e+00
5.832297293063979371e-01 6.179366826247090216e+00
5.841913611765529035e-01 6.208343030611010782e+00
5.851529930467079810e-01 6.246198778123515538e+00
5.861146249168629474e-01 6.208743287526576893e+00
5.870762567870179138e-01 6.169679718835579862e+00
5.880378886571729913e-01 6.270354216066227337e+00
5.889995205273280687e-01 6.278018586149102020e+00
5.899611523974831462e-01 6.269903105390713272e+00
5.909227842676381126e-01 6.255056267951870197e+00
5.918844161377930790e-01 6.192591698055006866e+00
5.928460480079481565e-01 6.257288964596677161e+00
5.938076798781031229e-01 6.277132638752789262e+00
5.947693117482582004e-01 6.231368380736705959e+00
5.957309436184131668e-01 6.225109045181332235e+00
5.966925754885682442e-01 6.252144128290471947e+00
5.976542073587233217e-01 6.259212530608864178e+00
5.986158392288782881e-01 6.259525186763825744e+00
5.995774710990333656e-01 6.317749373962503689e+00
