# q (1/Angstrom), Intensity (arb)
2.067508526570814575e-02 0.000000000000000000e+00
2.163671713586316769e-02 1.054847615129958172e+00
2.259834900601819310e-02 2.080943156383682435e+00
2.355998087617321851e-02 2.202111218345024213e+00
2.452161274632824739e-02 2.275697031882376820e+00
2.548324461648326933e-02 3.023673495694175983e+00
2.644487648663829821e-02 3.529354353491420682e+00
2.740650835679332709e-02 3.720025348807475041e+00
2.836814022694834903e-02 3.721975402549571044e+00
2.932977209710337443e-02 3.949791797106303903e+00
3.029140396725839637e-02 4.032701406314957993e+00
3.125303583741342178e-02 4.462139998169734056e+00
3.221466770756845066e-02 4.152522709170748172e+00
3.317629957772347260e-02 4.083668405984132832e+00
3.413793144787850148e-02 3.974508695828493643e+00
3.509956331803352342e-02 4.498830746390522606e+00
3.606119518818855230e-02 4.894065161781567141e+00
3.702282705834358117e-02 4.596284373784484956e+00
3.798445892849860311e-02 4.658309611985695042e+00
3.894609079865363199e-02 4.555307530078939848e+00
3.990772266880865393e-02 4.750484392830264468e+00
4.086935453896367587e-02 4.857384140022038110e+00
4.183098640911870475e-02 4.664337124865033601e+00
4.279261827927372669e-02 4.437262203347142275e+00
4.375425014942875557e-02 4.664412463589005853e+00
4.471588201958377751e-02 4.963813559531171649e+00
4.567751388973880639e-02 4.897479965393182866e+00
4.663914575989382832e-02 4.858711803352576908e+00
4.760077763004885720e-02 4.837148996421877456e+00
4.856240950020387914e-02 4.887527157764408159e+00
4.952404137035890108e-02 4.877356735389065889e+00
5.048567324051392302e-02 4.639987030679046498e+00
5.144730511066895190e-02 4.600831319388865026e+00
5.240893698082397384e-02 4.550771785240517175e+00
5.337056885097899578e-02 4.499431711904911424e+00
5.433220072113403160e-02 4.585009241116580370e+00
5.529383259128905354e-02 4.724717857320246850e+00
5.625546446144407547e-02 4.513664567275862183e+00
5.721709633159910435e-02 4.591412454505276131e+00
5.817872820175412629e-02 4.567360941106928252e+00
5.914036007190914823e-02 4.651970007223106052e+00
6.010199194206417017e-02 4.581980031428813049e+00
6.106362381221920599e-02 4.665349685560350679e+00
6.202525568237422793e-02 4.667338656931674379e+00
6.298688755252924987e-02 4.586117492746513591e+00
6.394851942268428568e-02 4.663745577675877385e+00
6.491015129283930762e-02 4.780902334466610171e+00
6.587178316299432956e-02 4.921992343335379161e+00
6.683341503314935150e-02 4.923713157515697603e+00
6.779504690330438732e-02 4.838946146464479625e+00
6.875667877345940926e-02 4.658936335182600530e+00
6.971831064361443120e-02 4.692014719869623818e+00
7.067994251376945314e-02 4.783039659571848290e+00
7.164157438392447508e-02 4.823182430137343601e+00
7.260320625407949702e-02 4.847831223561938074e+00
7.356483812423453283e-02 4.919815641821475793e+00
7.452646999438955477e-02 4.755877545152172203e+00
7.548810186454457671e-02 4.568880743568641378e+00
7.644973373469959865e-02 4.480769672699132400e+00
7.741136560485463447e-02 4.636612512196734315e+00
7.837299747500965641e-02 4.694327647104916679e+00
7.933462934516467835e-02 4.743717364628599498e+00
8.029626121531971417e-02 4.821767033746828801e+00
8.125789308547473611e-02 4.661714441565576905e+00
8.221952495562975805e-02 4.633276290780257156e+00
8.318115682578479386e-02 4.810524031405163825e+00
8.414278869593981580e-02 4.752233431989445478e+00
8.510442056609483774e-02 4.546477137591310225e+00
8.606605243624985968e-02 4.648394452725108650e+00
8.702768430640489550e-02 4.738761725173153749e+00
8.798931617655991744e-02 4.742229320879387089e+00
8.895094804671493938e-02 4.827258798367054737e+00
8.991257991686996132e-02 4.880907006853696828e+00
9.087421178702498326e-02 4.883099722961201650e+00
9.183584365718000520e-02 4.850845018150508281e+00
9.279747552733502713e-02 4.709576486136572981e+00
9.375910739749006295e-02 4.637066341637384070e+00
9.472073926764508489e-02 4.504842977935416215e+00
9.568237113780010683e-02 4.562839332120496749e+00
9.664400300795514265e-02 4.583653729987013037e+00
9.760563487811016459e-02 4.932595527999787066e+00
9.856726674826518653e-02 4.978205639959647044e+00
9.952889861842022234e-02 4.832954125677444424e+00
1.004905304885752443e-01 4.953392899027559082e+00
1.014521623587302801e-01 4.896710095221074255e+00
1.024137942288853020e-01 4.855374702441448420e+00
1.033754260990403240e-01 4.834129066044431156e+00
1.043370579691953459e-01 4.773559483437292528e+00
1.052986898393503817e-01 4.774789387986396960e+00
1.062603217095053898e-01 4.729155577750562500e+00
1.072219535796604256e-01 4.804619782145980622e+00
1.081835854498154614e-01 4.900813488173296761e+00
1.091452173199704695e-01 4.838681265629714900e+00
1.101068491901255053e-01 4.815953049736176439e+00
1.110684810602805411e-01 4.764175141548919967e+00
1.120301129304355492e-01 4.675831072650913356e+00
1.129917448005905850e-01 4.675100771779357345e+00
1.139533766707456208e-01 4.687331827702616138e+00
1.149150085409006289e-01 4.616853544372593987e+00
1.158766404110556647e-01 4.723472595418378717e+00
1.168382722812106728e-01 4.748673352959498217e+00
1.177999041513657086e-01 4.919354560152834566e+00
1.187615360215207305e-01 4.741628454695757000e+00
1.197231678916757525e-01 4.726765636774155510e+00
1.206847997618307744e-01 4.797115776905599205e+00
1.216464316319858102e-01 4.777594739750451680e+00
1.226080635021408183e-01 4.745914791914900732e+00
1.235696953722958541e-01 4.912780519791457579e+00
1.245313272424508899e-01 4.935277363034460407e+00
1.254929591126059119e-01 4.670099875187034399e+00
1.264545909827609338e-01 4.671012548385901297e+00
1.274162228529159557e-01 4.729757681532896996e+00
1.283778547230709777e-01 4.588608236467583978e+00
1.293394865932259996e-01 4.643708805662713601e+00
1.303011184633810493e-01 4.693981230633545110e+00
1.312627503335360435e-01 4.653987922739116101e+00
1.322243822036910932e-01 4.800232000521694076e+00
1.331860140738460874e-01 4.764750313523189007e+00
1.341476459440011371e-01 4.755435387396151015e+00
1.351092778141561590e-01 4.898268396482544418e+00
1.360709096843111809e-01 4.826294172042583597e+00
1.370325415544662029e-01 4.893638963850944101e+00
1.379941734246212526e-01 4.813294888458635512e+00
1.389558052947762468e-01 4.855779931744319100e+00
1.399174371649312965e-01 4.783340418313827058e+00
1.408790690350863184e-01 4.813799846274518401e+00
1.418407009052413403e-01 4.718297377708193352e+00
1.428023327753963623e-01 4.746974913267798080e+00
1.437639646455513842e-01 4.890618187315039833e+00
1.447255965157064062e-01 4.856272830385290007e+00
1.456872283858614281e-01 4.675392317453164637e+00
1.466488602560164778e-01 4.700546288488320457e+00
1.476104921261714720e-01 4.783172083049627155e+00
1.485721239963265217e-01 4.790566054878546254e+00
1.495337558664815436e-01 4.775099933389888029e+00
1.504953877366365655e-01 4.699552603016910801e+00
1.514570196067915875e-01 4.696759778852747758e+00
1.524186514769466094e-01 4.656475260915710734e+00
1.533802833471016314e-01 4.716286008261648455e+00
1.543419152172566811e-01 4.804315977075428457e+00
1.553035470874116752e-01 4.709489012430117860e+00
1.562651789575667249e-01 4.749788031338726846e+00
1.572268108277217469e-01 4.829856793566599471e+00
1.581884426978767688e-01 4.793771307165183515e+00
1.591500745680317908e-01 4.759995765000863521e+00
1.601117064381868405e-01 4.755271926849819586e+00
1.610733383083418346e-01 4.713179750874576968e+00
1.620349701784968843e-01 4.605156316916035664e+00
1.629966020486519063e-01 4.696667739430236743e+00
1.639582339188069282e-01 4.751326648032737410e+00
1.649198657889619501e-01 4.814420832676398199e+00
1.658814976591169721e-01 4.856012672563634780e+00
1.668431295292719940e-01 4.801061004661412390e+00
1.678047613994270160e-01 4.731371530109044876e+00
1.687663932695820379e-01 4.810851127491478252e+00
1.697280251397370598e-01 4.891593985943878842e+00
1.706896570098921095e-01 4.796069881301041171e+00
1.716512888800471037e-01 4.720651642686362948e+00
1.726129207502021534e-01 4.757581392894118189e+00
1.735745526203571754e-01 4.759732999176629065e+00
1.745361844905121973e-01 4.750813311196765198e+00
1.754978163606672192e-01 4.737522999965574577e+00
1.764594482308222689e-01 4.818868720094886982e+00
1.774210801009772631e-01 4.897059789739246938e+00
1.783827119711323128e-01 4.848118234962164763e+00
1.793443438412873348e-01 4.771716400821034654e+00
1.803059757114423567e-01 4.722512395657588513e+00
1.812676075815973786e-01 4.852895536046446523e+00
1.822292394517524006e-01 4.857468355452761344e+00
1.831908713219074225e-01 4.776040556316281993e+00
1.841525031920624444e-01 4.780273041080724816e+00
1.851141350622174664e-01 4.721980583545063226e+00
1.860757669323724883e-01 4.782937504801522799e+00
1.870373988025275380e-01 4.775060638333244789e+00
1.879990306726825322e-01 4.810608641677379005e+00
1.889606625428375819e-01 4.748009136944320474e+00
1.899222944129926038e-01 4.686699902801976236e+00
1.908839262831476258e-01 4.801487907664530930e+00
1.918455581533026477e-01 4.787120151216977426e+00
1.928071900234576974e-01 4.668005421888372197e+00
1.937688218936126916e-01 4.691621469912364617e+00
1.947304537637677413e-01 4.818040667345782957e+00
1.956920856339227632e-01 4.790377897972019738e+00
1.966537175040777852e-01 4.858837301870371661e+00
1.976153493742328071e-01 4.749295796676536341e+00
1.985769812443878291e-01 4.847886478549164657e+00
1.995386131145428510e-01 4.923991709602125511e+00
2.005002449846978729e-01 4.978225351467872706e+00
2.014618768548528949e-01 4.897646629120855799e+00
2.024235087250079168e-01 4.890832738506545319e+00
2.033851405951629665e-01 4.849536073088201782e+00
2.043467724653179884e-01 4.827013340034189248e+00
2.053084043354730381e-01 4.830521917551687139e+00
2.062700362056280046e-01 4.951455275604383921e+00
2.072316680757830543e-01 4.951426975186290491e+00
2.081932999459380762e-01 4.878313450775152660e+00
2.091549318160931259e-01 4.884028513162903984e+00
2.101165636862481478e-01 4.824526954266269207e+00
2.110781955564031698e-01 4.846462387536266014e+00
2.120398274265581640e-01 4.836383548937157606e+00
2.130014592967132137e-01 4.739593082113906952e+00
2.139630911668682356e-01 4.681276650579311749e+00
2.149247230370232575e-01 4.754451492568871451e+00
2.158863549071783072e-01 4.909131974628063944e+00
2.168479867773333014e-01 4.800199030563811142e+00
2.178096186474883234e-01 4.878766241871757003e+00
2.187712505176433453e-01 4.782153123209170076e+00
2.197328823877983950e-01 4.759478106152889687e+00
2.206945142579534169e-01 4.743619500075411999e+00
2.216561461281084666e-01 4.772824572095360374e+00
2.226177779982634330e-01 4.826291257122154121e+00
2.235794098684184827e-01 4.839589792351346453e+00
2.245410417385735047e-01 4.873877567738691852e+00
2.255026736087285544e-01 4.842386235449742671e+00
2.264643054788835763e-01 4.791249482851569930e+00
2.274259373490385983e-01 4.801981317772215263e+00
2.283875692191935924e-01 4.769212281624090721e+00
2.293492010893486421e-01 4.824204430403077559e+00
2.303108329595036641e-01 4.732291039414670664e+00
2.312724648296586860e-01 4.792522885294205892e+00
2.322340966998137357e-01 4.859354126860129242e+00
2.331957285699687299e-01 4.906903508219625287e+00
2.341573604401237518e-01 4.923360469716215881e+00
2.351189923102787738e-01 4.973309850272462640e+00
2.360806241804338235e-01 4.917235166156153525e+00
2.370422560505888454e-01 4.823049050902804780e+00
2.380038879207438951e-01 4.722543052007598163e+00
2.389655197908988615e-01 4.776078631599927959e+00
2.399271516610539112e-01 4.792192898669600964e+00
2.408887835312089332e-01 4.830350850040767696e+00
2.418504154013639829e-01 4.797674659024301569e+00
2.428120472715190048e-01 4.655644188174647979e+00
2.437736791416740267e-01 4.802838636770053071e+00
2.447353110118290209e-01 4.863408954126792416e+00
2.456969428819840706e-01 4.790290293872061511e+00
2.466585747521390926e-01 4.765539739111733120e+00
2.476202066222941145e-01 4.762121400853224884e+00
2.485818384924491642e-01 4.847275666444517128e+00
2.495434703626041584e-01 4.885347396159727573e+00
2.505051022327591803e-01 4.822952441941867008e+00
2.514667341029142023e-01 4.728511892070180522e+00
2.524283659730692242e-01 4.795319320130798424e+00
2.533899978432243016e-01 4.827813292854741256e+00
2.543516297133793236e-01 4.764829996599869943e+00
2.553132615835342900e-01 4.727140443514018742e+00
2.562748934536893120e-01 4.854377528378044815e+00
2.572365253238443894e-01 4.864824264022971079e+00
2.581981571939994113e-01 4.751303454788557090e+00
2.591597890641544333e-01 4.752599138010589641e+00
2.601214209343094552e-01 4.841280397490563381e+00
2.610830528044644772e-01 4.776386008965789465e+00
2.620446846746194991e-01 4.827592734235543581e+00
2.630063165447745210e-01 4.784663384558898613e+00
2.639679484149295430e-01 4.782426117796954479e+00
2.649295802850845649e-01 4.775759835409941978e+00
2.658912121552395869e-01 4.742415408044998060e+00
2.668528440253946088e-01 4.745274280658843047e+00
2.678144758955496307e-01 4.769999329673273891e+00
2.687761077657046527e-01 4.851544175289770777e+00
2.697377396358597301e-01 4.786578217978653349e+00
2.706993715060147521e-01 4.721435916606409933e+00
2.716610033761697185e-01 4.758908095647972125e+00
2.726226352463247404e-01 4.819918108984534655e+00
2.735842671164798179e-01 4.868539694249590433e+00
2.745458989866348398e-01 4.838460044769764323e+00
2.755075308567898618e-01 4.922987122422940232e+00
2.764691627269448837e-01 4.836468668355931477e+00
2.774307945970999056e-01 4.909511365732944554e+00
2.783924264672549276e-01 4.815573245159826321e+00
2.793540583374099495e-01 4.794959548743320532e+00
2.803156902075649715e-01 4.752852393641682660e+00
2.812773220777199934e-01 4.854052021407672335e+00
2.822389539478750153e-01 4.881837289934631841e+00
2.832005858180300373e-01 4.792361123018972435e+00
2.841622176881850592e-01 4.808736208165820258e+00
2.851238495583400812e-01 4.783107534436984665e+00
2.860854814284951586e-01 4.784748373918712439e+00
2.870471132986501805e-01 4.795260195704305062e+00
2.880087451688051470e-01 4.762104799739105054e+00
2.889703770389601689e-01 4.776610777159060461e+00
2.899320089091152464e-01 4.771536840336211505e+00
2.908936407792702683e-01 4.742215389171087203e+00
2.918552726494252902e-01 4.701220307476350335e+00
2.928169045195803122e-01 4.765378094039671275e+00
2.937785363897353341e-01 4.821131242319458110e+00
2.947401682598903561e-01 4.826329399914353502e+00
2.957018001300453780e-01 4.833808802433130936e+00
2.966634320002003999e-01 4.769269079281619028e+00
2.976250638703554219e-01 4.797499475624228182e+00
2.985866957405104993e-01 4.762200004330000347e+00
2.995483276106654658e-01 4.728282849911872532e+00
3.005099594808204877e-01 4.792967354650843781e+00
3.014715913509755651e-01 4.794310217933804630e+00
3.024332232211305871e-01 4.833766423487595887e+00
3.033948550912856090e-01 4.841750093217507711e+00
3.043564869614405755e-01 4.795656684761647526e+00
3.053181188315956529e-01 4.772000149410022374e+00
3.062797507017506748e-01 4.726929593774162441e+00
3.072413825719056968e-01 4.787391276570855503e+00
3.082030144420607187e-01 4.816247773310743163e+00
3.091646463122157407e-01 4.871200990571465717e+00
3.101262781823707626e-01 4.731104007401604861e+00
3.110879100525257845e-01 4.804971300090745245e+00
3.120495419226808065e-01 4.791579552723432833e+00
3.130111737928358284e-01 4.737582415917148460e+00
3.139728056629909059e-01 4.743947514649041963e+00
3.149344375331459278e-01 4.731118751950019963e+00
3.158960694033008942e-01 4.747957899192928544e+00
3.168577012734559162e-01 4.821221230547488190e+00
3.178193331436109936e-01 4.844854942029775735e+00
3.187809650137660156e-01 4.813959267273167697e+00
3.197425968839210375e-01 4.775523182960982105e+00
3.207042287540760039e-01 4.819445017243599416e+00
3.216658606242310814e-01 4.804822657056594615e+00
3.226274924943861033e-01 4.848925086554941366e+00
3.235891243645411253e-01 4.830667224580335706e+00
3.245507562346961472e-01 4.762718704413670956e+00
3.255123881048511691e-01 4.761079237273206033e+00
3.264740199750061911e-01 4.795600256255300842e+00
3.274356518451612130e-01 4.740234722029200043e+00
3.283972837153162350e-01 4.692605401443290525e+00
3.293589155854712569e-01 4.827192883049873373e+00
3.303205474556263344e-01 4.794103595550438968e+00
3.312821793257813563e-01 4.784851464585114122e+00
3.322438111959363227e-01 4.754450190262510034e+00
3.332054430660913447e-01 4.780543397145820883e+00
3.341670749362464221e-01 4.787556066379122122e+00
3.351287068064014441e-01 4.738605689922469999e+00
3.360903386765564660e-01 4.726082867925813780e+00
3.370519705467114324e-01 4.771203053937004945e+00
3.380136024168665099e-01 4.787610442898110108e+00
3.389752342870215318e-01 4.791052273752510082e+00
3.399368661571765537e-01 4.823262561332517961e+00
3.408984980273315757e-01 4.833305849008000976e+00
3.418601298974865976e-01 4.821402274990145287e+00
3.428217617676416196e-01 4.844986898712758894e+00
3.437833936377966415e-01 4.739564782240347718e+00
3.447450255079516634e-01 4.726898891057495611e+00
3.457066573781066854e-01 4.815656709122916546e+00
3.466682892482617628e-01 4.886978174538954889e+00
3.476299211184167848e-01 4.833357781974074285e+00
3.485915529885717512e-01 4.835543476767925064e+00
3.495531848587267731e-01 4.736962098056134884e+00
3.505148167288818506e-01 4.712568702577333291e+00
3.514764485990368725e-01 4.700849517184760629e+00
3.524380804691918945e-01 4.790835174257432882e+00
3.533997123393468609e-01 4.788607118277300678e+00
3.543613442095019384e-01 4.739339448822243561e+00
3.553229760796569603e-01 4.735514468661675025e+00
3.562846079498119822e-01 4.810894912643433941e+00
3.572462398199670042e-01 4.829771621487129352e+00
3.582078716901220261e-01 4.851723121524988080e+00
3.591695035602770480e-01 4.748407624969479990e+00
3.601311354304320700e-01 4.754937530701197623e+00
3.610927673005870919e-01 4.757463360479368575e+00
3.620543991707421139e-01 4.715044569917305139e+00
3.630160310408971913e-01 4.767459109808360296e+00
3.639776629110522133e-01 4.778909278190651477e+00
3.649392947812071797e-01 4.751975951781871821e+00
3.659009266513622016e-01 4.765538875578688049e+00
3.668625585215172791e-01 4.770461323352160221e+00
3.678241903916723010e-01 4.757009540816788729e+00
3.687858222618273230e-01 4.726317093252433210e+00
3.697474541319822894e-01 4.700760550527684600e+00
3.707090860021373668e-01 4.713058457734071283e+00
3.716707178722923888e-01 4.687480275932935037e+00
3.726323497424474107e-01 4.768926383828668847e+00
3.735939816126024327e-01 4.753323801839760776e+00
3.745556134827574546e-01 4.752245844893150384e+00
3.755172453529124765e-01 4.792103142905210333e+00
3.764788772230674985e-01 4.815353843758281904e+00
3.774405090932225204e-01 4.774182245197534868e+00
3.784021409633775423e-01 4.742415741529958595e+00
3.793637728335326198e-01 4.777061185146410871e+00
3.803254047036876417e-01 4.741896566221846854e+00
3.812870365738426082e-01 4.821222731384739113e+00
3.822486684439976301e-01 4.802141456777373030e+00
3.832103003141527076e-01 4.702945412239108336e+00
3.841719321843077295e-01 4.708737819327721397e+00
3.851335640544627514e-01 4.727008397086962965e+00
3.860951959246177734e-01 4.666190701936070440e+00
3.870568277947727953e-01 4.766828553865961382e+00
3.880184596649278173e-01 4.818001876487804758e+00
3.889800915350828392e-01 4.819077761853702846e+00
3.899417234052378611e-01 4.821338461288489974e+00
3.909033552753928831e-01 4.720997041546233675e+00
3.918649871455479050e-01 4.730125923079667949e+00
3.928266190157029270e-01 4.694477254979370073e+00
3.937882508858579489e-01 4.771087396710323780e+00
3.947498827560129708e-01 4.852286565002713381e+00
3.957115146261680483e-01 4.805158420014940646e+00
3.966731464963230702e-01 4.778440621926439924e+00
3.976347783664780366e-01 4.806937225614221099e+00
3.985964102366330586e-01 4.782213114061497627e+00
3.995580421067881360e-01 4.794150764613982929e+00
4.005196739769430470e-01 4.839682047054296277e+00
4.014813058470981244e-01 4.743655234770927542e+00
4.024429377172531463e-01 4.748706902923238715e+00
4.034045695874082238e-01 4.739411859722532760e+00
4.043662014575631902e-01 4.716953811287086573e+00
4.053278333277181567e-01 4.736570837594306305e+00
4.062894651978732341e-01 4.812022927399548067e+00
4.072510970680282560e-01 4.827907027813528984e+00
4.082127289381833335e-01 4.787517113805921376e+00
4.091743608083382999e-01 4.817460112167059272e+00
4.101359926784933774e-01 4.767214786243839875e+00
4.110976245486483993e-01 4.747624927977154741e+00
4.120592564188033657e-01 4.770007352102918041e+00
4.130208882889584432e-01 4.853248499846470665e+00
4.139825201591134096e-01 4.785064713810118775e+00
4.149441520292684871e-01 4.741295889885419612e+00
4.159057838994235090e-01 4.768287471218278561e+00
4.168674157695784754e-01 4.758043239697284044e+00
4.178290476397335529e-01 4.740756590825283112e+00
4.187906795098885748e-01 4.814428325867164737e+00
4.197523113800436523e-01 4.832301408090891925e+00
4.207139432501986187e-01 4.765078687690933457e+00
4.216755751203536962e-01 4.813575657835721167e+00
4.226372069905086626e-01 4.840245448788207838e+00
4.235988388606636845e-01 4.796339569557392046e+00
4.245604707308187620e-01 4.743329024612664924e+00
4.255221026009737284e-01 4.712480890813957934e+00
4.264837344711288059e-01 4.741070503352840859e+00
4.274453663412838278e-01 4.803188252010674120e+00
4.284069982114387942e-01 4.782384881162358603e+00
4.293686300815938717e-01 4.730458383949312839e+00
4.303302619517488381e-01 4.774601709198619481e+00
4.312918938219039156e-01 4.769011573646126934e+00
4.322535256920589375e-01 4.740836077591739972e+00
4.332151575622139039e-01 4.763324894021866207e+00
4.341767894323689814e-01 4.827935941488611604e+00
4.351384213025240033e-01 4.793092948370582640e+00
4.361000531726790808e-01 4.786280156395883445e+00
4.370616850428340472e-01 4.709638284695016885e+00
4.380233169129891246e-01 4.786711398268776563e+00
4.389849487831440911e-01 4.810461099483379854e+00
4.399465806532991130e-01 4.847673104047151682e+00
4.409082125234541905e-01 4.817384714740112983e+00
4.418698443936091569e-01 4.764754191978025410e+00
4.428314762637642343e-01 4.782884844011380032e+00
4.437931081339192563e-01 4.822516682005724142e+00
4.447547400040742227e-01 4.823240888105415181e+00
4.457163718742293002e-01 4.762309420226548795e+00
4.466780037443842666e-01 4.737219257833515940e+00
4.476396356145393440e-01 4.774905036566986283e+00
4.486012674846943660e-01 4.803707748274906209e+00
4.495628993548493324e-01 4.737996875772517491e+00
4.505245312250044099e-01 4.776853505323471971e+00
4.514861630951594318e-01 4.722996135031796605e+00
4.524477949653145092e-01 4.750644703980714034e+00
4.534094268354694757e-01 4.771735350010059662e+00
4.543710587056245531e-01 4.762984758625536941e+00
4.553326905757795195e-01 4.724111297292189704e+00
4.562943224459345415e-01 4.789334026421437684e+00
4.572559543160896189e-01 4.785262259309331689e+00
4.582175861862445854e-01 4.780640945565850508e+00
4.591792180563996628e-01 4.779266815949549496e+00
4.601408499265546848e-01 4.807651714129620224e+00
4.611024817967096512e-01 4.808246121031653608e+00
4.620641136668647286e-01 4.760649765175113401e+00
4.630257455370196951e-01 4.756930301257021654e+00
4.639873774071747725e-01 4.678335684860031485e+00
4.649490092773297945e-01 4.661258502419996397e+00
4.659106411474847609e-01 4.734617913114226972e+00
4.668722730176398383e-01 4.731014295035895323e+00
4.678339048877948603e-01 4.709388021186295070e+00
4.687955367579499377e-01 4.718824083941308700e+00
4.697571686281049042e-01 4.716242678993301851e+00
4.707188004982599816e-01 4.738837596857745638e+00
4.716804323684149480e-01 4.769390683665109876e+00
4.726420642385699700e-01 4.792298318056785078e+00
4.736036961087250474e-01 4.771244715324494123e+00
4.745653279788800138e-01 4.845523391170315719e+00
4.755269598490350913e-01 4.780867612573683090e+00
4.764885917191901132e-01 4.736678258542869280e+00
4.774502235893450797e-01 4.807142274638956714e+00
4.784118554595001571e-01 4.794477713081822579e+00
4.793734873296551235e-01 4.805168928362553160e+00
4.803351191998102010e-01 4.777679856249095636e+00
4.812967510699652229e-01 4.795151123621774758e+00
4.822583829401201894e-01 4.747813165574591210e+00
4.832200148102752668e-01 4.707480784867999368e+00
4.841816466804302888e-01 4.713809862713757681e+00
4.851432785505853662e-01 4.775008869833165193e+00
4.861049104207403326e-01 4.788039325249870082e+00
4.870665422908954101e-01 4.747156723893417585e+00
4.880281741610503765e-01 4.777892082845974997e+00
4.889898060312053985e-01 4.776498573818113158e+00
4.899514379013604759e-01 4.766286836006806027e+00
4.909130697715154423e-01 4.738212975559265239e+00
4.918747016416705198e-01 4.717294332847679073e+00
4.928363335118255417e-01 4.786183289440481659e+00
4.937979653819805081e-01 4.810354651538193416e+00
4.947595972521355856e-01 4.766364746406784647e+00
4.957212291222905520e-01 4.757816132330378700e+00
4.966828609924456295e-01 4.708240225077298113e+00
4.976444928626006514e-01 4.750198557850302095e+00
4.986061247327556178e-01 4.813919136419781530e+00
4.995677566029106953e-01 4.790466944348273692e+00
5.005293884730657172e-01 4.804380493819158104e+00
5.014910203432207947e-01 4.815689165192162058e+00
5.024526522133757611e-01 4.756823009705927419e+00
5.034142840835308386e-01 4.749005298333106140e+00
5.043759159536858050e-01 4.778486441094612402e+00
5.053375478238407714e-01 4.776456068645861919e+00
5.062991796939958489e-01 4.708700480955483769e+00
5.072608115641509263e-01 4.741685617457673807e+00
5.082224434343060038e-01 4.764440398868229565e+00
5.091840753044609702e-01 4.702594158711955075e+00
5.101457071746159366e-01 4.641807112907316402e+00
5.111073390447710141e-01 4.718596950436768189e+00
5.120689709149259805e-01 4.734015302452327489e+00
5.130306027850810580e-01 4.734349630434323331e+00
5.139922346552360244e-01 4.713046066651980226e+00
5.149538665253911018e-01 4.746013232255515746e+00
5.159154983955461793e-01 4.741438484764604055e+00
5.168771302657011457e-01 4.768731788630168111e+00
5.178387621358562232e-01 4.749846738251136458e+00
5.188003940060111896e-01 4.737634379357761993e+00
5.197620258761662670e-01 4.708665455665951960e+00
5.207236577463212335e-01 4.732494240462073343e+00
5.216852896164761999e-01 4.788164701957218661e+00
5.226469214866312774e-01 4.804116139977542943e+00
5.236085533567863548e-01 4.770297996873227753e+00
5.245701852269414323e-01 4.719385474576900386e+00
5.255318170970963987e-01 4.782746364881228729e+00
5.264934489672513651e-01 4.738829723225260082e+00
5.274550808374064426e-01 4.759819323518264866e+00
5.284167127075614090e-01 4.783478209181029506e+00
5.293783445777164864e-01 4.757466714361460625e+00
5.303399764478714529e-01 4.712462926505911476e+00
5.313016083180265303e-01 4.775918006358134349e+00
5.322632401881816078e-01 4.783773237247346266e+00
5.332248720583365742e-01 4.789617338590301365e+00
5.341865039284916516e-01 4.809474802160446316e+00
5.351481357986466181e-01 4.787704506825718020e+00
5.361097676688016955e-01 4.782926701294047511e+00
5.370713995389566620e-01 4.802651684256663778e+00
5.380330314091116284e-01 4.757917729076707403e+00
5.389946632792667058e-01 4.715828811977552881e+00
5.399562951494217833e-01 4.717549091111390425e+00
5.409179270195768607e-01 4.794470985133045815e+00
5.418795588897318272e-01 4.764802768504520003e+00
5.428411907598867936e-01 4.753271860860226461e+00
5.438028226300418710e-01 4.777896595181364781e+00
5.447644545001968375e-01 4.807913102786592674e+00
5.457260863703519149e-01 4.738720278944968278e+00
5.466877182405068814e-01 4.725690428492310247e+00
5.476493501106619588e-01 4.785977174364637321e+00
5.486109819808170363e-01 4.810042747131864971e+00
5.495726138509720027e-01 4.766229225380815393e+00
5.505342457211270801e-01 4.718062634405513656e+00
5.514958775912820466e-01 4.762164094491218691e+00
5.524575094614371240e-01 4.789070555823176534e+00
5.534191413315920904e-01 4.787380098634319125e+00
5.543807732017470569e-01 4.790888978144177912e+00
5.553424050719021343e-01 4.786990605841302759e+00
5.563040369420572118e-01 4.765118850393486483e+00
5.572656688122122892e-01 4.721324396455206518e+00
5.582273006823672556e-01 4.740092723766439420e+00
5.591889325525222221e-01 4.710150369929330338e+00
5.601505644226772995e-01 4.725879112308826180e+00
5.611121962928322660e-01 4.762180924353692113e+00
5.620738281629873434e-01 4.761832998929081739e+00
5.630354600331423098e-01 4.785272140518893380e+00
5.639970919032973873e-01 4.797438961492898279e+00
5.649587237734524647e-01 4.749770576648864484e+00
5.659203556436074312e-01 4.793032330155402754e+00
5.668819875137625086e-01 4.753816799900726586e+00
5.678436193839174750e-01 4.718352524086318667e+00
5.688052512540725525e-01 4.763234580500429693e+00
5.697668831242275189e-01 4.754359454133660456e+00
5.707285149943824853e-01 4.685488774667772027e+00
5.716901468645375628e-01 4.754928096183859587e+00
5.726517787346926402e-01 4.805051462881046120e+00
5.736134106048477177e-01 4.750537520235971201e+00
5.745750424750026841e-01 4.756149049811234875e+00
5.755366743451576506e-01 4.763636348897862582e+00
5.764983062153127280e-01 4.701126869419251619e+00
5.774599380854676944e-01 4.732313374956192753e+00
5.784215699556227719e-01 4.785962782443416330e+00
5.793832018257777383e-01 4.834569459269737024e+00
5.803448336959328158e-01 4.828338152327940058e+00
5.813064655660878932e-01 4.817155738138921173e+00
5.822680974362428596e-01 4.752687345015314868e+00
5.832297293063979371e-01 4.793333777362346559e+00
5.841913611765529035e-01 4.778511497955720166e+00
5.851529930467079810e-01 4.761692559577332062e+00
5.861146249168629474e-01 4.793647850492516405e+00
5.870762567870179138e-01 4.796847188700319897e+00
5.880378886571729913e-01 4.844523694026202421e+00
5.889995205273280687e-01 4.848660551079699843e+00
5.899611523974831462e-01 4.842589552325311963e+00
5.909227842676381126e-01 4.828247848498754102e+00
5.918844161377930790e-01 4.802026478808323340e+00
5.928460480079481565e-01 4.846600546931512099e+00
5.938076798781031229e-01 4.888625685995231507e+00
5.947693117482582004e-01 4.895770685391629407e+00
5.957309436184131668e-01 4.895999549235159343e+00
5.966925754885682442e-01 4.916625177139416714e+00
5.976542073587233217e-01 4.880653657923870625e+00
5.986158392288782881e-01 4.966104799574380557e+00
5.995774710990333656e-01 4.978677500047324678e+00
