# q (1/Angstrom), Intensity (arb)
2.067508526570814575e-02 2.462945386962555006e+01
2.163671713586316769e-02 2.265756636437048144e+01
2.259834900601819310e-02 2.210997776152115080e+01
2.355998087617321851e-02 2.257408048712682103e+01
2.452161274632824739e-02 2.063945005552893974e+01
2.548324461648326933e-02 1.900960233543742817e+01
2.644487648663829821e-02 1.778485001025016743e+01
2.740650835679332709e-02 1.823172388660060506e+01
2.836814022694834903e-02 1.715057515917835929e+01
2.932977209710337443e-02 1.773200117608742232e+01
3.029140396725839637e-02 1.883597894554937824e+01
3.125303583741342178e-02 1.862662095921854899e+01
3.221466770756845066e-02 1.819948305163475766e+01
3.317629957772347260e-02 1.857846103661292858e+01
3.413793144787850148e-02 1.788768117249007972e+01
3.509956331803352342e-02 1.863408443272480852e+01
3.606119518818855230e-02 1.866845282919064175e+01
3.702282705834358117e-02 1.810948006284059986e+01
3.798445892849860311e-02 1.808647866056359277e+01
3.894609079865363199e-02 1.803713549376782410e+01
3.990772266880865393e-02 1.687736273093951311e+01
4.086935453896367587e-02 1.733608857754872545e+01
4.183098640911870475e-02 1.796490458368857190e+01
4.279261827927372669e-02 1.786780935707848172e+01
4.375425014942875557e-02 1.709008846362707956e+01
4.471588201958377751e-02 1.726019074840998968e+01
4.567751388973880639e-02 1.700198329402120478e+01
4.663914575989382832e-02 1.669180190937809982e+01
4.760077763004885720e-02 1.698423189565869507e+01
4.856240950020387914e-02 1.674969529182716599e+01
4.952404137035890108e-02 1.650933843413450575e+01
5.048567324051392302e-02 1.635711796822372932e+01
5.144730511066895190e-02 1.568832139898708178e+01
5.240893698082397384e-02 1.545556735419089378e+01
5.337056885097899578e-02 1.495707940902356725e+01
5.433220072113403160e-02 1.497001254393254754e+01
5.529383259128905354e-02 1.424684957281953501e+01
5.625546446144407547e-02 1.417337614280448932e+01
5.721709633159910435e-02 1.457375761904146572e+01
5.817872820175412629e-02 1.396983522533778199e+01
5.914036007190914823e-02 1.354510643400225689e+01
6.010199194206417017e-02 1.310997773252130472e+01
6.106362381221920599e-02 1.283210824089588442e+01
6.202525568237422793e-02 1.303327914073976501e+01
6.298688755252924987e-02 1.340627222592817702e+01
6.394851942268428568e-02 1.361521167869507210e+01
6.491015129283930762e-02 1.348711745450745170e+01
6.587178316299432956e-02 1.278220382479049277e+01
6.683341503314935150e-02 1.197038667999384742e+01
6.779504690330438732e-02 1.252730761271493876e+01
6.875667877345940926e-02 1.303911724254286852e+01
6.971831064361443120e-02 1.281692249877705336e+01
7.067994251376945314e-02 1.231502464238537442e+01
7.164157438392447508e-02 1.178138981069712443e+01
7.260320625407949702e-02 1.179423105173911424e+01
7.356483812423453283e-02 1.172876849941515331e+01
7.452646999438955477e-02 1.154843855879274273e+01
7.548810186454457671e-02 1.120004098904357548e+01
7.644973373469959865e-02 1.153416088580079091e+01
7.741136560485463447e-02 1.172301079769309595e+01
7.837299747500965641e-02 1.175541392405444086e+01
7.933462934516467835e-02 1.153779978937064143e+01
8.029626121531971417e-02 1.168740744100263740e+01
8.125789308547473611e-02 1.174704769478141841e+01
8.221952495562975805e-02 1.190629512121417122e+01
8.318115682578479386e-02 1.169905631915433375e+01
8.414278869593981580e-02 1.195628112059065629e+01
8.510442056609483774e-02 1.235522953410654523e+01
8.606605243624985968e-02 1.288163451303679352e+01
8.702768430640489550e-02 1.416617604054156132e+01
8.798931617655991744e-02 1.841173257151877252e+01
8.895094804671493938e-02 2.698499933049469490e+01
8.991257991686996132e-02 3.869168763826572643e+01
9.087421178702498326e-02 4.859012087172902739e+01
9.183584365718000520e-02 5.692259431603242348e+01
9.279747552733502713e-02 7.743728325812742241e+01
9.375910739749006295e-02 1.131140437336308935e+02
9.472073926764508489e-02 1.492655405941609104e+02
9.568237113780010683e-02 1.595253074691985091e+02
9.664400300795514265e-02 1.404046248859589809e+02
9.760563487811016459e-02 1.120280709758523301e+02
9.856726674826518653e-02 9.027034927397585307e+01
9.952889861842022234e-02 8.039735035913886918e+01
1.004905304885752443e-01 7.677016379141264224e+01
1.014521623587302801e-01 7.259434836912360822e+01
1.024137942288853020e-01 6.627174807683411473e+01
1.033754260990403240e-01 5.999862878172368141e+01
1.043370579691953459e-01 5.360765575132244010e+01
1.052986898393503817e-01 4.754598091460445630e+01
1.062603217095053898e-01 4.245677924952170201e+01
1.072219535796604256e-01 3.841613013181940062e+01
1.081835854498154614e-01 3.691814836387152354e+01
1.091452173199704695e-01 3.713612074930767903e+01
1.101068491901255053e-01 3.600537458244394884e+01
1.110684810602805411e-01 3.179805815311047823e+01
1.120301129304355492e-01 2.514889088990127419e+01
1.129917448005905850e-01 1.949854758182364023e+01
1.139533766707456208e-01 1.536672279561365428e+01
1.149150085409006289e-01 1.293187941027263932e+01
1.158766404110556647e-01 1.104277858536324786e+01
1.168382722812106728e-01 9.653548373054711362e+00
1.177999041513657086e-01 8.313036950778119660e+00
1.187615360215207305e-01 7.275089983596849663e+00
1.197231678916757525e-01 6.516084456251920898e+00
1.206847997618307744e-01 5.715918664326757437e+00
1.216464316319858102e-01 5.326410346222886005e+00
1.226080635021408183e-01 4.879336905814042780e+00
1.235696953722958541e-01 4.288015416787320788e+00
1.245313272424508899e-01 3.707029753365890912e+00
1.254929591126059119e-01 3.591135158878159928e+00
1.264545909827609338e-01 3.519064646323336376e+00
1.274162228529159557e-01 3.239216473834300558e+00
1.283778547230709777e-01 2.878631948649029937e+00
1.293394865932259996e-01 2.386406852103732490e+00
1.303011184633810493e-01 2.418798113568609409e+00
1.312627503335360435e-01 2.290048632075418311e+00
1.322243822036910932e-01 2.193589850305809108e+00
1.331860140738460874e-01 1.761432821343603905e+00
1.341476459440011371e-01 1.795342919414800065e+00
1.351092778141561590e-01 1.544934320465515043e+00
1.360709096843111809e-01 1.531895928949648322e+00
1.370325415544662029e-01 1.466205826837168047e+00
1.379941734246212526e-01 1.371943641032409289e+00
1.389558052947762468e-01 1.265011468632092573e+00
1.399174371649312965e-01 1.411098185262236626e+00
1.408790690350863184e-01 1.241330231305038723e+00
1.418407009052413403e-01 1.182306591429117759e+00
1.428023327753963623e-01 1.279275326245890909e+00
1.437639646455513842e-01 9.593047171448425559e-01
1.447255965157064062e-01 1.084084879431252091e+00
1.456872283858614281e-01 1.091042065120436888e+00
1.466488602560164778e-01 1.159503101761053756e+00
1.476104921261714720e-01 9.196397283517931953e-01
1.485721239963265217e-01 8.076063180058774549e-01
1.495337558664815436e-01 6.534844615880963659e-01
1.504953877366365655e-01 5.480590220056065220e-01
1.514570196067915875e-01 6.888722710742030131e-01
1.524186514769466094e-01 8.849884271478138942e-01
1.533802833471016314e-01 1.148866288249671186e+00
1.543419152172566811e-01 1.862682860492657966e+00
1.553035470874116752e-01 2.512093382702520472e+00
1.562651789575667249e-01 2.333048276484614547e+00
1.572268108277217469e-01 2.061792733809756584e+00
1.581884426978767688e-01 1.988178937054232875e+00
1.591500745680317908e-01 1.693943225772002847e+00
1.601117064381868405e-01 1.385925015119610748e+00
1.610733383083418346e-01 1.322783718498367733e+00
1.620349701784968843e-01 1.426016417119786439e+00
1.629966020486519063e-01 1.569350190342824192e+00
1.639582339188069282e-01 1.389872629237043355e+00
1.649198657889619501e-01 1.274397811482788967e+00
1.658814976591169721e-01 1.201817167411721954e+00
1.668431295292719940e-01 1.378693847508806414e+00
1.678047613994270160e-01 1.509780734722067308e+00
1.687663932695820379e-01 1.556144172733233688e+00
1.697280251397370598e-01 1.593218837623474826e+00
1.706896570098921095e-01 1.255474568862911866e+00
1.716512888800471037e-01 1.185778639449878824e+00
1.726129207502021534e-01 1.315223089640337406e+00
1.735745526203571754e-01 1.507333221963236269e+00
1.745361844905121973e-01 1.396292758201294504e+00
1.754978163606672192e-01 1.516505859066569428e+00
1.764594482308222689e-01 1.435817212425504863e+00
1.774210801009772631e-01 1.455068523131060942e+00
1.783827119711323128e-01 1.627166023129632322e+00
1.793443438412873348e-01 2.312482845737584114e+00
1.803059757114423567e-01 3.774627647599245961e+00
1.812676075815973786e-01 4.968778919867414601e+00
1.822292394517524006e-01 6.096664633423884538e+00
1.831908713219074225e-01 6.263881620283992646e+00
1.841525031920624444e-01 6.050221896137976785e+00
1.851141350622174664e-01 5.614822711112100961e+00
1.860757669323724883e-01 4.923187004232467245e+00
1.870373988025275380e-01 4.231003915033003437e+00
1.879990306726825322e-01 3.887090211387544514e+00
1.889606625428375819e-01 3.739700952016121960e+00
1.899222944129926038e-01 3.432504501027136001e+00
1.908839262831476258e-01 3.003420420962015669e+00
1.918455581533026477e-01 2.851043309809980997e+00
1.928071900234576974e-01 2.532154025330555669e+00
1.937688218936126916e-01 2.335691604605422356e+00
1.947304537637677413e-01 1.936241308560930463e+00
1.956920856339227632e-01 1.565664543368757933e+00
1.966537175040777852e-01 1.282403731532305358e+00
1.976153493742328071e-01 1.140347320154070587e+00
1.985769812443878291e-01 1.384536384958384048e+00
1.995386131145428510e-01 1.123178249812802676e+00
2.005002449846978729e-01 9.938332196471932889e-01
2.014618768548528949e-01 1.159888832804899295e+00
2.024235087250079168e-01 1.253149316699136762e+00
2.033851405951629665e-01 1.209343477121702648e+00
2.043467724653179884e-01 1.016563767891440762e+00
2.053084043354730381e-01 9.561209371101497823e-01
2.062700362056280046e-01 9.997152714964876452e-01
2.072316680757830543e-01 9.981548278139484864e-01
2.081932999459380762e-01 8.737384824870488842e-01
2.091549318160931259e-01 1.007021351006137877e+00
2.101165636862481478e-01 1.060446109589744168e+00
2.110781955564031698e-01 7.825159183159442478e-01
2.120398274265581640e-01 7.032136649365590131e-01
2.130014592967132137e-01 6.923031829975840878e-01
2.139630911668682356e-01 7.178949080643981517e-01
2.149247230370232575e-01 5.890202723017239350e-01
2.158863549071783072e-01 5.898125110012379935e-01
2.168479867773333014e-01 7.111670217556174123e-01
2.178096186474883234e-01 7.351332969665875794e-01
2.187712505176433453e-01 5.417452177242729761e-01
2.197328823877983950e-01 6.239839599034979756e-01
2.206945142579534169e-01 7.116781008769486050e-01
2.216561461281084666e-01 5.793496998502760675e-01
2.226177779982634330e-01 6.451847743123977352e-01
2.235794098684184827e-01 6.727849818087534572e-01
2.245410417385735047e-01 5.291294241156698774e-01
2.255026736087285544e-01 7.255096440089552345e-01
2.264643054788835763e-01 6.157836890545773656e-01
2.274259373490385983e-01 4.914803814464860920e-01
2.283875692191935924e-01 3.235839627044860833e-01
2.293492010893486421e-01 3.591182515390123342e-01
2.303108329595036641e-01 4.302201156499378953e-01
2.312724648296586860e-01 2.409793787802740894e-01
2.322340966998137357e-01 3.220246567741327226e-01
2.331957285699687299e-01 4.831830899184552663e-01
2.341573604401237518e-01 3.961272289857689088e-01
2.351189923102787738e-01 2.932204475935797916e-01
2.360806241804338235e-01 4.737937025221548026e-01
2.370422560505888454e-01 5.518953813274443121e-01
2.380038879207438951e-01 5.783712435090819781e-01
2.389655197908988615e-01 6.478695890168459925e-01
2.399271516610539112e-01 6.514389702960343698e-01
2.408887835312089332e-01 5.424313719328601735e-01
2.418504154013639829e-01 4.112209556716877046e-01
2.428120472715190048e-01 4.457146617992009396e-01
2.437736791416740267e-01 3.687701639277634058e-01
2.447353110118290209e-01 4.817399838577713922e-01
2.456969428819840706e-01 3.959714009739201401e-01
2.466585747521390926e-01 2.358722936119050928e-01
2.476202066222941145e-01 3.489180305340902066e-01
2.485818384924491642e-01 3.320979390324865221e-01
2.495434703626041584e-01 4.978409735372402167e-01
2.505051022327591803e-01 5.131053206532989464e-01
2.514667341029142023e-01 4.763401529121686906e-01
2.524283659730692242e-01 3.218766496388987264e-01
2.533899978432243016e-01 4.227913433942305232e-01
2.543516297133793236e-01 5.653017840964054130e-01
2.553132615835342900e-01 3.849923680911686574e-01
2.562748934536893120e-01 2.683792662028601228e-01
2.572365253238443894e-01 2.590600553447970356e-01
2.581981571939994113e-01 1.111932453987698466e-01
2.591597890641544333e-01 1.063303885450785913e-01
2.601214209343094552e-01 1.626740481054476106e-01
2.610830528044644772e-01 3.135054301449358150e-01
2.620446846746194991e-01 4.935593362856849353e-01
2.630063165447745210e-01 5.134454263978867061e-01
2.639679484149295430e-01 4.572675541931481291e-01
2.649295802850845649e-01 3.437298874508769586e-01
2.658912121552395869e-01 2.850419928920793211e-01
2.668528440253946088e-01 3.483370141394424024e-01
2.678144758955496307e-01 2.937359932127954210e-01
2.687761077657046527e-01 6.445123552742693107e-01
2.697377396358597301e-01 6.866651923113735734e-01
2.706993715060147521e-01 6.559309060097717747e-01
2.716610033761697185e-01 6.669067270748065823e-01
2.726226352463247404e-01 5.475606431189561363e-01
2.735842671164798179e-01 4.144511763510330127e-01
2.745458989866348398e-01 2.743233052799176619e-01
2.755075308567898618e-01 2.323512869087593913e-01
2.764691627269448837e-01 3.669081288291771159e-01
2.774307945970999056e-01 2.742720269712322079e-01
2.783924264672549276e-01 2.815197525059147665e-01
2.793540583374099495e-01 2.387410732941432912e-01
2.803156902075649715e-01 2.410667913945125918e-01
2.812773220777199934e-01 2.890654860401511428e-01
2.822389539478750153e-01 4.430933104827587954e-01
2.832005858180300373e-01 5.764450525486459753e-01
2.841622176881850592e-01 6.408861207359173306e-01
2.851238495583400812e-01 5.118234895587541189e-01
2.860854814284951586e-01 3.410826206482582279e-01
2.870471132986501805e-01 3.612585792178535371e-01
2.880087451688051470e-01 4.648876660757004231e-01
2.889703770389601689e-01 4.509866673857381159e-01
2.899320089091152464e-01 5.362610558639850922e-01
2.908936407792702683e-01 4.212959199012935585e-01
2.918552726494252902e-01 2.712693561617847138e-01
2.928169045195803122e-01 3.444697588617451345e-01
2.937785363897353341e-01 3.587404297789085206e-01
2.947401682598903561e-01 5.980592452750315147e-01
2.957018001300453780e-01 3.386052135308084132e-01
2.966634320002003999e-01 1.460545588855310939e-01
2.976250638703554219e-01 2.789323086140385044e-01
2.985866957405104993e-01 1.205937541684711789e-01
2.995483276106654658e-01 2.033441750275990501e-01
3.005099594808204877e-01 1.411893468626352899e-01
3.014715913509755651e-01 1.338508092427161955e-01
3.024332232211305871e-01 3.435615415491035662e-01
3.033948550912856090e-01 2.545479452220256178e-01
3.043564869614405755e-01 3.590130086095264517e-01
3.053181188315956529e-01 3.434220276350217205e-01
3.062797507017506748e-01 3.340701337502665069e-01
3.072413825719056968e-01 4.383977388811715059e-01
3.082030144420607187e-01 5.141383694629482193e-01
3.091646463122157407e-01 5.724487162557068132e-01
3.101262781823707626e-01 5.381077109006469072e-01
3.110879100525257845e-01 5.123459594858452704e-01
3.120495419226808065e-01 5.290056545008248179e-01
3.130111737928358284e-01 4.634511545422697054e-01
3.139728056629909059e-01 4.229342583038295800e-01
3.149344375331459278e-01 4.320786385105535032e-01
3.158960694033008942e-01 4.906721157165314651e-01
3.168577012734559162e-01 3.321306657546543306e-01
3.178193331436109936e-01 3.677490018043805264e-01
3.187809650137660156e-01 1.605657591413525154e-01
3.197425968839210375e-01 1.503149532369043584e-01
3.207042287540760039e-01 3.071296996562331572e-01
3.216658606242310814e-01 3.396584009562708673e-01
3.226274924943861033e-01 2.911327002991157542e-01
3.235891243645411253e-01 6.644040761502978398e-02
3.245507562346961472e-01 1.096340788995320281e-02
3.255123881048511691e-01 3.565765860538796517e-01
3.264740199750061911e-01 3.178360576415606431e-01
3.274356518451612130e-01 4.013824924989677356e-01
3.283972837153162350e-01 5.405340795707473944e-01
3.293589155854712569e-01 3.453146401650464270e-01
3.303205474556263344e-01 3.137350441509099142e-01
3.312821793257813563e-01 3.111476448831282937e-01
3.322438111959363227e-01 3.634504092137866849e-01
3.332054430660913447e-01 2.355634417090186616e-01
3.341670749362464221e-01 2.605629958108792721e-01
3.351287068064014441e-01 3.171584943330003625e-01
3.360903386765564660e-01 3.559293058164669787e-01
3.370519705467114324e-01 3.835708936967634486e-01
3.380136024168665099e-01 1.720317836819482693e-01
3.389752342870215318e-01 2.689095219797259517e-01
3.399368661571765537e-01 4.553055078341898820e-01
3.408984980273315757e-01 2.586679099841333596e-01
3.418601298974865976e-01 2.505355661343031670e-01
3.428217617676416196e-01 1.757393874057484595e-01
3.437833936377966415e-01 2.452906783432986515e-01
3.447450255079516634e-01 2.391538508195409918e-01
3.457066573781066854e-01 2.057207602900135157e-01
3.466682892482617628e-01 2.686608186545775823e-01
3.476299211184167848e-01 3.257964011161433859e-01
3.485915529885717512e-01 2.743469708674481922e-01
3.495531848587267731e-01 2.355366647551093706e-01
3.505148167288818506e-01 3.221963070756679315e-01
3.514764485990368725e-01 2.716389246635344534e-01
3.524380804691918945e-01 2.706701801600459589e-01
3.533997123393468609e-01 1.339085167441176338e-01
3.543613442095019384e-01 1.991721157909580597e-01
3.553229760796569603e-01 2.151655999893122839e-01
3.562846079498119822e-01 1.240126036141973032e-01
3.572462398199670042e-01 2.054831005105768327e-01
3.582078716901220261e-01 2.141550783377361711e-01
3.591695035602770480e-01 3.050240834216175756e-01
3.601311354304320700e-01 3.119958004604690416e-01
3.610927673005870919e-01 1.692113725842965266e-01
3.620543991707421139e-01 7.016069867690788442e-02
3.630160310408971913e-01 3.772538474910547279e-02
3.639776629110522133e-01 1.703444488935268453e-01
3.649392947812071797e-01 3.273521565219965623e-01
3.659009266513622016e-01 4.051751578839137835e-01
3.668625585215172791e-01 4.013139525621127746e-01
3.678241903916723010e-01 4.480976038623758484e-01
3.687858222618273230e-01 4.303269805469689402e-01
3.697474541319822894e-01 2.963009474131865773e-01
3.707090860021373668e-01 2.914875915826016239e-01
3.716707178722923888e-01 4.405786238312465741e-01
3.726323497424474107e-01 2.995049277124337550e-01
3.735939816126024327e-01 9.152339561474320817e-02
3.745556134827574546e-01 1.735153721883371247e-01
3.755172453529124765e-01 2.811982893306925746e-01
3.764788772230674985e-01 1.935630561485339740e-01
3.774405090932225204e-01 6.748245672278940788e-02
3.784021409633775423e-01 4.633266911721634074e-02
3.793637728335326198e-01 1.301641253412100241e-01
3.803254047036876417e-01 2.932417645323077693e-01
3.812870365738426082e-01 1.883731440693026116e-01
3.822486684439976301e-01 6.982744291631703959e-02
3.832103003141527076e-01 1.585399108838387860e-01
3.841719321843077295e-01 1.959491458585311818e-01
3.851335640544627514e-01 1.901438909178807535e-01
3.860951959246177734e-01 2.098088208055592929e-01
3.870568277947727953e-01 2.850398416220514264e-01
3.880184596649278173e-01 2.783702804156114041e-01
3.889800915350828392e-01 2.908061870424312190e-01
3.899417234052378611e-01 3.481556701909021001e-01
3.909033552753928831e-01 3.195038943230521511e-01
3.918649871455479050e-01 3.372840057994430651e-01
3.928266190157029270e-01 2.390114053982514974e-01
3.937882508858579489e-01 2.846272021031666100e-01
3.947498827560129708e-01 3.308953925252851036e-01
3.957115146261680483e-01 3.463954858638587098e-01
3.966731464963230702e-01 2.940883577641599800e-01
3.976347783664780366e-01 2.896920266796101373e-01
3.985964102366330586e-01 3.728544123212422789e-01
3.995580421067881360e-01 3.075675303734293209e-01
4.005196739769430470e-01 2.518577589914166026e-01
4.014813058470981244e-01 1.959030301340654034e-01
4.024429377172531463e-01 7.772808195277036702e-03
4.034045695874082238e-01 4.309025106352137868e-02
4.043662014575631902e-01 1.654284462012931556e-01
4.053278333277181567e-01 2.346462936235162999e-01
4.062894651978732341e-01 2.668805880640547912e-01
4.072510970680282560e-01 2.569673400260725771e-01
4.082127289381833335e-01 3.409222046962092634e-01
4.091743608083382999e-01 2.556041688355392694e-01
4.101359926784933774e-01 1.226459732487157339e-01
4.110976245486483993e-01 1.572106545262066390e-01
4.120592564188033657e-01 1.824525663895997241e-01
4.130208882889584432e-01 1.374990018456969665e-01
4.139825201591134096e-01 2.589686448258383678e-01
4.149441520292684871e-01 3.274440412465153827e-01
4.159057838994235090e-01 2.534076331102781410e-01
4.168674157695784754e-01 7.527226496257100052e-02
4.178290476397335529e-01 1.328641867369455554e-01
4.187906795098885748e-01 1.253373079196187234e-01
4.197523113800436523e-01 1.634016752197595679e-01
4.207139432501986187e-01 1.336553507030231458e-01
4.216755751203536962e-01 2.637392499246331568e-01
4.226372069905086626e-01 3.063557981315732093e-01
4.235988388606636845e-01 2.801216677946953837e-01
4.245604707308187620e-01 2.413519151036638277e-01
4.255221026009737284e-01 2.213972081756168109e-01
4.264837344711288059e-01 1.768032661148026818e-01
4.274453663412838278e-01 2.133851577122030108e-01
4.284069982114387942e-01 2.665133231394456459e-01
4.293686300815938717e-01 3.171213802622325773e-01
4.303302619517488381e-01 2.678429109114084383e-01
4.312918938219039156e-01 3.002100453180673867e-01
4.322535256920589375e-01 1.907232816773820616e-01
4.332151575622139039e-01 3.055056859049400941e-01
4.341767894323689814e-01 3.897248275183002875e-01
4.351384213025240033e-01 1.998468459495015281e-01
4.361000531726790808e-01 2.284277274436767868e-01
4.370616850428340472e-01 1.711018794716849811e-01
4.380233169129891246e-01 1.475955133466122504e-01
4.389849487831440911e-01 2.368067857618498806e-01
4.399465806532991130e-01 6.528650933904245335e-02
4.409082125234541905e-01 1.457899509482558642e-01
4.418698443936091569e-01 1.622563415401963027e-01
4.428314762637642343e-01 1.296075073283589063e-01
4.437931081339192563e-01 1.580780185262327109e-01
4.447547400040742227e-01 1.693924978648801982e-01
4.457163718742293002e-01 2.013318032313229367e-01
4.466780037443842666e-01 2.747307220017702889e-01
4.476396356145393440e-01 3.328165448582360852e-01
4.486012674846943660e-01 3.023297941589042637e-01
4.495628993548493324e-01 2.792801620707159316e-01
4.505245312250044099e-01 1.996105152353990775e-01
4.514861630951594318e-01 2.067109947460110675e-01
4.524477949653145092e-01 1.797489352480710068e-01
4.534094268354694757e-01 1.230347440261496672e-01
4.543710587056245531e-01 2.042147643666893941e-01
4.553326905757795195e-01 2.407534868066001366e-01
4.562943224459345415e-01 1.549929858278069617e-01
4.572559543160896189e-01 2.448838185413997337e-01
4.582175861862445854e-01 3.363686501406704110e-01
4.591792180563996628e-01 2.443055221301193569e-01
4.601408499265546848e-01 1.006695285988783439e-01
4.611024817967096512e-01 1.316419462016007458e-01
4.620641136668647286e-01 6.591129739783951891e-02
4.630257455370196951e-01 1.345266335661214896e-01
4.639873774071747725e-01 2.592908034090903868e-01
4.649490092773297945e-01 2.262980812611203874e-01
4.659106411474847609e-01 2.072742288322935167e-01
4.668722730176398383e-01 2.600904534861889772e-01
4.678339048877948603e-01 3.029146620262181955e-01
4.687955367579499377e-01 2.442984173331801401e-01
4.697571686281049042e-01 2.430086414253693761e-01
4.707188004982599816e-01 2.220045561912407095e-01
4.716804323684149480e-01 2.343801774539429061e-01
4.726420642385699700e-01 2.508680770842275365e-01
4.736036961087250474e-01 2.413499350916445962e-01
4.745653279788800138e-01 2.504224578735581019e-01
4.755269598490350913e-01 1.888803529097380363e-01
4.764885917191901132e-01 1.238878787026536088e-01
4.774502235893450797e-01 2.329106213192666530e-01
4.784118554595001571e-01 2.277186526405401423e-01
4.793734873296551235e-01 2.487155085044889802e-01
4.803351191998102010e-01 1.407394860638007117e-01
4.812967510699652229e-01 1.270270250960834346e-01
4.822583829401201894e-01 1.846899527163010646e-01
4.832200148102752668e-01 1.339224711047819483e-01
4.841816466804302888e-01 1.536579303959229037e-01
4.851432785505853662e-01 1.813598877443105550e-01
4.861049104207403326e-01 1.765524367395912009e-01
4.870665422908954101e-01 2.362177101810694069e-01
4.880281741610503765e-01 3.464585582880985726e-02
4.889898060312053985e-01 2.019363562959028968e-01
4.899514379013604759e-01 3.541963506556555785e-01
4.909130697715154423e-01 3.577539452188744917e-01
4.918747016416705198e-01 2.835046590225687169e-01
4.928363335118255417e-01 2.746347799127129008e-01
4.937979653819805081e-01 3.199917715365394599e-01
4.947595972521355856e-01 2.190275232145459938e-01
4.957212291222905520e-01 2.465707516856703307e-01
4.966828609924456295e-01 1.507875253901360679e-01
4.976444928626006514e-01 8.055092112764583590e-02
4.986061247327556178e-01 1.301229195769408875e-01
4.995677566029106953e-01 1.555634131119809638e-01
5.005293884730657172e-01 2.222123744098389864e-01
5.014910203432207947e-01 2.191550358995328907e-01
5.024526522133757611e-01 2.533638880958442030e-01
5.034142840835308386e-01 2.100233615476021498e-01
5.043759159536858050e-01 2.194320430429748114e-01
5.053375478238407714e-01 1.805414530312781096e-01
5.062991796939958489e-01 1.456974771503531940e-01
5.072608115641509263e-01 7.080961096119864351e-02
5.082224434343060038e-01 1.194575169552862803e-01
5.091840753044609702e-01 2.653679577880119211e-01
5.101457071746159366e-01 2.605963483756532639e-01
5.111073390447710141e-01 1.250988869888445265e-01
5.120689709149259805e-01 1.180700899444744323e-01
5.130306027850810580e-01 2.515353626682816923e-01
5.139922346552360244e-01 3.932663356793284493e-01
5.149538665253911018e-01 3.798407588027323811e-01
5.159154983955461793e-01 1.783337238316491380e-01
5.168771302657011457e-01 1.169306539131795830e-01
5.178387621358562232e-01 9.537394003052668268e-02
5.188003940060111896e-01 1.103895833064001408e-01
5.197620258761662670e-01 2.480405880834766208e-01
5.207236577463212335e-01 1.726569477111858930e-01
5.216852896164761999e-01 2.203069094853233878e-01
5.226469214866312774e-01 1.800667374026332368e-01
5.236085533567863548e-01 2.625245403179619075e-01
5.245701852269414323e-01 2.404138291874957645e-01
5.255318170970963987e-01 2.048859634934530050e-01
5.264934489672513651e-01 1.799937729215024262e-01
5.274550808374064426e-01 2.440521858477069372e-01
5.284167127075614090e-01 1.286760894974534608e-01
5.293783445777164864e-01 3.997017467268904056e-02
5.303399764478714529e-01 1.551495768889168403e-01
5.313016083180265303e-01 1.797585387445401750e-01
5.322632401881816078e-01 2.339403375199005097e-01
5.332248720583365742e-01 1.597652665268114447e-01
5.341865039284916516e-01 1.562479561559833030e-01
5.351481357986466181e-01 1.577956532770272702e-01
5.361097676688016955e-01 6.982007355363251122e-02
5.370713995389566620e-01 1.930183227483972530e-01
5.380330314091116284e-01 1.445265241954452051e-01
5.389946632792667058e-01 9.843069360167788773e-02
5.399562951494217833e-01 0.000000000000000000e+00
5.409179270195768607e-01 9.125060955726738143e-02
5.418795588897318272e-01 2.979832835829441251e-01
5.428411907598867936e-01 2.742135012366091473e-01
5.438028226300418710e-01 1.043405267457409025e-01
5.447644545001968375e-01 1.758075251020336793e-01
5.457260863703519149e-01 3.040565474630767540e-01
5.466877182405068814e-01 2.389880469197969148e-01
5.476493501106619588e-01 2.094041926364056394e-01
5.486109819808170363e-01 2.129005065768616589e-01
5.495726138509720027e-01 1.714067689241787207e-01
5.505342457211270801e-01 1.834432482932868425e-01
5.514958775912820466e-01 1.845796015671297141e-01
5.524575094614371240e-01 1.265897070682378001e-01
5.534191413315920904e-01 3.207983210136617913e-01
5.543807732017470569e-01 1.766696872687028019e-01
5.553424050719021343e-01 1.267488689159321780e-01
5.563040369420572118e-01 1.468516830643622484e-01
5.572656688122122892e-01 2.597267806467158380e-01
5.582273006823672556e-01 2.470797616214710501e-01
5.591889325525222221e-01 2.445001154948194255e-01
5.601505644226772995e-01 2.196480101367725979e-01
5.611121962928322660e-01 2.958581898661769571e-01
5.620738281629873434e-01 3.208306368065372283e-01
5.630354600331423098e-01 3.165762124480089312e-01
5.639970919032973873e-01 2.443127983478241561e-01
5.649587237734524647e-01 1.358407885530610315e-01
5.659203556436074312e-01 1.402830041966751651e-01
5.668819875137625086e-01 1.329561261437746111e-01
5.678436193839174750e-01 1.075835735494443668e-01
5.688052512540725525e-01 1.719294863171683119e-01
5.697668831242275189e-01 2.221785262560764806e-01
5.707285149943824853e-01 3.378079445201578324e-01
5.716901468645375628e-01 2.279185844220528168e-01
5.726517787346926402e-01 2.020701945166578639e-01
5.736134106048477177e-01 1.235097170841434888e-01
5.745750424750026841e-01 1.738119706923626495e-01
5.755366743451576506e-01 3.140878487694394039e-01
5.764983062153127280e-01 2.540401030363987900e-01
5.774599380854676944e-01 1.199379921443117780e-01
5.784215699556227719e-01 1.316155660525275550e-01
5.793832018257777383e-01 1.849690543667001918e-01
5.803448336959328158e-01 1.602560396917134256e-01
5.813064655660878932e-01 2.249122470274542707e-01
5.822680974362428596e-01 2.851232654349082907e-01
5.832297293063979371e-01 2.048186065699830749e-01
5.841913611765529035e-01 2.262966322584212264e-01
5.851529930467079810e-01 1.766233932100966797e-01
5.861146249168629474e-01 1.633734242265418857e-01
5.870762567870179138e-01 1.911278707462429338e-01
5.880378886571729913e-01 1.835326752212083079e-01
5.889995205273280687e-01 2.225124435700820413e-01
5.899611523974831462e-01 2.583069816897669568e-01
5.909227842676381126e-01 2.167591187521331619e-01
5.918844161377930790e-01 1.901213347445178670e-01
5.928460480079481565e-01 1.631683867186453085e-01
5.938076798781031229e-01 1.818490743197642701e-01
5.947693117482582004e-01 1.872147189873345496e-01
5.957309436184131668e-01 2.882074715904607842e-01
5.966925754885682442e-01 2.407739172069902622e-01
5.976542073587233217e-01 1.447975095773088583e-01
5.986158392288782881e-01 2.260827320046630007e-01
5.995774710990333656e-01 3.159668294393327415e-01
