# q (1/Angstrom), Intensity (arb)
2.067508526570814575e-02 1.925574954793049187e+01
2.163671713586316769e-02 1.794429023788036659e+01
2.259834900601819310e-02 1.754319690779391294e+01
2.355998087617321851e-02 1.833199228045674545e+01
2.452161274632824739e-02 1.706365082115046050e+01
2.548324461648326933e-02 1.640432947590964119e+01
2.644487648663829821e-02 1.503264779027144726e+01
2.740650835679332709e-02 1.507495385232113705e+01
2.836814022694834903e-02 1.414363751894603638e+01
2.932977209710337443e-02 1.445035674838150186e+01
3.029140396725839637e-02 1.575264081312126763e+01
3.125303583741342178e-02 1.611414421625489979e+01
3.221466770756845066e-02 1.622019219255540889e+01
3.317629957772347260e-02 1.610695942874739472e+01
3.413793144787850148e-02 1.602055931733816507e+01
3.509956331803352342e-02 1.512016149353629402e+01
3.606119518818855230e-02 1.548820880003424705e+01
3.702282705834358117e-02 1.579843862990938419e+01
3.798445892849860311e-02 1.533343832470179890e+01
3.894609079865363199e-02 1.502159810805910212e+01
3.990772266880865393e-02 1.492194758998426707e+01
4.086935453896367587e-02 1.511338131063784118e+01
4.183098640911870475e-02 1.456259692318394627e+01
4.279261827927372669e-02 1.456805130404651294e+01
4.375425014942875557e-02 1.516961206115578165e+01
4.471588201958377751e-02 1.442734966025570742e+01
4.567751388973880639e-02 1.364355472466104402e+01
4.663914575989382832e-02 1.357209841488490909e+01
4.760077763004885720e-02 1.423434033865621373e+01
4.856240950020387914e-02 1.379329416486505977e+01
4.952404137035890108e-02 1.373320798198304615e+01
5.048567324051392302e-02 1.391494599793675846e+01
5.144730511066895190e-02 1.348373448525061136e+01
5.240893698082397384e-02 1.354752057465888271e+01
5.337056885097899578e-02 1.341221531247992971e+01
5.433220072113403160e-02 1.336519985108059672e+01
5.529383259128905354e-02 1.316896365055584539e+01
5.625546446144407547e-02 1.259247390894461560e+01
5.721709633159910435e-02 1.244737220960574930e+01
5.817872820175412629e-02 1.199081226604081252e+01
5.914036007190914823e-02 1.172063218132951334e+01
6.010199194206417017e-02 1.174275871361794898e+01
6.106362381221920599e-02 1.210026382814478296e+01
6.202525568237422793e-02 1.207083976440639361e+01
6.298688755252924987e-02 1.169906300954851375e+01
6.394851942268428568e-02 1.157416653658818007e+01
6.491015129283930762e-02 1.122206368760697259e+01
6.587178316299432956e-02 1.106057764820788236e+01
6.683341503314935150e-02 1.089776886477268292e+01
6.779504690330438732e-02 1.050390808001478860e+01
6.875667877345940926e-02 1.087943514175816162e+01
6.971831064361443120e-02 1.103161108493002018e+01
7.067994251376945314e-02 1.101291417363180969e+01
7.164157438392447508e-02 1.047911567609441619e+01
7.260320625407949702e-02 1.052310892651041385e+01
7.356483812423453283e-02 1.011060598962657053e+01
7.452646999438955477e-02 1.049406678422172234e+01
7.548810186454457671e-02 1.035013761694183998e+01
7.644973373469959865e-02 1.037120088093815440e+01
7.741136560485463447e-02 1.058549274752855496e+01
7.837299747500965641e-02 1.024949522049112360e+01
7.933462934516467835e-02 1.067359645444733474e+01
8.029626121531971417e-02 1.081780479890448987e+01
8.125789308547473611e-02 1.108889494336278858e+01
8.221952495562975805e-02 1.124162861625115184e+01
8.318115682578479386e-02 1.092009750191898476e+01
8.414278869593981580e-02 1.148419729283353519e+01
8.510442056609483774e-02 1.173984925690537651e+01
8.606605243624985968e-02 1.288448295819424416e+01
8.702768430640489550e-02 1.482436406367440185e+01
8.798931617655991744e-02 2.150802800118549740e+01
8.895094804671493938e-02 3.608738181720820393e+01
8.991257991686996132e-02 5.355233482345772700e+01
9.087421178702498326e-02 6.335710794293783010e+01
9.183584365718000520e-02 6.715088998539737020e+01
9.279747552733502713e-02 8.570752666657210739e+01
9.375910739749006295e-02 1.472028763202260961e+02
9.472073926764508489e-02 2.287619777132235583e+02
9.568237113780010683e-02 2.457528168664485975e+02
9.664400300795514265e-02 1.822167304988772685e+02
9.760563487811016459e-02 1.209729035397082839e+02
9.856726674826518653e-02 9.268269710620924684e+01
9.952889861842022234e-02 8.662413567262446179e+01
1.004905304885752443e-01 9.021487811830401427e+01
1.014521623587302801e-01 9.322077890578236747e+01
1.024137942288853020e-01 8.691536451469475821e+01
1.033754260990403240e-01 7.524371854352041566e+01
1.043370579691953459e-01 6.441760564796496169e+01
1.052986898393503817e-01 5.568434226116963259e+01
1.062603217095053898e-01 4.898244013382660000e+01
1.072219535796604256e-01 4.508736865627133739e+01
1.081835854498154614e-01 4.496621393797605037e+01
1.091452173199704695e-01 4.831480652444455615e+01
1.101068491901255053e-01 4.780494346899267555e+01
1.110684810602805411e-01 3.845874680802482004e+01
1.120301129304355492e-01 2.682606415672137956e+01
1.129917448005905850e-01 1.955065302273611039e+01
1.139533766707456208e-01 1.579274648648423707e+01
1.149150085409006289e-01 1.369081306100124706e+01
1.158766404110556647e-01 1.178499205419415574e+01
1.168382722812106728e-01 1.005471736938413940e+01
1.177999041513657086e-01 8.898673878448203567e+00
1.187615360215207305e-01 8.224658728930890561e+00
1.197231678916757525e-01 7.240064484912622333e+00
1.206847997618307744e-01 6.139131632751027468e+00
1.216464316319858102e-01 5.680894573045005558e+00
1.226080635021408183e-01 4.993765211094103762e+00
1.235696953722958541e-01 4.830474017203389536e+00
1.245313272424508899e-01 4.106619039282502825e+00
1.254929591126059119e-01 3.267836292951503907e+00
1.264545909827609338e-01 3.276804437938022119e+00
1.274162228529159557e-01 3.181348536026284535e+00
1.283778547230709777e-01 2.955862891125502045e+00
1.293394865932259996e-01 2.505049386588598992e+00
1.303011184633810493e-01 2.266242366944460684e+00
1.312627503335360435e-01 2.021150044126589052e+00
1.322243822036910932e-01 1.967457914259252760e+00
1.331860140738460874e-01 1.992121570853864654e+00
1.341476459440011371e-01 1.529524565538146419e+00
1.351092778141561590e-01 1.579809283492203065e+00
1.360709096843111809e-01 1.740596297294363382e+00
1.370325415544662029e-01 1.395966523043639995e+00
1.379941734246212526e-01 1.115483537578345619e+00
1.389558052947762468e-01 1.547175722961309674e+00
1.399174371649312965e-01 1.481735590702037086e+00
1.408790690350863184e-01 1.034733971961223631e+00
1.418407009052413403e-01 1.034282536581503820e+00
1.428023327753963623e-01 7.235605350234948219e-01
1.437639646455513842e-01 6.680753383483555297e-01
1.447255965157064062e-01 8.638909779123125077e-01
1.456872283858614281e-01 7.187159913236591535e-01
1.466488602560164778e-01 7.549224085686674357e-01
1.476104921261714720e-01 7.027160664706002535e-01
1.485721239963265217e-01 8.521801054835087541e-01
1.495337558664815436e-01 1.109076848876917154e+00
1.504953877366365655e-01 1.088414522263992268e+00
1.514570196067915875e-01 1.165957019005087858e+00
1.524186514769466094e-01 1.288439739146404861e+00
1.533802833471016314e-01 1.615443592491413227e+00
1.543419152172566811e-01 2.673272359518158225e+00
1.553035470874116752e-01 3.717272296842036639e+00
1.562651789575667249e-01 3.562905898836596918e+00
1.572268108277217469e-01 2.636110038551080947e+00
1.581884426978767688e-01 1.688968982608511027e+00
1.591500745680317908e-01 1.438523416071657124e+00
1.601117064381868405e-01 1.365630070788757422e+00
1.610733383083418346e-01 9.909773139967121836e-01
1.620349701784968843e-01 1.013404028648427158e+00
1.629966020486519063e-01 1.155954403158613530e+00
1.639582339188069282e-01 1.343926982232954259e+00
1.649198657889619501e-01 1.096462308015254905e+00
1.658814976591169721e-01 9.745687033572245639e-01
1.668431295292719940e-01 1.173766152577478294e+00
1.678047613994270160e-01 1.307972494775071937e+00
1.687663932695820379e-01 1.665215287746335093e+00
1.697280251397370598e-01 1.824917783355211043e+00
1.706896570098921095e-01 1.940034211657724939e+00
1.716512888800471037e-01 1.453825990305446680e+00
1.726129207502021534e-01 1.396475122662909740e+00
1.735745526203571754e-01 1.185331664661717355e+00
1.745361844905121973e-01 1.066879699086111799e+00
1.754978163606672192e-01 1.585135858543861076e+00
1.764594482308222689e-01 1.735945660791845313e+00
1.774210801009772631e-01 1.797233657029604359e+00
1.783827119711323128e-01 2.153045829171432501e+00
1.793443438412873348e-01 3.063072149751803863e+00
1.803059757114423567e-01 4.844160236511111606e+00
1.812676075815973786e-01 7.886111819052612049e+00
1.822292394517524006e-01 1.039644385856301412e+01
1.831908713219074225e-01 1.044331468127450435e+01
1.841525031920624444e-01 7.769995333370491863e+00
1.851141350622174664e-01 5.613225028118595361e+00
1.860757669323724883e-01 4.411856004766622874e+00
1.870373988025275380e-01 3.422994779269906473e+00
1.879990306726825322e-01 3.341032132107816466e+00
1.889606625428375819e-01 3.690205289171782255e+00
1.899222944129926038e-01 3.717862972181649184e+00
1.908839262831476258e-01 3.259272223854374317e+00
1.918455581533026477e-01 2.797520767427283062e+00
1.928071900234576974e-01 2.129313000263827860e+00
1.937688218936126916e-01 1.983245011225051257e+00
1.947304537637677413e-01 1.870465111999124019e+00
1.956920856339227632e-01 1.401838592086161128e+00
1.966537175040777852e-01 1.214391782398951847e+00
1.976153493742328071e-01 1.161715746544317085e+00
1.985769812443878291e-01 1.372006077622817344e+00
1.995386131145428510e-01 1.400320992768232742e+00
2.005002449846978729e-01 1.349340913953192000e+00
2.014618768548528949e-01 1.215267489157717762e+00
2.024235087250079168e-01 1.061161924643730714e+00
2.033851405951629665e-01 8.866205026396194455e-01
2.043467724653179884e-01 9.719573100734528737e-01
2.053084043354730381e-01 1.058539937161405931e+00
2.062700362056280046e-01 8.137532607055248945e-01
2.072316680757830543e-01 8.525509932753863040e-01
2.081932999459380762e-01 9.004065496439821459e-01
2.091549318160931259e-01 8.907802954104333537e-01
2.101165636862481478e-01 9.267827129939050224e-01
2.110781955564031698e-01 9.139266764307301116e-01
2.120398274265581640e-01 7.431189161759554906e-01
2.130014592967132137e-01 5.359593735770502576e-01
2.139630911668682356e-01 6.421870008630037319e-01
2.149247230370232575e-01 6.050391085568875837e-01
2.158863549071783072e-01 6.385189942703846100e-01
2.168479867773333014e-01 6.198623494013517643e-01
2.178096186474883234e-01 6.554206813240313068e-01
2.187712505176433453e-01 8.002929492097337061e-01
2.197328823877983950e-01 7.987830785939458167e-01
2.206945142579534169e-01 6.521299237600359788e-01
2.216561461281084666e-01 6.683712850352350188e-01
2.226177779982634330e-01 9.574758052777738726e-01
2.235794098684184827e-01 8.620731188330061912e-01
2.245410417385735047e-01 5.440227753436772673e-01
2.255026736087285544e-01 4.817966098839363553e-01
2.264643054788835763e-01 5.593131644974924654e-01
2.274259373490385983e-01 4.870904937937652335e-01
2.283875692191935924e-01 2.912734123700424504e-01
2.293492010893486421e-01 2.886401109198146742e-01
2.303108329595036641e-01 6.911422889251745971e-01
2.312724648296586860e-01 5.389272434840108872e-01
2.322340966998137357e-01 3.242052713028726885e-01
2.331957285699687299e-01 3.337792953712117594e-01
2.341573604401237518e-01 3.957176667005732895e-01
2.351189923102787738e-01 3.502264456760855182e-01
2.360806241804338235e-01 3.724442937179262003e-01
2.370422560505888454e-01 4.137115519636118677e-01
2.380038879207438951e-01 3.896873295487885969e-01
2.389655197908988615e-01 2.121403004725905816e-01
2.399271516610539112e-01 4.558857116610539606e-01
2.408887835312089332e-01 4.771847201913210768e-01
2.418504154013639829e-01 3.066900199791078307e-01
2.428120472715190048e-01 3.124698249668753647e-01
2.437736791416740267e-01 3.635802082494059562e-01
2.447353110118290209e-01 2.948156986356735842e-01
2.456969428819840706e-01 2.302064653404656269e-02
2.466585747521390926e-01 2.226434876508704974e-01
2.476202066222941145e-01 2.017128103177583398e-01
2.485818384924491642e-01 1.457449405861375169e-01
2.495434703626041584e-01 1.853410380231821364e-01
2.505051022327591803e-01 2.683676286888356799e-01
2.514667341029142023e-01 2.669292387917039377e-01
2.524283659730692242e-01 3.004581957888845523e-01
2.533899978432243016e-01 2.273243801344655424e-01
2.543516297133793236e-01 9.792441426442621832e-02
2.553132615835342900e-01 2.829641110410534566e-01
2.562748934536893120e-01 3.555212160298211188e-01
2.572365253238443894e-01 4.884883068340819534e-01
2.581981571939994113e-01 5.544067940316530496e-01
2.591597890641544333e-01 2.953713625450617997e-01
2.601214209343094552e-01 1.686278611254934390e-01
2.610830528044644772e-01 3.153592205622643974e-01
2.620446846746194991e-01 3.419913701802954620e-01
2.630063165447745210e-01 4.866532331398687461e-01
2.639679484149295430e-01 4.612725487393376511e-01
2.649295802850845649e-01 3.525505739426755270e-01
2.658912121552395869e-01 2.915544120527968630e-01
2.668528440253946088e-01 3.395629766807708450e-01
2.678144758955496307e-01 4.870758649193440704e-01
2.687761077657046527e-01 5.999420024567534426e-01
2.697377396358597301e-01 5.693724183294790464e-01
2.706993715060147521e-01 6.103381545751034309e-01
2.716610033761697185e-01 4.092962591986868404e-01
2.726226352463247404e-01 3.859865029031830375e-01
2.735842671164798179e-01 3.992196349998700100e-01
2.745458989866348398e-01 2.345861468620000778e-01
2.755075308567898618e-01 2.083307591553129612e-01
2.764691627269448837e-01 1.352388331296268120e-01
2.774307945970999056e-01 2.081235454047636324e-01
2.783924264672549276e-01 2.224196681980821211e-01
2.793540583374099495e-01 1.359768033726389547e-01
2.803156902075649715e-01 1.315031184233284023e-01
2.812773220777199934e-01 3.296388390089468601e-01
2.822389539478750153e-01 3.716555531757563813e-01
2.832005858180300373e-01 2.605050086477156412e-01
2.841622176881850592e-01 5.819026953141381853e-01
2.851238495583400812e-01 7.593157839953370569e-01
2.860854814284951586e-01 8.025245156914913025e-01
2.870471132986501805e-01 6.203364304661604933e-01
2.880087451688051470e-01 6.006060191613684651e-01
2.889703770389601689e-01 5.883082427851960006e-01
2.899320089091152464e-01 2.868806032979307474e-01
2.908936407792702683e-01 2.627118924216169660e-01
2.918552726494252902e-01 3.890715393184507320e-01
2.928169045195803122e-01 3.315682124555046073e-01
2.937785363897353341e-01 2.408457390985603297e-01
2.947401682598903561e-01 2.957684304975529699e-01
2.957018001300453780e-01 3.054411224717199502e-01
2.966634320002003999e-01 2.194302523946518590e-01
2.976250638703554219e-01 2.398031598143610665e-01
2.985866957405104993e-01 3.074660847259806928e-01
2.995483276106654658e-01 1.073166536351628508e-01
3.005099594808204877e-01 1.296636471407488500e-01
3.014715913509755651e-01 2.783286879826114557e-01
3.024332232211305871e-01 3.546725755061359564e-01
3.033948550912856090e-01 1.080161298468986786e-01
3.043564869614405755e-01 7.867787251822377925e-02
3.053181188315956529e-01 1.843172662833048037e-01
3.062797507017506748e-01 2.984085622634040647e-01
3.072413825719056968e-01 3.217052759639429382e-01
3.082030144420607187e-01 2.461644040279722390e-01
3.091646463122157407e-01 1.479071734496564261e-01
3.101262781823707626e-01 1.504810817847399562e-01
3.110879100525257845e-01 2.968291454717402189e-01
3.120495419226808065e-01 1.613684067192551197e-01
3.130111737928358284e-01 2.644940728102938010e-01
3.139728056629909059e-01 4.727107592849222328e-02
3.149344375331459278e-01 2.931088030856301430e-01
3.158960694033008942e-01 4.183019873653073262e-01
3.168577012734559162e-01 1.957722996666326765e-01
3.178193331436109936e-01 2.853415564755685807e-01
3.187809650137660156e-01 3.214646533823319885e-01
3.197425968839210375e-01 2.626683345615568044e-01
3.207042287540760039e-01 2.108489306461507340e-01
3.216658606242310814e-01 1.707778150788108462e-01
3.226274924943861033e-01 2.388350037176607543e-01
3.235891243645411253e-01 3.554389899546244180e-01
3.245507562346961472e-01 1.882348540561231687e-01
3.255123881048511691e-01 2.352670178631512954e-01
3.264740199750061911e-01 3.424576626532029877e-01
3.274356518451612130e-01 2.964662157090991457e-01
3.283972837153162350e-01 1.699329518102494774e-01
3.293589155854712569e-01 2.586895404282536504e-01
3.303205474556263344e-01 4.798172815528864987e-01
3.312821793257813563e-01 2.437584858525987386e-01
3.322438111959363227e-01 1.023882320609388330e-01
3.332054430660913447e-01 1.725209291464935291e-01
3.341670749362464221e-01 1.280929869512554831e-01
3.351287068064014441e-01 5.748151948989743687e-02
3.360903386765564660e-01 2.104668866702184005e-01
3.370519705467114324e-01 1.804243726790737412e-01
3.380136024168665099e-01 2.239749614724821924e-01
3.389752342870215318e-01 2.201238529529412347e-01
3.399368661571765537e-01 1.879613595631113299e-01
3.408984980273315757e-01 1.671096556657154508e-01
3.418601298974865976e-01 1.571159103300132642e-01
3.428217617676416196e-01 1.296244759705160732e-01
3.437833936377966415e-01 8.341269797330497227e-02
3.447450255079516634e-01 1.213585855520236123e-01
3.457066573781066854e-01 2.598060446592533879e-01
3.466682892482617628e-01 2.120084030194675506e-01
3.476299211184167848e-01 1.632781984076352444e-01
3.485915529885717512e-01 2.857040819642762131e-01
3.495531848587267731e-01 2.374419110375320940e-01
3.505148167288818506e-01 1.826298659857990003e-01
3.514764485990368725e-01 2.011177031039572682e-01
3.524380804691918945e-01 1.336127933703821213e-01
3.533997123393468609e-01 8.784386013457279319e-02
3.543613442095019384e-01 4.946082132103413187e-02
3.553229760796569603e-01 5.471973700929311235e-02
3.562846079498119822e-01 5.594983937275799235e-02
3.572462398199670042e-01 9.572415729180505650e-02
3.582078716901220261e-01 7.713040654681790897e-02
3.591695035602770480e-01 1.521701110965025805e-01
3.601311354304320700e-01 2.639961951361868842e-01
3.610927673005870919e-01 2.833732432579552096e-01
3.620543991707421139e-01 2.199177176999107530e-01
3.630160310408971913e-01 9.924109282619397732e-02
3.639776629110522133e-01 2.015672812747446585e-01
3.649392947812071797e-01 2.767847435241321818e-01
3.659009266513622016e-01 1.722609465762978687e-01
3.668625585215172791e-01 2.227401195458789118e-01
3.678241903916723010e-01 1.868007817471095677e-01
3.687858222618273230e-01 2.017715733255123212e-01
3.697474541319822894e-01 1.404893497150787596e-01
3.707090860021373668e-01 1.601355451301671451e-01
3.716707178722923888e-01 1.925437190594863068e-01
3.726323497424474107e-01 1.627028737678237746e-01
3.735939816126024327e-01 2.360755017702764746e-01
3.745556134827574546e-01 2.550381079024006681e-01
3.755172453529124765e-01 1.813942596516113781e-01
3.764788772230674985e-01 1.986223301106555539e-01
3.774405090932225204e-01 3.314420513119529232e-01
3.784021409633775423e-01 1.594910769500188508e-01
3.793637728335326198e-01 2.716535854185408994e-01
3.803254047036876417e-01 3.579210293772483453e-01
3.812870365738426082e-01 2.873430857960030949e-01
3.822486684439976301e-01 3.177320624364803336e-01
3.832103003141527076e-01 3.627792670785723317e-01
3.841719321843077295e-01 1.363336366438723246e-01
3.851335640544627514e-01 2.401012739932468776e-01
3.860951959246177734e-01 2.951937818723173734e-01
3.870568277947727953e-01 1.954628345676105994e-01
3.880184596649278173e-01 2.243558344699323470e-01
3.889800915350828392e-01 3.160899313747620454e-01
3.899417234052378611e-01 3.330607026492167222e-01
3.909033552753928831e-01 1.680570424570824173e-01
3.918649871455479050e-01 5.182225066664969404e-02
3.928266190157029270e-01 2.650207930928978328e-01
3.937882508858579489e-01 1.696459694402783214e-01
3.947498827560129708e-01 1.449493270337036677e-01
3.957115146261680483e-01 1.405420713746572403e-01
3.966731464963230702e-01 2.326031642598493931e-01
3.976347783664780366e-01 3.035993686561155869e-01
3.985964102366330586e-01 2.662544631013510354e-01
3.995580421067881360e-01 2.077948659576129842e-01
4.005196739769430470e-01 3.012997078653043559e-01
4.014813058470981244e-01 3.182121047207111530e-01
4.024429377172531463e-01 1.670322572334441702e-01
4.034045695874082238e-01 2.308968328155849292e-01
4.043662014575631902e-01 2.623478577463558281e-01
4.053278333277181567e-01 2.539774140747539377e-01
4.062894651978732341e-01 1.732299206496676902e-01
4.072510970680282560e-01 4.956015693701942837e-02
4.082127289381833335e-01 2.589577693610891629e-01
4.091743608083382999e-01 1.815784090991492405e-01
4.101359926784933774e-01 7.977476281746476161e-02
4.110976245486483993e-01 1.096546080670961487e-01
4.120592564188033657e-01 1.547616688475770275e-01
4.130208882889584432e-01 1.435706859922234457e-01
4.139825201591134096e-01 4.814236670710414501e-02
4.149441520292684871e-01 1.867279286318073162e-01
4.159057838994235090e-01 2.798311554228263276e-01
4.168674157695784754e-01 1.649036023491987635e-01
4.178290476397335529e-01 1.097766879369004300e-01
4.187906795098885748e-01 1.866456878512146034e-01
4.197523113800436523e-01 1.636178405717139128e-01
4.207139432501986187e-01 1.607576505695966773e-01
4.216755751203536962e-01 1.660759923577437291e-01
4.226372069905086626e-01 1.506489450812864561e-01
4.235988388606636845e-01 3.039626883005190905e-01
4.245604707308187620e-01 4.197605697082096299e-01
4.255221026009737284e-01 2.706963893723575154e-01
4.264837344711288059e-01 3.155394395085373560e-01
4.274453663412838278e-01 2.566530355214986514e-01
4.284069982114387942e-01 5.181599161273808818e-02
4.293686300815938717e-01 3.837620432161870099e-02
4.303302619517488381e-01 3.066376289540393429e-01
4.312918938219039156e-01 4.045814053353566919e-01
4.322535256920589375e-01 3.408187369423920643e-01
4.332151575622139039e-01 2.029050293696705864e-01
4.341767894323689814e-01 1.552765761184460303e-02
4.351384213025240033e-01 4.600231359005491072e-02
4.361000531726790808e-01 1.251570261738272904e-01
4.370616850428340472e-01 2.237974088692986641e-01
4.380233169129891246e-01 3.060393236175436016e-01
4.389849487831440911e-01 3.290567382570799282e-01
4.399465806532991130e-01 1.503120204440691055e-01
4.409082125234541905e-01 1.265757275038907892e-01
4.418698443936091569e-01 6.518100738878729317e-02
4.428314762637642343e-01 1.362051226448137697e-01
4.437931081339192563e-01 9.290162960265391234e-02
4.447547400040742227e-01 3.323646101886978954e-02
4.457163718742293002e-01 1.205515220690038802e-01
4.466780037443842666e-01 1.889402005563702858e-01
4.476396356145393440e-01 1.404477776859778260e-01
4.486012674846943660e-01 2.061394383497230365e-01
4.495628993548493324e-01 1.285682191169641442e-01
4.505245312250044099e-01 2.813419992612153919e-02
4.514861630951594318e-01 8.547054615366533881e-03
4.524477949653145092e-01 1.021270118038870578e-01
4.534094268354694757e-01 2.286315286672717662e-01
4.543710587056245531e-01 1.527261886524087231e-01
4.553326905757795195e-01 2.144211426599156312e-01
4.562943224459345415e-01 1.670938289077952277e-01
4.572559543160896189e-01 7.262563078196038191e-02
4.582175861862445854e-01 9.992100957477134671e-02
4.591792180563996628e-01 8.260613105242953225e-02
4.601408499265546848e-01 1.685550214145123959e-01
4.611024817967096512e-01 1.365046582918800766e-01
4.620641136668647286e-01 2.257202417391255267e-01
4.630257455370196951e-01 2.946087072570726662e-01
4.639873774071747725e-01 2.206815615309416501e-01
4.649490092773297945e-01 1.438170510595142559e-01
4.659106411474847609e-01 1.274530603294081743e-01
4.668722730176398383e-01 2.783830599555798813e-01
4.678339048877948603e-01 1.875059892568593511e-01
4.687955367579499377e-01 2.086455449497073289e-01
4.697571686281049042e-01 9.685361941917847162e-02
4.707188004982599816e-01 5.511192279404042438e-02
4.716804323684149480e-01 1.562314154139130551e-01
4.726420642385699700e-01 1.383146305639364471e-01
4.736036961087250474e-01 1.561033375170204351e-01
4.745653279788800138e-01 2.566707176090154974e-01
4.755269598490350913e-01 1.363332758275568324e-01
4.764885917191901132e-01 1.010619552840772428e-01
4.774502235893450797e-01 8.761349731014433928e-02
4.784118554595001571e-01 1.755695779119754718e-01
4.793734873296551235e-01 1.979657175935578550e-01
4.803351191998102010e-01 2.160942577202611403e-01
4.812967510699652229e-01 1.467647997908763102e-01
4.822583829401201894e-01 2.431158655248601974e-01
4.832200148102752668e-01 1.691428717678320481e-01
4.841816466804302888e-01 1.828736451519787920e-01
4.851432785505853662e-01 2.453668759790055276e-01
4.861049104207403326e-01 9.882518584649702120e-02
4.870665422908954101e-01 5.166536157185674938e-02
4.880281741610503765e-01 1.078772859609351542e-01
4.889898060312053985e-01 1.464537006258801455e-01
4.899514379013604759e-01 1.468310421756235939e-01
4.909130697715154423e-01 1.048402291363252914e-01
4.918747016416705198e-01 0.000000000000000000e+00
4.928363335118255417e-01 5.408228797780267882e-02
4.937979653819805081e-01 7.355569808508732876e-02
4.947595972521355856e-01 9.288101179262753249e-02
4.957212291222905520e-01 9.507296033635981303e-02
4.966828609924456295e-01 1.891302435511974522e-01
4.976444928626006514e-01 2.479763798642053985e-01
4.986061247327556178e-01 1.737586642214381527e-01
4.995677566029106953e-01 2.818466650542568175e-01
5.005293884730657172e-01 2.070734728975267558e-01
5.014910203432207947e-01 2.247683412582333062e-01
5.024526522133757611e-01 3.120257642594737035e-01
5.034142840835308386e-01 2.978488016440152819e-01
5.043759159536858050e-01 2.166004604883049467e-01
5.053375478238407714e-01 1.948844843023849194e-01
5.062991796939958489e-01 2.978689398942577782e-01
5.072608115641509263e-01 2.210341216996951630e-01
5.082224434343060038e-01 2.819148879933699448e-01
5.091840753044609702e-01 2.579934177618419255e-01
5.101457071746159366e-01 2.291828174278798258e-01
5.111073390447710141e-01 1.702011777714886875e-01
5.120689709149259805e-01 2.278508533166032635e-01
5.130306027850810580e-01 2.278780175742767256e-01
5.139922346552360244e-01 2.424471810734161181e-01
5.149538665253911018e-01 1.010192880683185024e-01
5.159154983955461793e-01 6.805033985112984851e-02
5.168771302657011457e-01 9.724695567037144883e-04
5.178387621358562232e-01 4.013249191129375504e-02
5.188003940060111896e-01 8.317005598970084179e-02
5.197620258761662670e-01 2.090761478173881471e-01
5.207236577463212335e-01 2.019050644469331246e-01
5.216852896164761999e-01 9.616574827956370086e-02
5.226469214866312774e-01 1.596677491247753267e-01
5.236085533567863548e-01 1.128027658292900526e-01
5.245701852269414323e-01 1.981853771216144366e-01
5.255318170970963987e-01 3.068131072288338146e-02
5.264934489672513651e-01 3.362867602969998870e-03
5.274550808374064426e-01 2.334293849961532885e-01
5.284167127075614090e-01 2.178661606506651083e-01
5.293783445777164864e-01 1.531827658453011054e-01
5.303399764478714529e-01 1.748685765794881775e-01
5.313016083180265303e-01 2.404684940775823065e-01
5.322632401881816078e-01 2.133864028702951998e-01
5.332248720583365742e-01 1.734749532762691615e-01
5.341865039284916516e-01 2.109897029389422585e-01
5.351481357986466181e-01 1.570377560756703872e-01
5.361097676688016955e-01 1.032344516072321028e-01
5.370713995389566620e-01 2.655943290954212443e-01
5.380330314091116284e-01 2.408179459944186362e-01
5.389946632792667058e-01 2.309241139213327187e-01
5.399562951494217833e-01 2.397113271714665927e-01
5.409179270195768607e-01 1.565660612607082669e-01
5.418795588897318272e-01 2.416009667555307772e-01
5.428411907598867936e-01 7.193091344072044535e-02
5.438028226300418710e-01 2.050684574743755206e-01
5.447644545001968375e-01 3.497433693094293972e-01
5.457260863703519149e-01 3.605180570943211649e-01
5.466877182405068814e-01 2.399237546880286231e-01
5.476493501106619588e-01 2.977581518258425319e-01
5.486109819808170363e-01 3.021582050930007313e-01
5.495726138509720027e-01 1.758152687958407512e-01
5.505342457211270801e-01 1.898152586553329968e-01
5.514958775912820466e-01 1.799865559186208941e-01
5.524575094614371240e-01 2.333546464818923027e-01
5.534191413315920904e-01 1.962538783235281414e-01
5.543807732017470569e-01 2.202124682541288792e-01
5.553424050719021343e-01 2.585996805011276933e-01
5.563040369420572118e-01 1.224384515792920070e-01
5.572656688122122892e-01 2.106854858917586171e-01
5.582273006823672556e-01 2.351043869091284932e-01
5.591889325525222221e-01 1.543006590978315273e-01
5.601505644226772995e-01 1.881517600010873537e-01
5.611121962928322660e-01 1.293707998713067298e-01
5.620738281629873434e-01 9.782041181718525991e-02
5.630354600331423098e-01 1.089223898831299664e-01
5.639970919032973873e-01 1.177565119846875064e-01
5.649587237734524647e-01 9.405414811412882159e-02
5.659203556436074312e-01 1.463741161491896037e-01
5.668819875137625086e-01 1.871386666684387023e-01
5.678436193839174750e-01 1.999183598292653130e-01
5.688052512540725525e-01 2.604093036023229502e-01
5.697668831242275189e-01 2.020610988296738242e-01
5.707285149943824853e-01 2.281416721006053194e-01
5.716901468645375628e-01 2.063295517714358596e-01
5.726517787346926402e-01 2.402558063694577584e-01
5.736134106048477177e-01 2.896004474396782769e-01
5.745750424750026841e-01 3.911315411126494723e-01
5.755366743451576506e-01 3.708994411790911272e-01
5.764983062153127280e-01 2.728669785797883662e-01
5.774599380854676944e-01 2.538217664897501891e-02
5.784215699556227719e-01 8.291006358913222130e-02
5.793832018257777383e-01 4.861449361658642943e-02
5.803448336959328158e-01 8.097456300354366476e-02
5.813064655660878932e-01 6.944520186921820937e-02
5.822680974362428596e-01 1.636086203439504061e-01
5.832297293063979371e-01 2.450986999486524098e-01
5.841913611765529035e-01 2.090657553743149322e-01
5.851529930467079810e-01 1.275307883199872094e-01
5.861146249168629474e-01 1.339291031129477005e-01
5.870762567870179138e-01 2.298119184279023841e-01
5.880378886571729913e-01 1.635606150770740896e-01
5.889995205273280687e-01 1.578985974689572913e-01
5.899611523974831462e-01 2.169512227837202545e-01
5.909227842676381126e-01 2.307254761399235576e-01
5.918844161377930790e-01 2.680118802117092969e-02
5.928460480079481565e-01 1.262194460504737492e-01
5.938076798781031229e-01 3.137848810840218050e-01
5.947693117482582004e-01 3.335957253693280222e-01
5.957309436184131668e-01 2.866063006746806252e-01
5.966925754885682442e-01 2.962985183080633078e-01
5.976542073587233217e-01 3.370493082057954837e-01
5.986158392288782881e-01 2.872928457183689943e-01
5.995774710990333656e-01 2.487693944083702036e-01
