# q (1/Angstrom), Intensity (arb)
2.067508526570814575e-02 2.325139648054744157e+00
2.163671713586316769e-02 2.930059721894096469e+00
2.259834900601819310e-02 2.115777521089256652e+00
2.355998087617321851e-02 9.775867186525033503e-01
2.452161274632824739e-02 9.184240693669352140e-01
2.548324461648326933e-02 9.768594659080207521e-01
2.644487648663829821e-02 1.524025975126249932e+00
2.740650835679332709e-02 9.755486433332620777e-01
2.836814022694834903e-02 3.382463259091537111e-01
2.932977209710337443e-02 0.000000000000000000e+00
3.029140396725839637e-02 3.213842094937504612e-01
3.125303583741342178e-02 1.255780596993737674e+00
3.221466770756845066e-02 1.645352269047531735e+00
3.317629957772347260e-02 1.144002309913826565e+00
3.413793144787850148e-02 1.834673062148013400e+00
3.509956331803352342e-02 1.864016686250799637e+00
3.606119518818855230e-02 2.298022591052699681e+00
3.702282705834358117e-02 2.981237368269070487e+00
3.798445892849860311e-02 3.280122909195196002e+00
3.894609079865363199e-02 3.031561461631131493e+00
3.990772266880865393e-02 2.944278913955205468e+00
4.086935453896367587e-02 2.988700766571103173e+00
4.183098640911870475e-02 2.942594417086048963e+00
4.279261827927372669e-02 3.063363080234509539e+00
4.375425014942875557e-02 2.982696712358414715e+00
4.471588201958377751e-02 3.224658609023151712e+00
4.567751388973880639e-02 3.623960596414629975e+00
4.663914575989382832e-02 3.539825678758017347e+00
4.760077763004885720e-02 2.943492026156874886e+00
4.856240950020387914e-02 2.977439893742154453e+00
4.952404137035890108e-02 3.597520682633444267e+00
5.048567324051392302e-02 3.372853442692612447e+00
5.144730511066895190e-02 3.571783704384294822e+00
5.240893698082397384e-02 3.501072185112978019e+00
5.337056885097899578e-02 3.429661752320612322e+00
5.433220072113403160e-02 2.871219955309030070e+00
5.529383259128905354e-02 3.009386557181656485e+00
5.625546446144407547e-02 2.690326812638193843e+00
5.721709633159910435e-02 2.750049167143291839e+00
5.817872820175412629e-02 3.076284099354339219e+00
5.914036007190914823e-02 3.126175301020957420e+00
6.010199194206417017e-02 3.021129036563511505e+00
6.106362381221920599e-02 2.865362262120033421e+00
6.202525568237422793e-02 2.869772704091229087e+00
6.298688755252924987e-02 2.905631247816288010e+00
6.394851942268428568e-02 3.111753173167304709e+00
6.491015129283930762e-02 3.082615518698073487e+00
6.587178316299432956e-02 3.098102125003467933e+00
6.683341503314935150e-02 3.220534638190688526e+00
6.779504690330438732e-02 3.323547628302623735e+00
6.875667877345940926e-02 3.104210016180633858e+00
6.971831064361443120e-02 2.996789231132172659e+00
7.067994251376945314e-02 3.347815429875488746e+00
7.164157438392447508e-02 2.944318482317097363e+00
7.260320625407949702e-02 3.125662037775629898e+00
7.356483812423453283e-02 2.649692369559883076e+00
7.452646999438955477e-02 2.743546649175737429e+00
7.548810186454457671e-02 2.873299237442882514e+00
7.644973373469959865e-02 2.886135763895456563e+00
7.741136560485463447e-02 2.369577908521065979e+00
7.837299747500965641e-02 2.717884495062385497e+00
7.933462934516467835e-02 2.953540227815025787e+00
8.029626121531971417e-02 2.543826612593271363e+00
8.125789308547473611e-02 2.843073532542689463e+00
8.221952495562975805e-02 2.728358619001909346e+00
8.318115682578479386e-02 2.842547654873960994e+00
8.414278869593981580e-02 2.921506653979388801e+00
8.510442056609483774e-02 3.153030209266393769e+00
8.606605243624985968e-02 2.941450312899089425e+00
8.702768430640489550e-02 2.969661030773323773e+00
8.798931617655991744e-02 3.147908844782790538e+00
8.895094804671493938e-02 3.003382658768408930e+00
8.991257991686996132e-02 3.095585078068289420e+00
9.087421178702498326e-02 3.362833957133442908e+00
9.183584365718000520e-02 3.085616592701473593e+00
9.279747552733502713e-02 2.907751343220187579e+00
9.375910739749006295e-02 2.762016625033908213e+00
9.472073926764508489e-02 2.434868686618933964e+00
9.568237113780010683e-02 2.749279495254359773e+00
9.664400300795514265e-02 2.650726800358686575e+00
9.760563487811016459e-02 2.897563099709344669e+00
9.856726674826518653e-02 3.174821055814948778e+00
9.952889861842022234e-02 2.747351964904474642e+00
1.004905304885752443e-01 2.657456684568533234e+00
1.014521623587302801e-01 2.576831967982659677e+00
1.024137942288853020e-01 2.819109529660689617e+00
1.033754260990403240e-01 2.896519664013535333e+00
1.043370579691953459e-01 2.965888608172814855e+00
1.052986898393503817e-01 2.918234646914275032e+00
1.062603217095053898e-01 2.809203677551884937e+00
1.072219535796604256e-01 2.902530064714618163e+00
1.081835854498154614e-01 2.992638261694619217e+00
1.091452173199704695e-01 2.862154338264772946e+00
1.101068491901255053e-01 2.755190468193770670e+00
1.110684810602805411e-01 2.950346926005966708e+00
1.120301129304355492e-01 3.004625290566409035e+00
1.129917448005905850e-01 2.775543682790598154e+00
1.139533766707456208e-01 2.748015060424158662e+00
1.149150085409006289e-01 2.780441050037801176e+00
1.158766404110556647e-01 2.707080119431864773e+00
1.168382722812106728e-01 2.647013222723877846e+00
1.177999041513657086e-01 2.585959262964721006e+00
1.187615360215207305e-01 2.318214273649715551e+00
1.197231678916757525e-01 2.748661144947202928e+00
1.206847997618307744e-01 2.785780309983884706e+00
1.216464316319858102e-01 3.030202225255131054e+00
1.226080635021408183e-01 3.113134194001425215e+00
1.235696953722958541e-01 2.773813668417393075e+00
1.245313272424508899e-01 2.680685795895179524e+00
1.254929591126059119e-01 2.738259224647777046e+00
1.264545909827609338e-01 2.958326784351310579e+00
1.274162228529159557e-01 2.766725943816215505e+00
1.283778547230709777e-01 2.482510590170797116e+00
1.293394865932259996e-01 2.741165105753267994e+00
1.303011184633810493e-01 3.012226661749384249e+00
1.312627503335360435e-01 2.825590920298772346e+00
1.322243822036910932e-01 2.759766865726383855e+00
1.331860140738460874e-01 2.849638059383821087e+00
1.341476459440011371e-01 2.903120746048884371e+00
1.351092778141561590e-01 2.873682271245996844e+00
1.360709096843111809e-01 2.803039538075246639e+00
1.370325415544662029e-01 2.881653049921627741e+00
1.379941734246212526e-01 2.951478930454502603e+00
1.389558052947762468e-01 2.795992928426034752e+00
1.399174371649312965e-01 2.481694571342050182e+00
1.408790690350863184e-01 2.673939634793889297e+00
1.418407009052413403e-01 2.893897379748484155e+00
1.428023327753963623e-01 2.871409950686000911e+00
1.437639646455513842e-01 2.771494528857679995e+00
1.447255965157064062e-01 2.899976795470458057e+00
1.456872283858614281e-01 2.910555960643602447e+00
1.466488602560164778e-01 3.010182937965904415e+00
1.476104921261714720e-01 2.627786225503498940e+00
1.485721239963265217e-01 2.597812571517074787e+00
1.495337558664815436e-01 2.974131851226065493e+00
1.504953877366365655e-01 2.772132677184366401e+00
1.514570196067915875e-01 2.859801342483002884e+00
1.524186514769466094e-01 2.906859168245631508e+00
1.533802833471016314e-01 2.967397576936750880e+00
1.543419152172566811e-01 2.678394229953557470e+00
1.553035470874116752e-01 2.513786585811050855e+00
1.562651789575667249e-01 2.453400162511499616e+00
1.572268108277217469e-01 2.678039718146226988e+00
1.581884426978767688e-01 2.717008271971103284e+00
1.591500745680317908e-01 2.730394897047844438e+00
1.601117064381868405e-01 2.653780745934259500e+00
1.610733383083418346e-01 2.629660311076499113e+00
1.620349701784968843e-01 2.716809654104078930e+00
1.629966020486519063e-01 2.773712929991905440e+00
1.639582339188069282e-01 2.823933150148075555e+00
1.649198657889619501e-01 2.872133563850184146e+00
1.658814976591169721e-01 2.784619937022615233e+00
1.668431295292719940e-01 2.638140714529335185e+00
1.678047613994270160e-01 2.717043527688407067e+00
1.687663932695820379e-01 2.676585857649175892e+00
1.697280251397370598e-01 2.760779705807888007e+00
1.706896570098921095e-01 2.671775977627042664e+00
1.716512888800471037e-01 2.695863037724674172e+00
1.726129207502021534e-01 2.655942316774300593e+00
1.735745526203571754e-01 2.619510149525620335e+00
1.745361844905121973e-01 2.649990139525822741e+00
1.754978163606672192e-01 2.497502140357880762e+00
1.764594482308222689e-01 2.368702124711969503e+00
1.774210801009772631e-01 2.550126328539882081e+00
1.783827119711323128e-01 2.622588256119279038e+00
1.793443438412873348e-01 2.519153933647732657e+00
1.803059757114423567e-01 2.565736387423854126e+00
1.812676075815973786e-01 2.759658710569819817e+00
1.822292394517524006e-01 2.609892357434670629e+00
1.831908713219074225e-01 2.316212359910029051e+00
1.841525031920624444e-01 2.362723926218329495e+00
1.851141350622174664e-01 2.610465841228684525e+00
1.860757669323724883e-01 2.594007826246297554e+00
1.870373988025275380e-01 2.670851366903967516e+00
1.879990306726825322e-01 2.653394883428639162e+00
1.889606625428375819e-01 2.729163288962894285e+00
1.899222944129926038e-01 2.714214449166384213e+00
1.908839262831476258e-01 2.569081712566671172e+00
1.918455581533026477e-01 2.563609462876133449e+00
1.928071900234576974e-01 2.558328047946194062e+00
1.937688218936126916e-01 2.564257691367107128e+00
1.947304537637677413e-01 2.480662724199483193e+00
1.956920856339227632e-01 2.629433464940799325e+00
1.966537175040777852e-01 2.736388369281055333e+00
1.976153493742328071e-01 2.597295507495609002e+00
1.985769812443878291e-01 2.614232709530977417e+00
1.995386131145428510e-01 2.735482800039154228e+00
2.005002449846978729e-01 2.671353322454347534e+00
2.014618768548528949e-01 2.654552937159277093e+00
2.024235087250079168e-01 2.721635423327175118e+00
2.033851405951629665e-01 2.892951086949825168e+00
2.043467724653179884e-01 2.771763844199696791e+00
2.053084043354730381e-01 2.490906583013469344e+00
2.062700362056280046e-01 2.645049463940935652e+00
2.072316680757830543e-01 2.709631824613950357e+00
2.081932999459380762e-01 2.678920534992656144e+00
2.091549318160931259e-01 2.626404272660618489e+00
2.101165636862481478e-01 2.562154480474106322e+00
2.110781955564031698e-01 2.768471742400155478e+00
2.120398274265581640e-01 2.767662013480425287e+00
2.130014592967132137e-01 2.532534256756129309e+00
2.139630911668682356e-01 2.588007399402986408e+00
2.149247230370232575e-01 2.686203887708561666e+00
2.158863549071783072e-01 2.779417338498163303e+00
2.168479867773333014e-01 2.909089991323096314e+00
2.178096186474883234e-01 2.907788889827688905e+00
2.187712505176433453e-01 2.647351453750264483e+00
2.197328823877983950e-01 2.681723208653785662e+00
2.206945142579534169e-01 2.580355175031247228e+00
2.216561461281084666e-01 2.581941233706807282e+00
2.226177779982634330e-01 2.722370758169358140e+00
2.235794098684184827e-01 2.913965107146644584e+00
2.245410417385735047e-01 2.784158207576432176e+00
2.255026736087285544e-01 2.874795814478499523e+00
2.264643054788835763e-01 2.712153491527075744e+00
2.274259373490385983e-01 2.680890330278714373e+00
2.283875692191935924e-01 2.623769687123829186e+00
2.293492010893486421e-01 2.653499292999292436e+00
2.303108329595036641e-01 2.710630031617036195e+00
2.312724648296586860e-01 2.716025095194741112e+00
2.322340966998137357e-01 2.807039767897428817e+00
2.331957285699687299e-01 2.672055618794903609e+00
2.341573604401237518e-01 2.513844530479900641e+00
2.351189923102787738e-01 2.779393831786176605e+00
2.360806241804338235e-01 2.724537128891455495e+00
2.370422560505888454e-01 2.799828329822769746e+00
2.380038879207438951e-01 2.609894933787650473e+00
2.389655197908988615e-01 2.562452768020104799e+00
2.399271516610539112e-01 2.838615809482348595e+00
2.408887835312089332e-01 2.771517229445837671e+00
2.418504154013639829e-01 2.691671205727448779e+00
2.428120472715190048e-01 2.824162644621722507e+00
2.437736791416740267e-01 2.722403222664436129e+00
2.447353110118290209e-01 2.790014405578549628e+00
2.456969428819840706e-01 2.711750262687065316e+00
2.466585747521390926e-01 2.574429005281320570e+00
2.476202066222941145e-01 2.847027824797770279e+00
2.485818384924491642e-01 2.778599714454209391e+00
2.495434703626041584e-01 2.787436622660564467e+00
2.505051022327591803e-01 2.589700276195131323e+00
2.514667341029142023e-01 2.531001251349849213e+00
2.524283659730692242e-01 2.664217701464465904e+00
2.533899978432243016e-01 2.682266942629084383e+00
2.543516297133793236e-01 2.696135284739860083e+00
2.553132615835342900e-01 2.669257928545949454e+00
2.562748934536893120e-01 2.829691722469448223e+00
2.572365253238443894e-01 2.775019194297279057e+00
2.581981571939994113e-01 2.782484241631618005e+00
2.591597890641544333e-01 2.626403604727940433e+00
2.601214209343094552e-01 2.829591456117366732e+00
2.610830528044644772e-01 2.920244498490927043e+00
2.620446846746194991e-01 2.678786208716811501e+00
2.630063165447745210e-01 2.669017708318552451e+00
2.639679484149295430e-01 2.633984968893958722e+00
2.649295802850845649e-01 2.877180915614463430e+00
2.658912121552395869e-01 2.804746373071925092e+00
2.668528440253946088e-01 2.727207164254110694e+00
2.678144758955496307e-01 2.702411923890579715e+00
2.687761077657046527e-01 2.527327821432233890e+00
2.697377396358597301e-01 2.637780730973702248e+00
2.706993715060147521e-01 2.814870545774937227e+00
2.716610033761697185e-01 2.775932061456494182e+00
2.726226352463247404e-01 2.623712767977561811e+00
2.735842671164798179e-01 2.680989753400769615e+00
2.745458989866348398e-01 2.673119810285413678e+00
2.755075308567898618e-01 2.588768226518279647e+00
2.764691627269448837e-01 2.698672808596036532e+00
2.774307945970999056e-01 2.722224685165066660e+00
2.783924264672549276e-01 2.932855948437442350e+00
2.793540583374099495e-01 2.846791012742517779e+00
2.803156902075649715e-01 2.747292072583032763e+00
2.812773220777199934e-01 2.724361073774865361e+00
2.822389539478750153e-01 2.736104550747107567e+00
2.832005858180300373e-01 2.739358680917206357e+00
2.841622176881850592e-01 2.900011165948438219e+00
2.851238495583400812e-01 3.032296820034908080e+00
2.860854814284951586e-01 2.907311528028998282e+00
2.870471132986501805e-01 2.702629950126777203e+00
2.880087451688051470e-01 2.609629490969766152e+00
2.889703770389601689e-01 2.456708526864989750e+00
2.899320089091152464e-01 2.639209509172470547e+00
2.908936407792702683e-01 2.881034543364016542e+00
2.918552726494252902e-01 2.667819290983317160e+00
2.928169045195803122e-01 2.669064986448692167e+00
2.937785363897353341e-01 2.669119234552717046e+00
2.947401682598903561e-01 2.834237134136589731e+00
2.957018001300453780e-01 2.793025485480825409e+00
2.966634320002003999e-01 2.563283608007065340e+00
2.976250638703554219e-01 2.865494334548117195e+00
2.985866957405104993e-01 2.820029366685471217e+00
2.995483276106654658e-01 2.616513651349801961e+00
3.005099594808204877e-01 2.639846431171910979e+00
3.014715913509755651e-01 2.569963142303073766e+00
3.024332232211305871e-01 2.826880692952265406e+00
3.033948550912856090e-01 2.701095028704664003e+00
3.043564869614405755e-01 2.799271713084738877e+00
3.053181188315956529e-01 2.855402642551190695e+00
3.062797507017506748e-01 2.871077936815652265e+00
3.072413825719056968e-01 2.705824866080430269e+00
3.082030144420607187e-01 2.814896146681363120e+00
3.091646463122157407e-01 2.692701775495280003e+00
3.101262781823707626e-01 2.673367149966402678e+00
3.110879100525257845e-01 2.757669035118659906e+00
3.120495419226808065e-01 2.674097038152527972e+00
3.130111737928358284e-01 2.685766750898324062e+00
3.139728056629909059e-01 3.067040831700072800e+00
3.149344375331459278e-01 3.022430364640403155e+00
3.158960694033008942e-01 2.926634378974167561e+00
3.168577012734559162e-01 2.934902170608310712e+00
3.178193331436109936e-01 2.865713508711543511e+00
3.187809650137660156e-01 2.775687543747753949e+00
3.197425968839210375e-01 2.693423223980300207e+00
3.207042287540760039e-01 2.722763275053949883e+00
3.216658606242310814e-01 2.673717049799233081e+00
3.226274924943861033e-01 2.681594899834163215e+00
3.235891243645411253e-01 2.657003934996396310e+00
3.245507562346961472e-01 2.733148071686400726e+00
3.255123881048511691e-01 2.580328728193421739e+00
3.264740199750061911e-01 2.744463655978417904e+00
3.274356518451612130e-01 2.776554034032475471e+00
3.283972837153162350e-01 2.739670761043548453e+00
3.293589155854712569e-01 2.813410837239548101e+00
3.303205474556263344e-01 2.729826998625895840e+00
3.312821793257813563e-01 2.916741402124298332e+00
3.322438111959363227e-01 2.929461527546219912e+00
3.332054430660913447e-01 2.800544803736844557e+00
3.341670749362464221e-01 2.763829020892295318e+00
3.351287068064014441e-01 2.690091940982377139e+00
3.360903386765564660e-01 2.715114964546028631e+00
3.370519705467114324e-01 2.749812071472259589e+00
3.380136024168665099e-01 2.900290270691680661e+00
3.389752342870215318e-01 2.861259834451157502e+00
3.399368661571765537e-01 2.770541512301637255e+00
3.408984980273315757e-01 2.789272893490036154e+00
3.418601298974865976e-01 2.862650710671001519e+00
3.428217617676416196e-01 2.745005575773447504e+00
3.437833936377966415e-01 2.735368341691476246e+00
3.447450255079516634e-01 2.860178608168691738e+00
3.457066573781066854e-01 2.814287827941420517e+00
3.466682892482617628e-01 2.856131876136174697e+00
3.476299211184167848e-01 2.813740075136795582e+00
3.485915529885717512e-01 2.792274246736344168e+00
3.495531848587267731e-01 2.737975149160632782e+00
3.505148167288818506e-01 2.805701609553146625e+00
3.514764485990368725e-01 2.872006501173682835e+00
3.524380804691918945e-01 2.889952617933577272e+00
3.533997123393468609e-01 2.763406016854478509e+00
3.543613442095019384e-01 2.725205007976953198e+00
3.553229760796569603e-01 2.921764064557631713e+00
3.562846079498119822e-01 3.071540374539495133e+00
3.572462398199670042e-01 2.952801758006373234e+00
3.582078716901220261e-01 2.906820663161472140e+00
3.591695035602770480e-01 2.705389441075244150e+00
3.601311354304320700e-01 2.664116484301352727e+00
3.610927673005870919e-01 2.859864937389087203e+00
3.620543991707421139e-01 2.858459374121572694e+00
3.630160310408971913e-01 2.823577994297391314e+00
3.639776629110522133e-01 2.815588277579344378e+00
3.649392947812071797e-01 2.799906858788524744e+00
3.659009266513622016e-01 2.861573235615146871e+00
3.668625585215172791e-01 2.739099817854896202e+00
3.678241903916723010e-01 2.825714279034006182e+00
3.687858222618273230e-01 2.899992258820638824e+00
3.697474541319822894e-01 2.817618386590091006e+00
3.707090860021373668e-01 2.768803577709679331e+00
3.716707178722923888e-01 2.773434942374635170e+00
3.726323497424474107e-01 2.855874289790701681e+00
3.735939816126024327e-01 2.835728481718863492e+00
3.745556134827574546e-01 2.720410920855197645e+00
3.755172453529124765e-01 2.744929545497274859e+00
3.764788772230674985e-01 2.845914751689690547e+00
3.774405090932225204e-01 2.909825741568059954e+00
3.784021409633775423e-01 2.817595786840968231e+00
3.793637728335326198e-01 2.747755079861796901e+00
3.803254047036876417e-01 2.861118027405129993e+00
3.812870365738426082e-01 2.838973467904953196e+00
3.822486684439976301e-01 2.821281132747966325e+00
3.832103003141527076e-01 2.839848857834269324e+00
3.841719321843077295e-01 2.845563369701110901e+00
3.851335640544627514e-01 2.862485709758878727e+00
3.860951959246177734e-01 2.949863994295284897e+00
3.870568277947727953e-01 2.923052441253251033e+00
3.880184596649278173e-01 2.933869402334860155e+00
3.889800915350828392e-01 2.847620456050766080e+00
3.899417234052378611e-01 2.858443502819383752e+00
3.909033552753928831e-01 3.010831230538265402e+00
3.918649871455479050e-01 3.024822799647697735e+00
3.928266190157029270e-01 2.956843375740124458e+00
3.937882508858579489e-01 2.927473675902625416e+00
3.947498827560129708e-01 2.883732514853047491e+00
3.957115146261680483e-01 2.800633106380754356e+00
3.966731464963230702e-01 2.883148663807137524e+00
3.976347783664780366e-01 2.803168942123754448e+00
3.985964102366330586e-01 2.816450772718965823e+00
3.995580421067881360e-01 2.848759755961651763e+00
4.005196739769430470e-01 2.911312093709412352e+00
4.014813058470981244e-01 2.835380060131143409e+00
4.024429377172531463e-01 2.786044390954657501e+00
4.034045695874082238e-01 2.872077809512251889e+00
4.043662014575631902e-01 2.811626732535945195e+00
4.053278333277181567e-01 2.848007902628204135e+00
4.062894651978732341e-01 3.013037448564265475e+00
4.072510970680282560e-01 2.978485210822896079e+00
4.082127289381833335e-01 2.947041637311354378e+00
4.091743608083382999e-01 3.026796557758000716e+00
4.101359926784933774e-01 2.972793311200717881e+00
4.110976245486483993e-01 2.931642022243583057e+00
4.120592564188033657e-01 2.881200778369365167e+00
4.130208882889584432e-01 2.805765576300267128e+00
4.139825201591134096e-01 2.870418834282926213e+00
4.149441520292684871e-01 2.934235878648138396e+00
4.159057838994235090e-01 2.851750055416772511e+00
4.168674157695784754e-01 2.749730510109454684e+00
4.178290476397335529e-01 2.797429940053277164e+00
4.187906795098885748e-01 2.901578579451062012e+00
4.197523113800436523e-01 2.993358147787770207e+00
4.207139432501986187e-01 2.992532868328819262e+00
4.216755751203536962e-01 2.954472863122521886e+00
4.226372069905086626e-01 2.858009697878259203e+00
4.235988388606636845e-01 2.774528203601910548e+00
4.245604707308187620e-01 2.824081121292842056e+00
4.255221026009737284e-01 2.722392526558461867e+00
4.264837344711288059e-01 2.758065152150543042e+00
4.274453663412838278e-01 2.773843989578207214e+00
4.284069982114387942e-01 2.812307839371026574e+00
4.293686300815938717e-01 2.862530335103048884e+00
4.303302619517488381e-01 2.914983891262597382e+00
4.312918938219039156e-01 2.820989690731313004e+00
4.322535256920589375e-01 2.696562686313292545e+00
4.332151575622139039e-01 2.811567497960385964e+00
4.341767894323689814e-01 2.775519614215962605e+00
4.351384213025240033e-01 2.746388913247425734e+00
4.361000531726790808e-01 2.917549736056656684e+00
4.370616850428340472e-01 2.943269470149004974e+00
4.380233169129891246e-01 2.823544254409412702e+00
4.389849487831440911e-01 2.797222818075052686e+00
4.399465806532991130e-01 2.744777207419886622e+00
4.409082125234541905e-01 2.747119721027768691e+00
4.418698443936091569e-01 2.709652583655536517e+00
4.428314762637642343e-01 2.692278972340847787e+00
4.437931081339192563e-01 2.722629768574375220e+00
4.447547400040742227e-01 2.761649998598805666e+00
4.457163718742293002e-01 2.848784456115652119e+00
4.466780037443842666e-01 2.949472284430374458e+00
4.476396356145393440e-01 2.822991762968239726e+00
4.486012674846943660e-01 2.807321305996008931e+00
4.495628993548493324e-01 2.909650605203832896e+00
4.505245312250044099e-01 2.972177544740421951e+00
4.514861630951594318e-01 2.846152900637893168e+00
4.524477949653145092e-01 2.742828597640510679e+00
4.534094268354694757e-01 2.836411484587515019e+00
4.543710587056245531e-01 2.771627433156165665e+00
4.553326905757795195e-01 2.774647733331985222e+00
4.562943224459345415e-01 2.746535811684619688e+00
4.572559543160896189e-01 2.800582784471490783e+00
4.582175861862445854e-01 2.912861512107642881e+00
4.591792180563996628e-01 2.919065980398265481e+00
4.601408499265546848e-01 2.842747716593962082e+00
4.611024817967096512e-01 2.707579369928296842e+00
4.620641136668647286e-01 2.781503285520145141e+00
4.630257455370196951e-01 2.880398441798092790e+00
4.639873774071747725e-01 2.830014036833535584e+00
4.649490092773297945e-01 2.836189736640740477e+00
4.659106411474847609e-01 2.769230791760051602e+00
4.668722730176398383e-01 2.912337958200357235e+00
4.678339048877948603e-01 2.842248419686075778e+00
4.687955367579499377e-01 2.794312184415957745e+00
4.697571686281049042e-01 2.884387928591003458e+00
4.707188004982599816e-01 2.886148727481295140e+00
4.716804323684149480e-01 2.863271540847090790e+00
4.726420642385699700e-01 2.830648136011230775e+00
4.736036961087250474e-01 2.786138610656035297e+00
4.745653279788800138e-01 2.818560786444837873e+00
4.755269598490350913e-01 2.738205346342287072e+00
4.764885917191901132e-01 2.745301954761547591e+00
4.774502235893450797e-01 2.769736978969596919e+00
4.784118554595001571e-01 2.818064404713997106e+00
4.793734873296551235e-01 2.752438815310835452e+00
4.803351191998102010e-01 2.840014024683998883e+00
4.812967510699652229e-01 2.838871950008790890e+00
4.822583829401201894e-01 2.793663024550703255e+00
4.832200148102752668e-01 2.784305375996655840e+00
4.841816466804302888e-01 2.764478501566383528e+00
4.851432785505853662e-01 2.827008092649094806e+00
4.861049104207403326e-01 2.933708022876221122e+00
4.870665422908954101e-01 2.875075048529865285e+00
4.880281741610503765e-01 2.768113301080589395e+00
4.889898060312053985e-01 2.746603179054222466e+00
4.899514379013604759e-01 2.631513981267257662e+00
4.909130697715154423e-01 2.613497978854475434e+00
4.918747016416705198e-01 2.725425141806137930e+00
4.928363335118255417e-01 2.755271866933355795e+00
4.937979653819805081e-01 2.687082725355409707e+00
4.947595972521355856e-01 2.752368806409172919e+00
4.957212291222905520e-01 2.836427790428825091e+00
4.966828609924456295e-01 2.805258394155845991e+00
4.976444928626006514e-01 2.746948263939827939e+00
4.986061247327556178e-01 2.779082013808078955e+00
4.995677566029106953e-01 2.773762391555340656e+00
5.005293884730657172e-01 2.769582373880108861e+00
5.014910203432207947e-01 2.848675978087424454e+00
5.024526522133757611e-01 2.740531356278971487e+00
5.034142840835308386e-01 2.728378559803250170e+00
5.043759159536858050e-01 2.817154495355435273e+00
5.053375478238407714e-01 2.874028804681277194e+00
5.062991796939958489e-01 2.756969858747385871e+00
5.072608115641509263e-01 2.764159345170860149e+00
5.082224434343060038e-01 2.742650383085180721e+00
5.091840753044609702e-01 2.747952970545966878e+00
5.101457071746159366e-01 2.743370078348529972e+00
5.111073390447710141e-01 2.742630700701820246e+00
5.120689709149259805e-01 2.748722184035727878e+00
5.130306027850810580e-01 2.707947461290959978e+00
5.139922346552360244e-01 2.657688870438160933e+00
5.149538665253911018e-01 2.684045715264062437e+00
5.159154983955461793e-01 2.791724444884653877e+00
5.168771302657011457e-01 2.885698190949245401e+00
5.178387621358562232e-01 2.880162178440826892e+00
5.188003940060111896e-01 2.825398977070452844e+00
5.197620258761662670e-01 2.877464676909344377e+00
5.207236577463212335e-01 2.912168136243440841e+00
5.216852896164761999e-01 2.889691715178091869e+00
5.226469214866312774e-01 2.927619298767027090e+00
5.236085533567863548e-01 2.961537168398201914e+00
5.245701852269414323e-01 2.887757775485258804e+00
5.255318170970963987e-01 2.758458647251710971e+00
5.264934489672513651e-01 2.705528124092037245e+00
5.274550808374064426e-01 2.761056072186963917e+00
5.284167127075614090e-01 2.788751316815300640e+00
5.293783445777164864e-01 2.813662468072703149e+00
5.303399764478714529e-01 2.786655629339019669e+00
5.313016083180265303e-01 2.791938716699075229e+00
5.322632401881816078e-01 2.814578104109134671e+00
5.332248720583365742e-01 2.765616377769852363e+00
5.341865039284916516e-01 2.787792585534990764e+00
5.351481357986466181e-01 2.682351766277491834e+00
5.361097676688016955e-01 2.722212893476779527e+00
5.370713995389566620e-01 2.720226593036855434e+00
5.380330314091116284e-01 2.769714387386237320e+00
5.389946632792667058e-01 2.788008879157313658e+00
5.399562951494217833e-01 2.830585590679369545e+00
5.409179270195768607e-01 2.827860056125967247e+00
5.418795588897318272e-01 2.828015375016835975e+00
5.428411907598867936e-01 2.815145821672246029e+00
5.438028226300418710e-01 2.876505397397842501e+00
5.447644545001968375e-01 2.865365976802223713e+00
5.457260863703519149e-01 2.806211258391428487e+00
5.466877182405068814e-01 2.769560586377597389e+00
5.476493501106619588e-01 2.781982959545317158e+00
5.486109819808170363e-01 2.758380277997829921e+00
5.495726138509720027e-01 2.809740445726607305e+00
5.505342457211270801e-01 2.986256507162295293e+00
5.514958775912820466e-01 2.833747320930349645e+00
5.524575094614371240e-01 2.768617326821420477e+00
5.534191413315920904e-01 2.745846624955348148e+00
5.543807732017470569e-01 2.738271752226619782e+00
5.553424050719021343e-01 2.767560304119985659e+00
5.563040369420572118e-01 2.817890414126505760e+00
5.572656688122122892e-01 2.788705917531849821e+00
5.582273006823672556e-01 2.744767074064768053e+00
5.591889325525222221e-01 2.792759148069240638e+00
5.601505644226772995e-01 2.852435797187460764e+00
5.611121962928322660e-01 2.830313025626011836e+00
5.620738281629873434e-01 2.817011128526694108e+00
5.630354600331423098e-01 2.862219985432442826e+00
5.639970919032973873e-01 2.744043648370134036e+00
5.649587237734524647e-01 2.613598641011574131e+00
5.659203556436074312e-01 2.773479951734319826e+00
5.668819875137625086e-01 2.753056621489033517e+00
5.678436193839174750e-01 2.789804547239128851e+00
5.688052512540725525e-01 2.675359562039147932e+00
5.697668831242275189e-01 2.712702927204450276e+00
5.707285149943824853e-01 2.819826782085346650e+00
5.716901468645375628e-01 2.832141871726815197e+00
5.726517787346926402e-01 2.773873085840449448e+00
5.736134106048477177e-01 2.727620191619905654e+00
5.745750424750026841e-01 2.805730837635568520e+00
5.755366743451576506e-01 2.820902597206625728e+00
5.764983062153127280e-01 2.783938554981642000e+00
5.774599380854676944e-01 2.752167512944378558e+00
5.784215699556227719e-01 2.822275262302937904e+00
5.793832018257777383e-01 2.896034572802960838e+00
5.803448336959328158e-01 2.686846876335113876e+00
5.813064655660878932e-01 2.642209914443142793e+00
5.822680974362428596e-01 2.789635585894291836e+00
5.832297293063979371e-01 2.700466730606066790e+00
5.841913611765529035e-01 2.623344037545720653e+00
5.851529930467079810e-01 2.697963341742692478e+00
5.861146249168629474e-01 2.733828133686742490e+00
5.870762567870179138e-01 2.725439223211303386e+00
5.880378886571729913e-01 2.703585554925165724e+00
5.889995205273280687e-01 2.673846426742109372e+00
5.899611523974831462e-01 2.760335087801180975e+00
5.909227842676381126e-01 2.708959212857731558e+00
5.918844161377930790e-01 2.674144655156663219e+00
5.928460480079481565e-01 2.605054998549416467e+00
5.938076798781031229e-01 2.625816730373102814e+00
5.947693117482582004e-01 2.639603123692285891e+00
5.957309436184131668e-01 2.569857370431527954e+00
5.966925754885682442e-01 2.389269061321684262e+00
5.976542073587233217e-01 2.459545462636540947e+00
5.986158392288782881e-01 2.529503942423939833e+00
5.995774710990333656e-01 2.515105811937562663e+00
