# q (1/Angstrom), Intensity (arb)
2.067508526570814575e-02 2.270167493671067405e+00
2.163671713586316769e-02 3.255046398061935520e+00
2.259834900601819310e-02 1.469102978597121023e+00
2.355998087617321851e-02 7.724245088372612145e-01
2.452161274632824739e-02 0.000000000000000000e+00
2.548324461648326933e-02 1.843228465388193626e-01
2.644487648663829821e-02 1.242586042843633720e+00
2.740650835679332709e-02 1.915036403704306167e+00
2.836814022694834903e-02 1.701049987421619392e+00
2.932977209710337443e-02 1.635656886541063670e+00
3.029140396725839637e-02 2.413691762995107126e+00
3.125303583741342178e-02 2.265338431209265480e+00
3.221466770756845066e-02 2.351098602004427107e+00
3.317629957772347260e-02 2.766972548390985054e+00
3.413793144787850148e-02 3.548642805771955011e+00
3.509956331803352342e-02 3.359034852917179848e+00
3.606119518818855230e-02 3.359879755186444328e+00
3.702282705834358117e-02 3.240247786335526570e+00
3.798445892849860311e-02 3.420777516656269057e+00
3.894609079865363199e-02 3.891106966371705056e+00
3.990772266880865393e-02 3.663281058968177462e+00
4.086935453896367587e-02 3.330550748466549749e+00
4.183098640911870475e-02 3.383598146994209799e+00
4.279261827927372669e-02 3.789670824306458741e+00
4.375425014942875557e-02 3.701941529690053301e+00
4.471588201958377751e-02 3.665198582597437138e+00
4.567751388973880639e-02 3.233343429300141736e+00
4.663914575989382832e-02 3.826222446453833470e+00
4.760077763004885720e-02 4.251810429984043793e+00
4.856240950020387914e-02 4.144631073916979602e+00
4.952404137035890108e-02 3.588970179696321594e+00
5.048567324051392302e-02 3.438067693385452372e+00
5.144730511066895190e-02 3.199024708405271866e+00
5.240893698082397384e-02 3.478655795655338778e+00
5.337056885097899578e-02 3.620083831062700597e+00
5.433220072113403160e-02 3.485207927829382157e+00
5.529383259128905354e-02 3.356406532571142520e+00
5.625546446144407547e-02 3.384876011273391327e+00
5.721709633159910435e-02 3.832789315313391398e+00
5.817872820175412629e-02 3.788603972949960763e+00
5.914036007190914823e-02 3.661313213938210964e+00
6.010199194206417017e-02 3.536331667190186323e+00
6.106362381221920599e-02 3.632954569012785129e+00
6.202525568237422793e-02 3.325184217931365538e+00
6.298688755252924987e-02 3.177979815003709518e+00
6.394851942268428568e-02 3.435323168261501081e+00
6.491015129283930762e-02 4.200056430513619432e+00
6.587178316299432956e-02 4.087703587907633107e+00
6.683341503314935150e-02 4.148711891578358291e+00
6.779504690330438732e-02 4.098059795745655265e+00
6.875667877345940926e-02 3.702096946844346093e+00
6.971831064361443120e-02 3.908058894357093749e+00
7.067994251376945314e-02 3.896593532511371194e+00
7.164157438392447508e-02 3.748105592845838885e+00
7.260320625407949702e-02 3.346295102992375092e+00
7.356483812423453283e-02 3.697158840527723811e+00
7.452646999438955477e-02 3.567350705181532078e+00
7.548810186454457671e-02 3.339142647671994979e+00
7.644973373469959865e-02 3.640686019917350080e+00
7.741136560485463447e-02 3.582213529580599243e+00
7.837299747500965641e-02 3.663769931782933753e+00
7.933462934516467835e-02 3.753020043890277435e+00
8.029626121531971417e-02 3.711846243995445604e+00
8.125789308547473611e-02 3.285421718196317897e+00
8.221952495562975805e-02 2.919206126350406549e+00
8.318115682578479386e-02 2.896441155621449326e+00
8.414278869593981580e-02 3.524624269233090246e+00
8.510442056609483774e-02 4.051960014432221868e+00
8.606605243624985968e-02 3.835689425700532951e+00
8.702768430640489550e-02 3.829158514485353493e+00
8.798931617655991744e-02 3.287821919985688623e+00
8.895094804671493938e-02 3.375275506856990404e+00
8.991257991686996132e-02 3.821275548932547395e+00
9.087421178702498326e-02 3.703064174386572205e+00
9.183584365718000520e-02 3.733017793650230232e+00
9.279747552733502713e-02 3.715482168104081495e+00
9.375910739749006295e-02 3.695486063181277814e+00
9.472073926764508489e-02 3.507588452609347485e+00
9.568237113780010683e-02 3.350996462311474744e+00
9.664400300795514265e-02 3.226776199733734529e+00
9.760563487811016459e-02 3.635904161449232674e+00
9.856726674826518653e-02 3.717849702325739969e+00
9.952889861842022234e-02 3.360291972117192216e+00
1.004905304885752443e-01 3.061800198044387855e+00
1.014521623587302801e-01 3.260833068636685539e+00
1.024137942288853020e-01 3.395130097351383824e+00
1.033754260990403240e-01 3.326610971021860763e+00
1.043370579691953459e-01 3.382540076662113648e+00
1.052986898393503817e-01 3.390264369056019689e+00
1.062603217095053898e-01 3.355066929229966632e+00
1.072219535796604256e-01 3.462718926686100929e+00
1.081835854498154614e-01 3.240319133287336228e+00
1.091452173199704695e-01 3.030609982475681363e+00
1.101068491901255053e-01 3.218118963917412145e+00
1.110684810602805411e-01 3.117138326270360693e+00
1.120301129304355492e-01 3.078520172405479371e+00
1.129917448005905850e-01 3.302947466784999619e+00
1.139533766707456208e-01 3.285577056417412933e+00
1.149150085409006289e-01 3.292648453902984329e+00
1.158766404110556647e-01 3.172554354510694452e+00
1.168382722812106728e-01 3.448937805427430447e+00
1.177999041513657086e-01 3.536907288345055633e+00
1.187615360215207305e-01 3.473857371295618890e+00
1.197231678916757525e-01 3.459022619409218180e+00
1.206847997618307744e-01 3.260285108835798695e+00
1.216464316319858102e-01 3.219179035764131669e+00
1.226080635021408183e-01 3.217061648122065520e+00
1.235696953722958541e-01 3.126510752970578011e+00
1.245313272424508899e-01 3.429439551509634754e+00
1.254929591126059119e-01 3.367599223109056794e+00
1.264545909827609338e-01 2.987275516150145194e+00
1.274162228529159557e-01 2.950965266348813287e+00
1.283778547230709777e-01 3.225248714141407902e+00
1.293394865932259996e-01 3.448581948092929395e+00
1.303011184633810493e-01 3.301212056160636621e+00
1.312627503335360435e-01 3.363889431232138350e+00
1.322243822036910932e-01 3.079541919622002411e+00
1.331860140738460874e-01 3.004241611454425254e+00
1.341476459440011371e-01 3.170923402803378366e+00
1.351092778141561590e-01 3.227899628450543901e+00
1.360709096843111809e-01 3.075777288132446330e+00
1.370325415544662029e-01 3.130838489421410742e+00
1.379941734246212526e-01 3.173354086658591200e+00
1.389558052947762468e-01 3.253592538948666402e+00
1.399174371649312965e-01 3.084701330584611156e+00
1.408790690350863184e-01 3.165664541022884748e+00
1.418407009052413403e-01 3.157583313612864373e+00
1.428023327753963623e-01 3.275231766212122864e+00
1.437639646455513842e-01 3.389931154673796243e+00
1.447255965157064062e-01 3.289126164588008550e+00
1.456872283858614281e-01 3.494536020884051908e+00
1.466488602560164778e-01 3.323224165127985685e+00
1.476104921261714720e-01 2.923635507165840863e+00
1.485721239963265217e-01 2.956178441659844225e+00
1.495337558664815436e-01 3.044515130638956180e+00
1.504953877366365655e-01 3.187655782189068532e+00
1.514570196067915875e-01 3.207833794233209801e+00
1.524186514769466094e-01 3.185941988009421522e+00
1.533802833471016314e-01 3.250456936245370798e+00
1.543419152172566811e-01 3.265367311516037319e+00
1.553035470874116752e-01 3.323701529932137078e+00
1.562651789575667249e-01 3.138830918197900388e+00
1.572268108277217469e-01 3.094066327375895042e+00
1.581884426978767688e-01 2.861358860720578434e+00
1.591500745680317908e-01 3.127920473233803733e+00
1.601117064381868405e-01 3.169829965363991420e+00
1.610733383083418346e-01 2.830466785308544786e+00
1.620349701784968843e-01 2.930392917111575457e+00
1.629966020486519063e-01 3.078385767909576742e+00
1.639582339188069282e-01 3.082796670170040443e+00
1.649198657889619501e-01 3.119083494324097927e+00
1.658814976591169721e-01 3.142651152838237039e+00
1.668431295292719940e-01 2.970491527476948335e+00
1.678047613994270160e-01 3.092350802617708894e+00
1.687663932695820379e-01 3.263190054070566504e+00
1.697280251397370598e-01 3.056999710555711403e+00
1.706896570098921095e-01 3.013399732424993260e+00
1.716512888800471037e-01 3.242089912704628318e+00
1.726129207502021534e-01 3.107536454892692035e+00
1.735745526203571754e-01 3.098582112922379395e+00
1.745361844905121973e-01 3.239772112873360754e+00
1.754978163606672192e-01 3.112748034193799640e+00
1.764594482308222689e-01 3.018277902049899097e+00
1.774210801009772631e-01 3.254474081325156476e+00
1.783827119711323128e-01 3.331635345570340689e+00
1.793443438412873348e-01 3.165545874674403848e+00
1.803059757114423567e-01 3.087228275247102971e+00
1.812676075815973786e-01 3.024157914955722504e+00
1.822292394517524006e-01 2.983829996981956612e+00
1.831908713219074225e-01 2.924801342292298045e+00
1.841525031920624444e-01 3.031471314344205581e+00
1.851141350622174664e-01 3.060525246987772618e+00
1.860757669323724883e-01 3.028181373293548972e+00
1.870373988025275380e-01 2.961966874788629411e+00
1.879990306726825322e-01 2.969814251760602986e+00
1.889606625428375819e-01 3.040287476206891881e+00
1.899222944129926038e-01 3.139071669741731796e+00
1.908839262831476258e-01 3.066108455705315095e+00
1.918455581533026477e-01 3.187504051268149396e+00
1.928071900234576974e-01 3.213433976476750331e+00
1.937688218936126916e-01 3.290601025272952285e+00
1.947304537637677413e-01 3.063664648315729266e+00
1.956920856339227632e-01 3.058520119358721701e+00
1.966537175040777852e-01 3.168568675416821634e+00
1.976153493742328071e-01 3.315478418099093716e+00
1.985769812443878291e-01 3.088679600020501681e+00
1.995386131145428510e-01 3.057352961083463327e+00
2.005002449846978729e-01 3.233198667416928629e+00
2.014618768548528949e-01 3.159392059169103817e+00
2.024235087250079168e-01 3.103488038741165411e+00
2.033851405951629665e-01 3.236661366409041563e+00
2.043467724653179884e-01 3.200931482110071613e+00
2.053084043354730381e-01 3.303007104408351324e+00
2.062700362056280046e-01 3.135036976666597752e+00
2.072316680757830543e-01 2.988728095898821380e+00
2.081932999459380762e-01 3.081283359239382236e+00
2.091549318160931259e-01 2.906259398643669556e+00
2.101165636862481478e-01 2.983011764223370221e+00
2.110781955564031698e-01 2.947443189749868964e+00
2.120398274265581640e-01 3.032409856433218920e+00
2.130014592967132137e-01 3.346160262446293387e+00
2.139630911668682356e-01 3.287257423247638144e+00
2.149247230370232575e-01 3.121324295840302909e+00
2.158863549071783072e-01 3.118826742518987061e+00
2.168479867773333014e-01 3.247158500936262016e+00
2.178096186474883234e-01 3.252023601668913244e+00
2.187712505176433453e-01 3.055049877457761909e+00
2.197328823877983950e-01 3.095939221584526280e+00
2.206945142579534169e-01 3.365832911182771170e+00
2.216561461281084666e-01 3.111326656872272167e+00
2.226177779982634330e-01 3.083631569066120903e+00
2.235794098684184827e-01 2.968868271839422590e+00
2.245410417385735047e-01 3.242257329425115131e+00
2.255026736087285544e-01 3.198233775184437633e+00
2.264643054788835763e-01 2.934282560474468227e+00
2.274259373490385983e-01 3.008665122171763073e+00
2.283875692191935924e-01 3.141406614821914189e+00
2.293492010893486421e-01 3.233210283271734653e+00
2.303108329595036641e-01 3.188947872124128224e+00
2.312724648296586860e-01 3.076629799756151584e+00
2.322340966998137357e-01 2.975932435872778115e+00
2.331957285699687299e-01 3.136107906747987784e+00
2.341573604401237518e-01 3.166673803389961961e+00
2.351189923102787738e-01 3.198063023885154621e+00
2.360806241804338235e-01 3.200570154149424695e+00
2.370422560505888454e-01 3.222468048260864748e+00
2.380038879207438951e-01 3.074323385158798771e+00
2.389655197908988615e-01 3.111309397083758199e+00
2.399271516610539112e-01 3.033011824359203246e+00
2.408887835312089332e-01 3.011858652413753390e+00
2.418504154013639829e-01 3.100699070975991845e+00
2.428120472715190048e-01 3.077999437175968467e+00
2.437736791416740267e-01 3.062585073012407122e+00
2.447353110118290209e-01 3.106398926710923547e+00
2.456969428819840706e-01 3.126249273424555497e+00
2.466585747521390926e-01 2.950826276526345993e+00
2.476202066222941145e-01 3.155489882907051680e+00
2.485818384924491642e-01 3.094993538801137589e+00
2.495434703626041584e-01 3.175877969635958920e+00
2.505051022327591803e-01 3.343260780094944096e+00
2.514667341029142023e-01 2.955605516228551721e+00
2.524283659730692242e-01 2.979486833841349380e+00
2.533899978432243016e-01 3.050620710264414726e+00
2.543516297133793236e-01 3.120468194408918094e+00
2.553132615835342900e-01 3.295668706439187190e+00
2.562748934536893120e-01 3.222041408509053184e+00
2.572365253238443894e-01 3.119934876236580834e+00
2.581981571939994113e-01 3.131165529320906415e+00
2.591597890641544333e-01 3.176067394680533340e+00
2.601214209343094552e-01 3.215008727892723073e+00
2.610830528044644772e-01 3.275963898458869039e+00
2.620446846746194991e-01 3.164811118312929494e+00
2.630063165447745210e-01 3.193264305155839367e+00
2.639679484149295430e-01 3.145862833310953732e+00
2.649295802850845649e-01 3.201474710246849043e+00
2.658912121552395869e-01 3.239446594009674385e+00
2.668528440253946088e-01 3.170384971429527354e+00
2.678144758955496307e-01 3.206477128970586676e+00
2.687761077657046527e-01 3.401944989209980008e+00
2.697377396358597301e-01 3.353555967871955090e+00
2.706993715060147521e-01 3.221881672201462266e+00
2.716610033761697185e-01 3.134583554202880151e+00
2.726226352463247404e-01 2.976173692784239933e+00
2.735842671164798179e-01 3.119739439516514778e+00
2.745458989866348398e-01 3.159796919941580740e+00
2.755075308567898618e-01 3.109318741086067206e+00
2.764691627269448837e-01 3.275767410437875782e+00
2.774307945970999056e-01 3.348653145158184685e+00
2.783924264672549276e-01 3.376998068805590947e+00
2.793540583374099495e-01 3.258751673000954696e+00
2.803156902075649715e-01 3.262650997836423983e+00
2.812773220777199934e-01 3.131629914916132407e+00
2.822389539478750153e-01 3.150524586195636800e+00
2.832005858180300373e-01 3.135194109656985972e+00
2.841622176881850592e-01 3.064358120189748291e+00
2.851238495583400812e-01 3.055877841489184732e+00
2.860854814284951586e-01 3.068642228284776508e+00
2.870471132986501805e-01 3.224920929827206351e+00
2.880087451688051470e-01 3.079983760285024630e+00
2.889703770389601689e-01 3.110541896301242559e+00
2.899320089091152464e-01 3.020092628995694639e+00
2.908936407792702683e-01 2.977353547388254640e+00
2.918552726494252902e-01 3.129045378474078376e+00
2.928169045195803122e-01 3.191830403734094546e+00
2.937785363897353341e-01 2.930375182556748115e+00
2.947401682598903561e-01 2.997729561698342593e+00
2.957018001300453780e-01 3.182532696371215053e+00
2.966634320002003999e-01 3.265312816857040445e+00
2.976250638703554219e-01 3.162746986138625260e+00
2.985866957405104993e-01 3.084223638914856735e+00
2.995483276106654658e-01 3.074159353019350505e+00
3.005099594808204877e-01 3.058053596548539588e+00
3.014715913509755651e-01 2.961049296187173496e+00
3.024332232211305871e-01 3.025563383497672731e+00
3.033948550912856090e-01 3.262016978732727779e+00
3.043564869614405755e-01 3.187089337249684462e+00
3.053181188315956529e-01 3.180917747511337268e+00
3.062797507017506748e-01 3.138536510413207026e+00
3.072413825719056968e-01 3.028427768440437262e+00
3.082030144420607187e-01 3.034083874608711540e+00
3.091646463122157407e-01 3.257998701031777244e+00
3.101262781823707626e-01 3.310138554778998099e+00
3.110879100525257845e-01 3.294125223292212468e+00
3.120495419226808065e-01 3.283886119120641212e+00
3.130111737928358284e-01 3.337085254858649819e+00
3.139728056629909059e-01 3.173715182680592051e+00
3.149344375331459278e-01 3.218986753944829360e+00
3.158960694033008942e-01 3.282663981031813449e+00
3.168577012734559162e-01 3.247328463184018688e+00
3.178193331436109936e-01 3.452707875287199357e+00
3.187809650137660156e-01 3.399342865915361500e+00
3.197425968839210375e-01 3.195954261391708684e+00
3.207042287540760039e-01 3.160500122575943038e+00
3.216658606242310814e-01 3.257645444457338613e+00
3.226274924943861033e-01 3.091404574958566798e+00
3.235891243645411253e-01 3.344307018787041841e+00
3.245507562346961472e-01 3.244980777068960265e+00
3.255123881048511691e-01 3.141161835866789431e+00
3.264740199750061911e-01 3.194077124937798828e+00
3.274356518451612130e-01 3.263418952863020195e+00
3.283972837153162350e-01 3.210312127377857649e+00
3.293589155854712569e-01 3.335882902573288789e+00
3.303205474556263344e-01 3.339342549427581019e+00
3.312821793257813563e-01 3.297783944012820712e+00
3.322438111959363227e-01 3.436989677459127535e+00
3.332054430660913447e-01 3.205725709591085604e+00
3.341670749362464221e-01 3.147727281057033366e+00
3.351287068064014441e-01 3.135918155876076696e+00
3.360903386765564660e-01 3.162638694759202451e+00
3.370519705467114324e-01 3.154551271243910548e+00
3.380136024168665099e-01 3.097688957138167609e+00
3.389752342870215318e-01 3.228709871229547446e+00
3.399368661571765537e-01 3.183878744215405732e+00
3.408984980273315757e-01 3.311573643448749493e+00
3.418601298974865976e-01 3.268924573956915935e+00
3.428217617676416196e-01 3.169496818646130976e+00
3.437833936377966415e-01 3.111948215533871576e+00
3.447450255079516634e-01 3.249902789169176742e+00
3.457066573781066854e-01 3.255524880134082366e+00
3.466682892482617628e-01 3.298976213380321099e+00
3.476299211184167848e-01 3.183805611794472412e+00
3.485915529885717512e-01 3.151278852056869084e+00
3.495531848587267731e-01 3.140512929070478521e+00
3.505148167288818506e-01 3.225656029461546837e+00
3.514764485990368725e-01 3.192284090094094751e+00
3.524380804691918945e-01 3.272305293245480584e+00
3.533997123393468609e-01 3.393678224540476407e+00
3.543613442095019384e-01 3.259985523550973596e+00
3.553229760796569603e-01 3.208646114560686158e+00
3.562846079498119822e-01 3.118089923973371924e+00
3.572462398199670042e-01 3.136999710356995763e+00
3.582078716901220261e-01 3.198267249693266479e+00
3.591695035602770480e-01 3.295121339694446760e+00
3.601311354304320700e-01 3.380216795742935432e+00
3.610927673005870919e-01 3.189034286405156848e+00
3.620543991707421139e-01 3.242281852323017688e+00
3.630160310408971913e-01 3.301964179631731611e+00
3.639776629110522133e-01 3.297682844020350501e+00
3.649392947812071797e-01 3.268205818138216756e+00
3.659009266513622016e-01 3.159142798299928501e+00
3.668625585215172791e-01 3.263251272314690254e+00
3.678241903916723010e-01 3.327501917225983874e+00
3.687858222618273230e-01 3.234135507673652654e+00
3.697474541319822894e-01 3.226647977429877301e+00
3.707090860021373668e-01 3.117153121084669465e+00
3.716707178722923888e-01 3.062358604056630185e+00
3.726323497424474107e-01 3.263362532881419753e+00
3.735939816126024327e-01 3.228303183508014484e+00
3.745556134827574546e-01 3.164291854041003660e+00
3.755172453529124765e-01 3.227962005551233915e+00
3.764788772230674985e-01 3.278745617986430716e+00
3.774405090932225204e-01 3.315694585162571428e+00
3.784021409633775423e-01 3.304810710476512980e+00
3.793637728335326198e-01 3.326388673233431348e+00
3.803254047036876417e-01 3.205129232995322042e+00
3.812870365738426082e-01 3.230615174830511194e+00
3.822486684439976301e-01 3.413338704605216378e+00
3.832103003141527076e-01 3.260219354678682180e+00
3.841719321843077295e-01 3.226065314998646016e+00
3.851335640544627514e-01 3.141127652649309709e+00
3.860951959246177734e-01 3.208528613316776301e+00
3.870568277947727953e-01 3.297879267901080880e+00
3.880184596649278173e-01 3.284552194117235757e+00
3.889800915350828392e-01 3.212216063639935726e+00
3.899417234052378611e-01 3.254163377162381465e+00
3.909033552753928831e-01 3.269379529863194023e+00
3.918649871455479050e-01 3.259497170090188689e+00
3.928266190157029270e-01 3.216263290048544832e+00
3.937882508858579489e-01 3.255786453158627580e+00
3.947498827560129708e-01 3.197189264818046439e+00
3.957115146261680483e-01 3.180177669502114668e+00
3.966731464963230702e-01 3.244010498199514814e+00
3.976347783664780366e-01 3.187468748136364383e+00
3.985964102366330586e-01 3.196152115375124225e+00
3.995580421067881360e-01 3.125152822607773828e+00
4.005196739769430470e-01 3.282190000622662751e+00
4.014813058470981244e-01 3.428357056999107755e+00
4.024429377172531463e-01 3.402131297672831067e+00
4.034045695874082238e-01 3.311946897833738745e+00
4.043662014575631902e-01 3.267894884624485741e+00
4.053278333277181567e-01 3.127757030785428327e+00
4.062894651978732341e-01 3.142281643559776683e+00
4.072510970680282560e-01 3.177913828631986348e+00
4.082127289381833335e-01 3.224021722071590546e+00
4.091743608083382999e-01 3.294292413815092857e+00
4.101359926784933774e-01 3.470213372695052811e+00
4.110976245486483993e-01 3.269109151065180185e+00
4.120592564188033657e-01 3.234873643007333044e+00
4.130208882889584432e-01 3.321818191625045102e+00
4.139825201591134096e-01 3.352433900785541709e+00
4.149441520292684871e-01 3.224621108895785682e+00
4.159057838994235090e-01 3.306668116365290899e+00
4.168674157695784754e-01 3.225298687533058484e+00
4.178290476397335529e-01 3.204944940346333482e+00
4.187906795098885748e-01 3.253206303103258534e+00
4.197523113800436523e-01 3.294577478493312839e+00
4.207139432501986187e-01 3.282265735720297783e+00
4.216755751203536962e-01 3.207940382809187696e+00
4.226372069905086626e-01 3.169708940992528312e+00
4.235988388606636845e-01 3.132438728832692476e+00
4.245604707308187620e-01 3.271271188212924841e+00
4.255221026009737284e-01 3.322994288529066864e+00
4.264837344711288059e-01 3.279231598553121074e+00
4.274453663412838278e-01 3.180078263086706158e+00
4.284069982114387942e-01 3.260367143684224089e+00
4.293686300815938717e-01 3.257492160244005674e+00
4.303302619517488381e-01 3.323773185370278327e+00
4.312918938219039156e-01 3.400145876353054319e+00
4.322535256920589375e-01 3.210362903717648209e+00
4.332151575622139039e-01 3.097631558588659573e+00
4.341767894323689814e-01 3.230206701707817984e+00
4.351384213025240033e-01 3.192977310109842648e+00
4.361000531726790808e-01 3.247226428790916941e+00
4.370616850428340472e-01 3.320530164992515409e+00
4.380233169129891246e-01 3.336944809484542418e+00
4.389849487831440911e-01 3.186241196548010635e+00
4.399465806532991130e-01 3.140988394770154457e+00
4.409082125234541905e-01 3.242867926315721405e+00
4.418698443936091569e-01 3.316819073912810723e+00
4.428314762637642343e-01 3.425784816543025357e+00
4.437931081339192563e-01 3.288364551416226078e+00
4.447547400040742227e-01 3.315869037462004343e+00
4.457163718742293002e-01 3.206475256387207651e+00
4.466780037443842666e-01 3.121951597173030279e+00
4.476396356145393440e-01 3.246129263335728155e+00
4.486012674846943660e-01 3.284867082619086887e+00
4.495628993548493324e-01 3.225523846479219969e+00
4.505245312250044099e-01 3.252066134910656103e+00
4.514861630951594318e-01 3.376175915205781308e+00
4.524477949653145092e-01 3.313296991540465086e+00
4.534094268354694757e-01 3.231806050080010095e+00
4.543710587056245531e-01 3.114601799127193260e+00
4.553326905757795195e-01 3.266886947858154144e+00
4.562943224459345415e-01 3.377416530279539586e+00
4.572559543160896189e-01 3.371237613668490951e+00
4.582175861862445854e-01 3.261654351051930689e+00
4.591792180563996628e-01 3.197408310710439849e+00
4.601408499265546848e-01 3.316467848629294224e+00
4.611024817967096512e-01 3.554355450081271073e+00
4.620641136668647286e-01 3.476259640547979757e+00
4.630257455370196951e-01 3.333467166443046636e+00
4.639873774071747725e-01 3.336524106904519726e+00
4.649490092773297945e-01 3.387315602896514122e+00
4.659106411474847609e-01 3.254953109325647631e+00
4.668722730176398383e-01 3.267530796689943173e+00
4.678339048877948603e-01 3.204467291695724640e+00
4.687955367579499377e-01 3.239953956777103627e+00
4.697571686281049042e-01 3.208612811814866461e+00
4.707188004982599816e-01 3.190814436309114654e+00
4.716804323684149480e-01 3.151215064266821742e+00
4.726420642385699700e-01 3.210826409970731987e+00
4.736036961087250474e-01 3.252208277188810115e+00
4.745653279788800138e-01 3.186868260605876912e+00
4.755269598490350913e-01 3.181270280449979282e+00
4.764885917191901132e-01 3.234519192075783423e+00
4.774502235893450797e-01 3.277179191608439623e+00
4.784118554595001571e-01 3.133461915092592420e+00
4.793734873296551235e-01 3.260859319395432721e+00
4.803351191998102010e-01 3.360095844275758026e+00
4.812967510699652229e-01 3.379225780326372330e+00
4.822583829401201894e-01 3.286923006263481994e+00
4.832200148102752668e-01 3.186021933551526075e+00
4.841816466804302888e-01 3.067007455197870769e+00
4.851432785505853662e-01 3.112035286820397317e+00
4.861049104207403326e-01 3.170352490190953887e+00
4.870665422908954101e-01 3.220761953163275848e+00
4.880281741610503765e-01 3.262591242685353166e+00
4.889898060312053985e-01 3.074023164261543428e+00
4.899514379013604759e-01 3.101109240553810764e+00
4.909130697715154423e-01 3.179979393854146963e+00
4.918747016416705198e-01 3.105169712792864800e+00
4.928363335118255417e-01 3.112049614035726108e+00
4.937979653819805081e-01 3.196260296193511152e+00
4.947595972521355856e-01 3.181227586641423244e+00
4.957212291222905520e-01 3.205857045130205307e+00
4.966828609924456295e-01 3.247606682630415520e+00
4.976444928626006514e-01 3.164828987309704189e+00
4.986061247327556178e-01 3.130745804983000369e+00
4.995677566029106953e-01 3.155005705411181083e+00
5.005293884730657172e-01 3.130901187471692992e+00
5.014910203432207947e-01 3.251047820376051334e+00
5.024526522133757611e-01 3.317011692217466390e+00
5.034142840835308386e-01 3.321548394682778849e+00
5.043759159536858050e-01 3.262159544996706018e+00
5.053375478238407714e-01 3.196487288220467349e+00
5.062991796939958489e-01 3.144654959926800331e+00
5.072608115641509263e-01 3.213839794961572238e+00
5.082224434343060038e-01 3.161304972158394122e+00
5.091840753044609702e-01 3.122564799201356323e+00
5.101457071746159366e-01 3.174114826325208583e+00
5.111073390447710141e-01 3.248314717953693531e+00
5.120689709149259805e-01 3.212151891130780257e+00
5.130306027850810580e-01 3.225117252813138435e+00
5.139922346552360244e-01 3.326184247372530933e+00
5.149538665253911018e-01 3.282767839856923331e+00
5.159154983955461793e-01 3.278171539975588189e+00
5.168771302657011457e-01 3.165724988738698897e+00
5.178387621358562232e-01 3.099884284594626394e+00
5.188003940060111896e-01 3.168972661545733871e+00
5.197620258761662670e-01 3.167498060587604414e+00
5.207236577463212335e-01 3.113250196048387153e+00
5.216852896164761999e-01 3.106261377436965176e+00
5.226469214866312774e-01 3.110857566408661512e+00
5.236085533567863548e-01 3.166563707192512567e+00
5.245701852269414323e-01 3.133189685302721017e+00
5.255318170970963987e-01 3.216066646731377432e+00
5.264934489672513651e-01 3.099954769266858534e+00
5.274550808374064426e-01 3.265853782076291623e+00
5.284167127075614090e-01 3.292041062746129398e+00
5.293783445777164864e-01 3.244646311055721100e+00
5.303399764478714529e-01 3.314190204334362733e+00
5.313016083180265303e-01 3.206917267681049566e+00
5.322632401881816078e-01 3.203818570773428576e+00
5.332248720583365742e-01 3.150646230667909720e+00
5.341865039284916516e-01 3.079302236854314145e+00
5.351481357986466181e-01 3.222918871875620539e+00
5.361097676688016955e-01 3.338954839478965653e+00
5.370713995389566620e-01 3.232159291418792435e+00
5.380330314091116284e-01 3.122194671693765855e+00
5.389946632792667058e-01 3.198460613568304467e+00
5.399562951494217833e-01 3.153498648301749085e+00
5.409179270195768607e-01 3.203390426010589209e+00
5.418795588897318272e-01 3.231266814624490280e+00
5.428411907598867936e-01 3.240726644867745421e+00
5.438028226300418710e-01 3.171365381110195614e+00
5.447644545001968375e-01 3.225370460628926850e+00
5.457260863703519149e-01 3.139831602068134941e+00
5.466877182405068814e-01 3.179625388983417622e+00
5.476493501106619588e-01 3.119983201834973130e+00
5.486109819808170363e-01 3.210084124659264404e+00
5.495726138509720027e-01 3.176240704781811530e+00
5.505342457211270801e-01 3.116123067208768305e+00
5.514958775912820466e-01 3.096380106641419161e+00
5.524575094614371240e-01 3.122195144129069178e+00
5.534191413315920904e-01 3.227323803666092061e+00
5.543807732017470569e-01 3.269107099997718535e+00
5.553424050719021343e-01 3.246872467727790479e+00
5.563040369420572118e-01 3.252984219679269984e+00
5.572656688122122892e-01 3.340401655631843880e+00
5.582273006823672556e-01 3.281537600753068773e+00
5.591889325525222221e-01 3.300921706608484385e+00
5.601505644226772995e-01 3.168456296385556925e+00
5.611121962928322660e-01 3.088432203400635956e+00
5.620738281629873434e-01 3.154074458352638999e+00
5.630354600331423098e-01 3.108950366743840732e+00
5.639970919032973873e-01 3.169792821778091962e+00
5.649587237734524647e-01 3.089113211127951786e+00
5.659203556436074312e-01 3.096779188881214395e+00
5.668819875137625086e-01 3.222454455539327967e+00
5.678436193839174750e-01 3.203807230352829549e+00
5.688052512540725525e-01 3.154820642222144755e+00
5.697668831242275189e-01 3.113088516076150114e+00
5.707285149943824853e-01 3.123834319872376142e+00
5.716901468645375628e-01 3.093405792919107000e+00
5.726517787346926402e-01 2.987632944487476294e+00
5.736134106048477177e-01 3.030134300961130123e+00
5.745750424750026841e-01 2.983047652988819465e+00
5.755366743451576506e-01 3.077768868495784460e+00
5.764983062153127280e-01 3.137278447906236778e+00
5.774599380854676944e-01 3.069443613101672241e+00
5.784215699556227719e-01 3.119492372236344124e+00
5.793832018257777383e-01 3.128055077027067199e+00
5.803448336959328158e-01 3.134019895947396606e+00
5.813064655660878932e-01 3.069898231103177721e+00
5.822680974362428596e-01 3.016860820134112942e+00
5.832297293063979371e-01 3.110042621803227547e+00
5.841913611765529035e-01 3.039942822678391110e+00
5.851529930467079810e-01 3.072457374646308637e+00
5.861146249168629474e-01 3.138461299814373717e+00
5.870762567870179138e-01 3.141446397571293403e+00
5.880378886571729913e-01 3.097040577128044703e+00
5.889995205273280687e-01 3.009955864852987162e+00
5.899611523974831462e-01 2.996508050694956182e+00
5.909227842676381126e-01 3.164256796534097305e+00
5.918844161377930790e-01 3.101159511992172213e+00
5.928460480079481565e-01 2.935879797899659138e+00
5.938076798781031229e-01 2.938334196537187637e+00
5.947693117482582004e-01 2.895425337073014305e+00
5.957309436184131668e-01 2.965853314658005502e+00
5.966925754885682442e-01 2.941736135430303989e+00
5.976542073587233217e-01 2.901027718036452541e+00
5.986158392288782881e-01 2.928116955493422324e+00
5.995774710990333656e-01 2.945449171506822950e+00
