# q (1/Angstrom), Intensity (arb)
2.067508526570814575e-02 7.250423949338066905e+02
2.163671713586316769e-02 7.553395251913052562e+02
2.259834900601819310e-02 7.862897442057272883e+02
2.355998087617321851e-02 7.946489830882461547e+02
2.452161274632824739e-02 7.967960350807054510e+02
2.548324461648326933e-02 7.975473888453051359e+02
2.644487648663829821e-02 7.994333206098268647e+02
2.740650835679332709e-02 7.980447062510257865e+02
2.836814022694834903e-02 7.922952352241371727e+02
2.932977209710337443e-02 7.895193304440072097e+02
3.029140396725839637e-02 7.839373399187982159e+02
3.125303583741342178e-02 7.752820752733640575e+02
3.221466770756845066e-02 7.689708393724804409e+02
3.317629957772347260e-02 7.636513843356941607e+02
3.413793144787850148e-02 7.572262221398087831e+02
3.509956331803352342e-02 7.563204879518256121e+02
3.606119518818855230e-02 7.510413589278809923e+02
3.702282705834358117e-02 7.418876288519584250e+02
3.798445892849860311e-02 7.304359300212927337e+02
3.894609079865363199e-02 7.213805612756164010e+02
3.990772266880865393e-02 7.122039700103805444e+02
4.086935453896367587e-02 7.043148672971487940e+02
4.183098640911870475e-02 6.949372854160238830e+02
4.279261827927372669e-02 6.853997259674973748e+02
4.375425014942875557e-02 6.747569071336533852e+02
4.471588201958377751e-02 6.596625411777777117e+02
4.567751388973880639e-02 6.477641805217413093e+02
4.663914575989382832e-02 6.394647721668840177e+02
4.760077763004885720e-02 6.295582492791404547e+02
4.856240950020387914e-02 6.198709136479350263e+02
4.952404137035890108e-02 6.072170222314480270e+02
5.048567324051392302e-02 5.963123751441947888e+02
5.144730511066895190e-02 5.830811304767287311e+02
5.240893698082397384e-02 5.703282131949165432e+02
5.337056885097899578e-02 5.576389389228748996e+02
5.433220072113403160e-02 5.449888405044896444e+02
5.529383259128905354e-02 5.317913908423412295e+02
5.625546446144407547e-02 5.170467680989115706e+02
5.721709633159910435e-02 5.034036351108847498e+02
5.817872820175412629e-02 4.894062433923376716e+02
5.914036007190914823e-02 4.749751252584046597e+02
6.010199194206417017e-02 4.609002916386876905e+02
6.106362381221920599e-02 4.470860257306362087e+02
6.202525568237422793e-02 4.345749788096420048e+02
6.298688755252924987e-02 4.225951410114049622e+02
6.394851942268428568e-02 4.101941278527720556e+02
6.491015129283930762e-02 3.965624318242361710e+02
6.587178316299432956e-02 3.826928819329557427e+02
6.683341503314935150e-02 3.699604182920494964e+02
6.779504690330438732e-02 3.592878963499480847e+02
6.875667877345940926e-02 3.464555590481770082e+02
6.971831064361443120e-02 3.341927498139160093e+02
7.067994251376945314e-02 3.221303550235633111e+02
7.164157438392447508e-02 3.115243133236714357e+02
7.260320625407949702e-02 2.992267325971214404e+02
7.356483812423453283e-02 2.875657911953146595e+02
7.452646999438955477e-02 2.776525012706207463e+02
7.548810186454457671e-02 2.661109329085570607e+02
7.644973373469959865e-02 2.564303272636400948e+02
7.741136560485463447e-02 2.471050699813355322e+02
7.837299747500965641e-02 2.363557165147830972e+02
7.933462934516467835e-02 2.263091252847283954e+02
8.029626121531971417e-02 2.169764451978759610e+02
8.125789308547473611e-02 2.074741521468451424e+02
8.221952495562975805e-02 1.980205869084314543e+02
8.318115682578479386e-02 1.889932840293792822e+02
8.414278869593981580e-02 1.809333936426768332e+02
8.510442056609483774e-02 1.717002119641492470e+02
8.606605243624985968e-02 1.634643133798134045e+02
8.702768430640489550e-02 1.553072401133615870e+02
8.798931617655991744e-02 1.491464768176671498e+02
8.895094804671493938e-02 1.411555828280178275e+02
8.991257991686996132e-02 1.338223128972016127e+02
9.087421178702498326e-02 1.270824227857736872e+02
9.183584365718000520e-02 1.202559138571346296e+02
9.279747552733502713e-02 1.132193520022692041e+02
9.375910739749006295e-02 1.066755240236987845e+02
9.472073926764508489e-02 1.005208354418225696e+02
9.568237113780010683e-02 9.418378233157042700e+01
9.664400300795514265e-02 8.811836396008236250e+01
9.760563487811016459e-02 8.245499787937991698e+01
9.856726674826518653e-02 7.732362645985062954e+01
9.952889861842022234e-02 7.310087277581477849e+01
1.004905304885752443e-01 6.756846952836995968e+01
1.014521623587302801e-01 6.254852076549384776e+01
1.024137942288853020e-01 5.835464971371243337e+01
1.033754260990403240e-01 5.460711113563507979e+01
1.043370579691953459e-01 5.104507096706467451e+01
1.052986898393503817e-01 4.704375559148236619e+01
1.062603217095053898e-01 4.368847412867199864e+01
1.072219535796604256e-01 4.096002400239577668e+01
1.081835854498154614e-01 3.784139000395378361e+01
1.091452173199704695e-01 3.454186810104458516e+01
1.101068491901255053e-01 3.128887392924519162e+01
1.110684810602805411e-01 2.887367489496411110e+01
1.120301129304355492e-01 2.602360765716304414e+01
1.129917448005905850e-01 2.375490871914868762e+01
1.139533766707456208e-01 2.132626568235810538e+01
1.149150085409006289e-01 1.904006289338804692e+01
1.158766404110556647e-01 1.739153776324016576e+01
1.168382722812106728e-01 1.556823000191690554e+01
1.177999041513657086e-01 1.382029314163828104e+01
1.187615360215207305e-01 1.262836957503266788e+01
1.197231678916757525e-01 1.087935593526859890e+01
1.206847997618307744e-01 9.486273885894529911e+00
1.216464316319858102e-01 8.703912128479601051e+00
1.226080635021408183e-01 7.946152854713137259e+00
1.235696953722958541e-01 6.830559686785178997e+00
1.245313272424508899e-01 5.542513075653101140e+00
1.254929591126059119e-01 5.050301671110716484e+00
1.264545909827609338e-01 4.681375004085992941e+00
1.274162228529159557e-01 3.977434649607143768e+00
1.283778547230709777e-01 3.427060603755656132e+00
1.293394865932259996e-01 2.613736752732872759e+00
1.303011184633810493e-01 2.460101481411591351e+00
1.312627503335360435e-01 2.009961130513918448e+00
1.322243822036910932e-01 1.845766671723719554e+00
1.331860140738460874e-01 1.678232661342278220e+00
1.341476459440011371e-01 1.492236269380928348e+00
1.351092778141561590e-01 1.414458595504818561e+00
1.360709096843111809e-01 1.612872405997482161e+00
1.370325415544662029e-01 1.285413851432643639e+00
1.379941734246212526e-01 8.233907890961802423e-01
1.389558052947762468e-01 1.177733073798663099e+00
1.399174371649312965e-01 1.414833275321743855e+00
1.408790690350863184e-01 1.200947269511516424e+00
1.418407009052413403e-01 1.862039102249035238e+00
1.428023327753963623e-01 2.039411181455442090e+00
1.437639646455513842e-01 2.167707891938277953e+00
1.447255965157064062e-01 2.194857605737436046e+00
1.456872283858614281e-01 2.214993664750934954e+00
1.466488602560164778e-01 2.583370749196333804e+00
1.476104921261714720e-01 3.174996017690990158e+00
1.485721239963265217e-01 3.370293696110010728e+00
1.495337558664815436e-01 3.294840301143487693e+00
1.504953877366365655e-01 3.548730618862826702e+00
1.514570196067915875e-01 4.243447124110076629e+00
1.524186514769466094e-01 4.569465172925774255e+00
1.533802833471016314e-01 4.608476523348588927e+00
1.543419152172566811e-01 4.886409870233041630e+00
1.553035470874116752e-01 5.016850915232645036e+00
1.562651789575667249e-01 5.011376105381170731e+00
1.572268108277217469e-01 5.204405201692104299e+00
1.581884426978767688e-01 5.626695591392007145e+00
1.591500745680317908e-01 5.897802631247941463e+00
1.601117064381868405e-01 6.228528285965026612e+00
1.610733383083418346e-01 6.078053939752379620e+00
1.620349701784968843e-01 6.243593546326547283e+00
1.629966020486519063e-01 6.051998438631699173e+00
1.639582339188069282e-01 6.188980702014330149e+00
1.649198657889619501e-01 6.314025623911639684e+00
1.658814976591169721e-01 6.871046658839958354e+00
1.668431295292719940e-01 7.020477349168739778e+00
1.678047613994270160e-01 7.045181088059965901e+00
1.687663932695820379e-01 7.168083164998300560e+00
1.697280251397370598e-01 7.168179665160803182e+00
1.706896570098921095e-01 7.287680740875227769e+00
1.716512888800471037e-01 7.380885741384435761e+00
1.726129207502021534e-01 7.223527727334740689e+00
1.735745526203571754e-01 7.234735992559603091e+00
1.745361844905121973e-01 7.189090331727111760e+00
1.754978163606672192e-01 6.928828736208046735e+00
1.764594482308222689e-01 6.657703362760958754e+00
1.774210801009772631e-01 6.617739460637885429e+00
1.783827119711323128e-01 6.425969492982176234e+00
1.793443438412873348e-01 6.409497558579982268e+00
1.803059757114423567e-01 6.737871043849079200e+00
1.812676075815973786e-01 6.766378210843292607e+00
1.822292394517524006e-01 6.369817920396929622e+00
1.831908713219074225e-01 6.146079014948305996e+00
1.841525031920624444e-01 5.852423057574281273e+00
1.851141350622174664e-01 5.896394623717338135e+00
1.860757669323724883e-01 5.775500911573789864e+00
1.870373988025275380e-01 5.793036792112381761e+00
1.879990306726825322e-01 5.559364557691313991e+00
1.889606625428375819e-01 5.502221980217015584e+00
1.899222944129926038e-01 5.339841111927345452e+00
1.908839262831476258e-01 5.383773481055051491e+00
1.918455581533026477e-01 5.060947810243614953e+00
1.928071900234576974e-01 5.180827851116752925e+00
1.937688218936126916e-01 4.540419439073563268e+00
1.947304537637677413e-01 4.326961842677992109e+00
1.956920856339227632e-01 4.248875005777250635e+00
1.966537175040777852e-01 3.999831189753901839e+00
1.976153493742328071e-01 3.922978216458247402e+00
1.985769812443878291e-01 3.675714668415320574e+00
1.995386131145428510e-01 3.355315837821617464e+00
2.005002449846978729e-01 3.381254018783160120e+00
2.014618768548528949e-01 3.364225361807179127e+00
2.024235087250079168e-01 2.941895849195887536e+00
2.033851405951629665e-01 2.932767721915848114e+00
2.043467724653179884e-01 2.697785767322343986e+00
2.053084043354730381e-01 2.396883957117431407e+00
2.062700362056280046e-01 2.071526071854609796e+00
2.072316680757830543e-01 1.850457042554982223e+00
2.081932999459380762e-01 2.003933677778874767e+00
2.091549318160931259e-01 1.733801835070256203e+00
2.101165636862481478e-01 1.433268001453196661e+00
2.110781955564031698e-01 1.617761908181329034e+00
2.120398274265581640e-01 1.412160559624542344e+00
2.130014592967132137e-01 1.258461279590296300e+00
2.139630911668682356e-01 1.245308286811461329e+00
2.149247230370232575e-01 1.049122449141037805e+00
2.158863549071783072e-01 1.058303521664882396e+00
2.168479867773333014e-01 9.427157842000113419e-01
2.178096186474883234e-01 5.070176916024209390e-01
2.187712505176433453e-01 6.051412777684177513e-01
2.197328823877983950e-01 9.027164227740946956e-01
2.206945142579534169e-01 8.154134949790154963e-01
2.216561461281084666e-01 7.964243866234674840e-01
2.226177779982634330e-01 8.436516683930257443e-01
2.235794098684184827e-01 6.606201414757784107e-01
2.245410417385735047e-01 2.885633222530827879e-01
2.255026736087285544e-01 4.289373659048116849e-01
2.264643054788835763e-01 3.694111152808794429e-01
2.274259373490385983e-01 6.340244874866272085e-01
2.283875692191935924e-01 4.891376044810904489e-01
2.293492010893486421e-01 2.866651479597983609e-01
2.303108329595036641e-01 1.378595522786270067e-01
2.312724648296586860e-01 2.379188310071498336e-01
2.322340966998137357e-01 3.330075817781796843e-01
2.331957285699687299e-01 1.674902690238440073e-01
2.341573604401237518e-01 1.465949863264661701e-01
2.351189923102787738e-01 9.947112782664291331e-02
2.360806241804338235e-01 2.176083526923378031e-01
2.370422560505888454e-01 3.786339158379128378e-01
2.380038879207438951e-01 3.359914063136351103e-01
2.389655197908988615e-01 1.795098786079627473e-01
2.399271516610539112e-01 2.264917908552348536e-01
2.408887835312089332e-01 6.644605089103592377e-01
2.418504154013639829e-01 5.019162093805817904e-01
2.428120472715190048e-01 3.347869390133091372e-01
2.437736791416740267e-01 3.462609508412164416e-01
2.447353110118290209e-01 3.838438495367206826e-01
2.456969428819840706e-01 4.163552856355217102e-01
2.466585747521390926e-01 4.850901995154046631e-01
2.476202066222941145e-01 6.590717396331307043e-01
2.485818384924491642e-01 5.505759579686824168e-01
2.495434703626041584e-01 5.174561240000450368e-01
2.505051022327591803e-01 7.379910107767742034e-01
2.514667341029142023e-01 8.024732776922789412e-01
2.524283659730692242e-01 7.815819952710256757e-01
2.533899978432243016e-01 8.216090805565698929e-01
2.543516297133793236e-01 9.474058361459469779e-01
2.553132615835342900e-01 1.047813721716579494e+00
2.562748934536893120e-01 9.909194487908976612e-01
2.572365253238443894e-01 9.584948863026063748e-01
2.581981571939994113e-01 6.764940101857277455e-01
2.591597890641544333e-01 8.720203652881508560e-01
2.601214209343094552e-01 1.108843078256391834e+00
2.610830528044644772e-01 8.740696864774015751e-01
2.620446846746194991e-01 9.091417257260907547e-01
2.630063165447745210e-01 1.115089246054573380e+00
2.639679484149295430e-01 1.025647166521427067e+00
2.649295802850845649e-01 1.019701766482160821e+00
2.658912121552395869e-01 9.885913100366998663e-01
2.668528440253946088e-01 1.178276033607932760e+00
2.678144758955496307e-01 1.288608292898416607e+00
2.687761077657046527e-01 1.263989055357683355e+00
2.697377396358597301e-01 1.176028276734975009e+00
2.706993715060147521e-01 1.054902541372442215e+00
2.716610033761697185e-01 1.173314957021425187e+00
2.726226352463247404e-01 1.015071174828189982e+00
2.735842671164798179e-01 1.024840942798110888e+00
2.745458989866348398e-01 1.193342592861935003e+00
2.755075308567898618e-01 1.052055368911958055e+00
2.764691627269448837e-01 1.013213207418797168e+00
2.774307945970999056e-01 1.006234670353389760e+00
2.783924264672549276e-01 8.575478640211251502e-01
2.793540583374099495e-01 1.148181951530361289e+00
2.803156902075649715e-01 1.200577963171731710e+00
2.812773220777199934e-01 1.027096660420223628e+00
2.822389539478750153e-01 1.039572517884614911e+00
2.832005858180300373e-01 1.016222136538676324e+00
2.841622176881850592e-01 1.098317205349392367e+00
2.851238495583400812e-01 1.015400516940495379e+00
2.860854814284951586e-01 9.943642872660269916e-01
2.870471132986501805e-01 1.084169871072909075e+00
2.880087451688051470e-01 9.406979431447730633e-01
2.889703770389601689e-01 8.214410031835193138e-01
2.899320089091152464e-01 7.668360572824717281e-01
2.908936407792702683e-01 1.004477043818564397e+00
2.918552726494252902e-01 8.252367598578800312e-01
2.928169045195803122e-01 8.914442308211150134e-01
2.937785363897353341e-01 7.422412881354247816e-01
2.947401682598903561e-01 7.179039501778063936e-01
2.957018001300453780e-01 8.282965735532137330e-01
2.966634320002003999e-01 4.843952478085959967e-01
2.976250638703554219e-01 3.922334334641739417e-01
2.985866957405104993e-01 5.717351947426401182e-01
2.995483276106654658e-01 8.222185147449287967e-01
3.005099594808204877e-01 7.591832618696194857e-01
3.014715913509755651e-01 4.941892316488250003e-01
3.024332232211305871e-01 4.633220345255537609e-01
3.033948550912856090e-01 6.540477639514641339e-01
3.043564869614405755e-01 4.987779566726935343e-01
3.053181188315956529e-01 4.526294992313033561e-01
3.062797507017506748e-01 4.342648271434548235e-01
3.072413825719056968e-01 3.527377481169260420e-01
3.082030144420607187e-01 3.384196737452285220e-01
3.091646463122157407e-01 4.445221357946138596e-01
3.101262781823707626e-01 4.045122705660375573e-01
3.110879100525257845e-01 5.120953034994926156e-01
3.120495419226808065e-01 6.180939891511343376e-01
3.130111737928358284e-01 4.013968292953897787e-01
3.139728056629909059e-01 2.918369281794177539e-01
3.149344375331459278e-01 4.101640727498043759e-01
3.158960694033008942e-01 2.568848976047064525e-01
3.168577012734559162e-01 2.212296344353852362e-01
3.178193331436109936e-01 3.449539273654878002e-01
3.187809650137660156e-01 4.241523989902766800e-01
3.197425968839210375e-01 4.455821088738751712e-01
3.207042287540760039e-01 4.233751512651942051e-01
3.216658606242310814e-01 3.183843291514527607e-01
3.226274924943861033e-01 2.645176342527371105e-01
3.235891243645411253e-01 1.720086162681866426e-01
3.245507562346961472e-01 1.603741750264688903e-01
3.255123881048511691e-01 3.049502948897853116e-01
3.264740199750061911e-01 5.032150762051905701e-01
3.274356518451612130e-01 4.681146274235068461e-01
3.283972837153162350e-01 3.805351776040346579e-01
3.293589155854712569e-01 6.209157271927452371e-01
3.303205474556263344e-01 6.761956217658671164e-01
3.312821793257813563e-01 3.139056649605329596e-01
3.322438111959363227e-01 2.155256206958817700e-01
3.332054430660913447e-01 3.046078110901717650e-01
3.341670749362464221e-01 2.493016974908393024e-01
3.351287068064014441e-01 0.000000000000000000e+00
3.360903386765564660e-01 1.348798789531429065e-01
3.370519705467114324e-01 1.881362617958686201e-01
3.380136024168665099e-01 3.725311475656809534e-01
3.389752342870215318e-01 3.664267559940093122e-01
3.399368661571765537e-01 2.361675486137428948e-01
3.408984980273315757e-01 3.769077637530884317e-01
3.418601298974865976e-01 3.193979209051285295e-01
3.428217617676416196e-01 3.400030614742668433e-01
3.437833936377966415e-01 2.782450361936916750e-01
3.447450255079516634e-01 2.871470565203360081e-01
3.457066573781066854e-01 3.655423886769177955e-01
3.466682892482617628e-01 2.477062132469107780e-01
3.476299211184167848e-01 3.420823143472730976e-01
3.485915529885717512e-01 3.624850841753577413e-01
3.495531848587267731e-01 4.168274787875780873e-01
3.505148167288818506e-01 3.335339719594259122e-01
3.514764485990368725e-01 4.481160163023538701e-01
3.524380804691918945e-01 2.860351255249860003e-01
3.533997123393468609e-01 5.264417212599639129e-01
3.543613442095019384e-01 7.713026054176701507e-01
3.553229760796569603e-01 5.543939798923176454e-01
3.562846079498119822e-01 5.447803789823275622e-01
3.572462398199670042e-01 5.521331710767469758e-01
3.582078716901220261e-01 3.385890361808421289e-01
3.591695035602770480e-01 3.059543311522574527e-01
3.601311354304320700e-01 4.023637449901897867e-01
3.610927673005870919e-01 3.397205323561571788e-01
3.620543991707421139e-01 4.224583752805948222e-01
3.630160310408971913e-01 3.554380563094809986e-01
3.639776629110522133e-01 5.309374369572452679e-01
3.649392947812071797e-01 3.393023494549112229e-01
3.659009266513622016e-01 3.192154558491431260e-01
3.668625585215172791e-01 3.614117834901584558e-01
3.678241903916723010e-01 3.917582250300704061e-01
3.687858222618273230e-01 5.379869889587034493e-01
3.697474541319822894e-01 6.024439485575214803e-01
3.707090860021373668e-01 6.197398142175494229e-01
3.716707178722923888e-01 6.071819582059951870e-01
3.726323497424474107e-01 4.963600998103672168e-01
3.735939816126024327e-01 3.888350393427622009e-01
3.745556134827574546e-01 4.061107703128605806e-01
3.755172453529124765e-01 4.602990739283256971e-01
3.764788772230674985e-01 5.098070242195937851e-01
3.774405090932225204e-01 3.476736957042305676e-01
3.784021409633775423e-01 2.321824860663745937e-01
3.793637728335326198e-01 2.832046376545633848e-01
3.803254047036876417e-01 3.361411127352127437e-01
3.812870365738426082e-01 5.253527466475880203e-01
3.822486684439976301e-01 2.958036418227720787e-01
3.832103003141527076e-01 3.225816198760611542e-01
3.841719321843077295e-01 4.571649442559646559e-01
3.851335640544627514e-01 4.230778911185950619e-01
3.860951959246177734e-01 3.338324523089681861e-01
3.870568277947727953e-01 2.743335617222228962e-01
3.880184596649278173e-01 2.836116954923255662e-01
3.889800915350828392e-01 3.384530974765915801e-01
3.899417234052378611e-01 5.756959968745896106e-01
3.909033552753928831e-01 5.083126927181886856e-01
3.918649871455479050e-01 3.129511849520021372e-01
3.928266190157029270e-01 3.818653682964594509e-01
3.937882508858579489e-01 2.416201042667083243e-01
3.947498827560129708e-01 3.669117732908340201e-01
3.957115146261680483e-01 4.518985637204302463e-01
3.966731464963230702e-01 3.275299079971247806e-01
3.976347783664780366e-01 3.772588611676361836e-01
3.985964102366330586e-01 3.324586621317813240e-01
3.995580421067881360e-01 3.518228168538897194e-01
4.005196739769430470e-01 2.459696026616526865e-01
4.014813058470981244e-01 1.869175592322243062e-01
4.024429377172531463e-01 1.455838397625868197e-01
4.034045695874082238e-01 1.149552137437837018e-01
4.043662014575631902e-01 2.109616409482200083e-01
4.053278333277181567e-01 2.978640101474709923e-01
4.062894651978732341e-01 4.569079007607008691e-01
4.072510970680282560e-01 4.627024490411884017e-01
4.082127289381833335e-01 5.150710880537623382e-01
4.091743608083382999e-01 5.480733159704129775e-01
4.101359926784933774e-01 5.046030848411220404e-01
4.110976245486483993e-01 3.675616328687354439e-01
4.120592564188033657e-01 2.724038724859703109e-01
4.130208882889584432e-01 1.966292804683966722e-01
4.139825201591134096e-01 2.061274460061035541e-01
4.149441520292684871e-01 4.639281244556094919e-01
4.159057838994235090e-01 4.028738558237847656e-01
4.168674157695784754e-01 3.989342412949241634e-01
4.178290476397335529e-01 3.447559391193877332e-01
4.187906795098885748e-01 2.286730777022185634e-01
4.197523113800436523e-01 2.223497197826276306e-01
4.207139432501986187e-01 2.150275034329709456e-01
4.216755751203536962e-01 1.849631876956649990e-01
4.226372069905086626e-01 1.604742362988282878e-01
4.235988388606636845e-01 1.589674508370819694e-01
4.245604707308187620e-01 1.849255618278355939e-01
4.255221026009737284e-01 2.468561723453674972e-01
4.264837344711288059e-01 2.319487935424007219e-01
4.274453663412838278e-01 3.484826874860154078e-01
4.284069982114387942e-01 3.950241889999936973e-01
4.293686300815938717e-01 5.018935856862327682e-01
4.303302619517488381e-01 4.740172308356278563e-01
4.312918938219039156e-01 4.205121530094757532e-01
4.322535256920589375e-01 4.649766900568970129e-01
4.332151575622139039e-01 5.322575890102463347e-01
4.341767894323689814e-01 2.838349259020169768e-01
4.351384213025240033e-01 2.422728213824711929e-01
4.361000531726790808e-01 5.197180544528094970e-01
4.370616850428340472e-01 5.633441976045254762e-01
4.380233169129891246e-01 3.723932785874666251e-01
4.389849487831440911e-01 3.070087787301680748e-01
4.399465806532991130e-01 3.833877006964492296e-01
4.409082125234541905e-01 4.682517795185212606e-01
4.418698443936091569e-01 4.034528145992055670e-01
4.428314762637642343e-01 3.100630332208531570e-01
4.437931081339192563e-01 3.884958924498924659e-01
4.447547400040742227e-01 2.742290410448973148e-01
4.457163718742293002e-01 2.915584904712105185e-01
4.466780037443842666e-01 3.517742277564188669e-01
4.476396356145393440e-01 3.070498570048840747e-01
4.486012674846943660e-01 2.841480677766696772e-01
4.495628993548493324e-01 4.130381031963317184e-01
4.505245312250044099e-01 3.804942818412193617e-01
4.514861630951594318e-01 3.957309152352870285e-01
4.524477949653145092e-01 1.576494883907706424e-01
4.534094268354694757e-01 3.033626651780032546e-01
4.543710587056245531e-01 2.392462341988093044e-01
4.553326905757795195e-01 1.719638741540272520e-01
4.562943224459345415e-01 3.634511868427559023e-01
4.572559543160896189e-01 4.732334821741694952e-01
4.582175861862445854e-01 4.749154033630169636e-01
4.591792180563996628e-01 3.290640942768341404e-01
4.601408499265546848e-01 4.200753122771700987e-01
4.611024817967096512e-01 3.494727263811618911e-01
4.620641136668647286e-01 3.813453320957087556e-01
4.630257455370196951e-01 4.425660251859468985e-01
4.639873774071747725e-01 5.029167556121016958e-01
4.649490092773297945e-01 3.769886334979446474e-01
4.659106411474847609e-01 2.678904442884793013e-01
4.668722730176398383e-01 3.401523503865853115e-01
4.678339048877948603e-01 3.645921452608753555e-01
4.687955367579499377e-01 3.797927426707836673e-01
4.697571686281049042e-01 4.283503105674242306e-01
4.707188004982599816e-01 3.236966181192180159e-01
4.716804323684149480e-01 4.266572932598151624e-01
4.726420642385699700e-01 5.130041091345454163e-01
4.736036961087250474e-01 4.615064628586829087e-01
4.745653279788800138e-01 4.490086063093130520e-01
4.755269598490350913e-01 3.893539810242288013e-01
4.764885917191901132e-01 2.248404116693443200e-01
4.774502235893450797e-01 3.081351361966433444e-01
4.784118554595001571e-01 2.897131083792103823e-01
4.793734873296551235e-01 3.415830174804241892e-01
4.803351191998102010e-01 3.348559164778777131e-01
4.812967510699652229e-01 2.675653385346485891e-01
4.822583829401201894e-01 2.696502186536946510e-01
4.832200148102752668e-01 2.833904053164317816e-01
4.841816466804302888e-01 5.155895813915769565e-01
4.851432785505853662e-01 5.458300191299976234e-01
4.861049104207403326e-01 4.751506844860600154e-01
4.870665422908954101e-01 3.878009667876121114e-01
4.880281741610503765e-01 2.625290652793168533e-01
4.889898060312053985e-01 1.598419910204995631e-01
4.899514379013604759e-01 2.017125618258219788e-01
4.909130697715154423e-01 3.459919715905321880e-01
4.918747016416705198e-01 2.940623965992976707e-01
4.928363335118255417e-01 2.924101702994796881e-01
4.937979653819805081e-01 3.546120993921455522e-01
4.947595972521355856e-01 3.343388382913552448e-01
4.957212291222905520e-01 4.946059427360296468e-01
4.966828609924456295e-01 4.786506568756188074e-01
4.976444928626006514e-01 2.848296875751046286e-01
4.986061247327556178e-01 9.380329544938703634e-02
4.995677566029106953e-01 2.409532013583621790e-01
5.005293884730657172e-01 2.932830740778058498e-01
5.014910203432207947e-01 2.950542179390431841e-01
5.024526522133757611e-01 3.152765035840126018e-01
5.034142840835308386e-01 2.738309660826239167e-01
5.043759159536858050e-01 2.466586364115386232e-01
5.053375478238407714e-01 1.208097980198736821e-01
5.062991796939958489e-01 2.129508154003012521e-01
5.072608115641509263e-01 4.459870346264551699e-01
5.082224434343060038e-01 3.465797101171688155e-01
5.091840753044609702e-01 3.824006391210765798e-01
5.101457071746159366e-01 4.124548171210520309e-01
5.111073390447710141e-01 3.235585308230710666e-01
5.120689709149259805e-01 3.933015274648283821e-01
5.130306027850810580e-01 3.610656444844302371e-01
5.139922346552360244e-01 4.193473935268947628e-01
5.149538665253911018e-01 4.631781679081896641e-01
5.159154983955461793e-01 3.395595359302276961e-01
5.168771302657011457e-01 2.708658580873652966e-01
5.178387621358562232e-01 2.590006943984732857e-01
5.188003940060111896e-01 1.385948460910846336e-01
5.197620258761662670e-01 1.590285855711606189e-01
5.207236577463212335e-01 3.138402713049259773e-01
5.216852896164761999e-01 3.617352645319691362e-01
5.226469214866312774e-01 4.985087569416073450e-01
5.236085533567863548e-01 3.620830615284518217e-01
5.245701852269414323e-01 2.096921483123885821e-01
5.255318170970963987e-01 2.050128584481356597e-01
5.264934489672513651e-01 2.666779798964213910e-01
5.274550808374064426e-01 3.169920432498471996e-01
5.284167127075614090e-01 2.713085060425264317e-01
5.293783445777164864e-01 2.421830459139400205e-01
5.303399764478714529e-01 1.790448872939975899e-01
5.313016083180265303e-01 2.910873997164955540e-01
5.322632401881816078e-01 2.882396825566573284e-01
5.332248720583365742e-01 2.840451741765690485e-01
5.341865039284916516e-01 2.609706162189873169e-01
5.351481357986466181e-01 2.682938067369100565e-01
5.361097676688016955e-01 2.843880370802018831e-01
5.370713995389566620e-01 3.629480850833139982e-01
5.380330314091116284e-01 3.566377450125912674e-01
5.389946632792667058e-01 3.965811001183396911e-01
5.399562951494217833e-01 3.522508375610229336e-01
5.409179270195768607e-01 3.094309942917483625e-01
5.418795588897318272e-01 3.337541493732558706e-01
5.428411907598867936e-01 3.966024061887267749e-01
5.438028226300418710e-01 2.430714281971155799e-01
5.447644545001968375e-01 2.455531889532558409e-01
5.457260863703519149e-01 3.914107730842069088e-01
5.466877182405068814e-01 3.881250442214501106e-01
5.476493501106619588e-01 3.990305694225142474e-01
5.486109819808170363e-01 4.640246830500522890e-01
5.495726138509720027e-01 4.380462283599122486e-01
5.505342457211270801e-01 2.354521635507609290e-01
5.514958775912820466e-01 2.250390582089956126e-01
5.524575094614371240e-01 4.022706622929703713e-01
5.534191413315920904e-01 3.735901253799980282e-01
5.543807732017470569e-01 3.074052508536091466e-01
5.553424050719021343e-01 2.917002890642770296e-01
5.563040369420572118e-01 2.571327966412226829e-01
5.572656688122122892e-01 3.425793224025035499e-01
5.582273006823672556e-01 2.742587451857758651e-01
5.591889325525222221e-01 4.558117986203242822e-01
5.601505644226772995e-01 4.449421231315717762e-01
5.611121962928322660e-01 4.208617869063751016e-01
5.620738281629873434e-01 4.169518361981410237e-01
5.630354600331423098e-01 4.560708333744187826e-01
5.639970919032973873e-01 4.028828872117209414e-01
5.649587237734524647e-01 4.011535625218343171e-01
5.659203556436074312e-01 3.630826065200913888e-01
5.668819875137625086e-01 4.301109553026094545e-01
5.678436193839174750e-01 3.937666063434654973e-01
5.688052512540725525e-01 3.769413495254099189e-01
5.697668831242275189e-01 2.644680518187811913e-01
5.707285149943824853e-01 2.738060302515314959e-01
5.716901468645375628e-01 2.937124766158838440e-01
5.726517787346926402e-01 3.412695884983989458e-01
5.736134106048477177e-01 3.806305097602482590e-01
5.745750424750026841e-01 5.206114671607551259e-01
5.755366743451576506e-01 4.173534339351085976e-01
5.764983062153127280e-01 4.181945571502154735e-01
5.774599380854676944e-01 3.042036340540974493e-01
5.784215699556227719e-01 3.900403399283725037e-01
5.793832018257777383e-01 3.445641303745361483e-01
5.803448336959328158e-01 2.681562606170260210e-01
5.813064655660878932e-01 2.649731711424969660e-01
5.822680974362428596e-01 2.171292784824281341e-01
5.832297293063979371e-01 2.373674362563313878e-01
5.841913611765529035e-01 1.986750617073269609e-01
5.851529930467079810e-01 2.719325358636268675e-01
5.861146249168629474e-01 2.088348985553025727e-01
5.870762567870179138e-01 2.892993158000116694e-01
5.880378886571729913e-01 2.650124712647148328e-01
5.889995205273280687e-01 1.675500852338629443e-01
5.899611523974831462e-01 1.573252573005667898e-01
5.909227842676381126e-01 1.502007759568684264e-01
5.918844161377930790e-01 7.542066454662332831e-02
5.928460480079481565e-01 2.312015353429544007e-01
5.938076798781031229e-01 1.643218985245802344e-01
5.947693117482582004e-01 1.287476634972222200e-01
5.957309436184131668e-01 1.961566338389566511e-01
5.966925754885682442e-01 1.456433830662042794e-01
5.976542073587233217e-01 1.353293571384810434e-01
5.986158392288782881e-01 1.402079280311774312e-01
5.995774710990333656e-01 1.211444573157791638e-01
