# q (1/Angstrom), Intensity (arb)
2.067508526570814575e-02 7.512488400266646522e+02
2.163671713586316769e-02 7.897196568784718238e+02
2.259834900601819310e-02 8.196381477454519882e+02
2.355998087617321851e-02 8.268583601445484419e+02
2.452161274632824739e-02 8.267437992542830898e+02
2.548324461648326933e-02 8.311970514786610238e+02
2.644487648663829821e-02 8.294903762469978119e+02
2.740650835679332709e-02 8.266038864105415769e+02
2.836814022694834903e-02 8.217861367918410451e+02
2.932977209710337443e-02 8.193041497841504679e+02
3.029140396725839637e-02 8.153003402175760357e+02
3.125303583741342178e-02 8.077723017229541256e+02
3.221466770756845066e-02 8.034907680366293334e+02
3.317629957772347260e-02 7.977204042494454370e+02
3.413793144787850148e-02 7.907378799133017537e+02
3.509956331803352342e-02 7.835489131946262660e+02
3.606119518818855230e-02 7.802875636214826045e+02
3.702282705834358117e-02 7.719031216722871704e+02
3.798445892849860311e-02 7.604558441406544489e+02
3.894609079865363199e-02 7.557285262944633359e+02
3.990772266880865393e-02 7.485922560553361791e+02
4.086935453896367587e-02 7.381993547792368418e+02
4.183098640911870475e-02 7.251217122131216684e+02
4.279261827927372669e-02 7.158644885171787564e+02
4.375425014942875557e-02 7.012067127398564708e+02
4.471588201958377751e-02 6.864151924406747867e+02
4.567751388973880639e-02 6.769200355165272640e+02
4.663914575989382832e-02 6.680250688545910407e+02
4.760077763004885720e-02 6.560904259943037005e+02
4.856240950020387914e-02 6.482250221707732862e+02
4.952404137035890108e-02 6.347215911328063385e+02
5.048567324051392302e-02 6.201323168663831211e+02
5.144730511066895190e-02 6.088275618613321285e+02
5.240893698082397384e-02 5.953157428199770038e+02
5.337056885097899578e-02 5.799350434748738508e+02
5.433220072113403160e-02 5.659514230824069045e+02
5.529383259128905354e-02 5.528484166986005448e+02
5.625546446144407547e-02 5.400886693228271724e+02
5.721709633159910435e-02 5.276289535872714396e+02
5.817872820175412629e-02 5.129713217369697986e+02
5.914036007190914823e-02 4.967144534576822252e+02
6.010199194206417017e-02 4.832881178273912042e+02
6.106362381221920599e-02 4.683621595196948419e+02
6.202525568237422793e-02 4.555221015471504415e+02
6.298688755252924987e-02 4.437621711434994722e+02
6.394851942268428568e-02 4.296298287122146462e+02
6.491015129283930762e-02 4.159567586350694910e+02
6.587178316299432956e-02 4.028190644671269069e+02
6.683341503314935150e-02 3.897475480571062576e+02
6.779504690330438732e-02 3.769818658996981640e+02
6.875667877345940926e-02 3.631817647695501705e+02
6.971831064361443120e-02 3.524198197187662913e+02
7.067994251376945314e-02 3.401688794519502608e+02
7.164157438392447508e-02 3.265714740664338365e+02
7.260320625407949702e-02 3.163798292466984208e+02
7.356483812423453283e-02 3.044050890456194338e+02
7.452646999438955477e-02 2.922503867277569611e+02
7.548810186454457671e-02 2.813783072587178253e+02
7.644973373469959865e-02 2.696283974316793319e+02
7.741136560485463447e-02 2.588548200303777662e+02
7.837299747500965641e-02 2.478375100179367223e+02
7.933462934516467835e-02 2.369801334513548170e+02
8.029626121531971417e-02 2.276330116339878771e+02
8.125789308547473611e-02 2.172366586775142991e+02
8.221952495562975805e-02 2.079912845417064773e+02
8.318115682578479386e-02 1.992240263778383564e+02
8.414278869593981580e-02 1.904083635385545392e+02
8.510442056609483774e-02 1.819666668533813834e+02
8.606605243624985968e-02 1.739009916835367449e+02
8.702768430640489550e-02 1.660430582425353521e+02
8.798931617655991744e-02 1.576867957743705517e+02
8.895094804671493938e-02 1.483980788996588274e+02
8.991257991686996132e-02 1.411602307848564806e+02
9.087421178702498326e-02 1.342190718377649716e+02
9.183584365718000520e-02 1.276641502290123498e+02
9.279747552733502713e-02 1.205480519201574339e+02
9.375910739749006295e-02 1.125917997567507882e+02
9.472073926764508489e-02 1.061428425919317533e+02
9.568237113780010683e-02 9.991049862971311768e+01
9.664400300795514265e-02 9.355849708514037388e+01
9.760563487811016459e-02 8.843159614904060106e+01
9.856726674826518653e-02 8.403408007261906221e+01
9.952889861842022234e-02 7.808648266673723981e+01
1.004905304885752443e-01 7.237031464304577355e+01
1.014521623587302801e-01 6.758571052347707564e+01
1.024137942288853020e-01 6.339261908206021445e+01
1.033754260990403240e-01 5.871082872721940760e+01
1.043370579691953459e-01 5.416024577041494581e+01
1.052986898393503817e-01 5.054997393857627230e+01
1.062603217095053898e-01 4.672172555446454112e+01
1.072219535796604256e-01 4.326697711819339531e+01
1.081835854498154614e-01 3.979806600779021863e+01
1.091452173199704695e-01 3.682945847311957266e+01
1.101068491901255053e-01 3.383379735952455292e+01
1.110684810602805411e-01 3.060074716778142445e+01
1.120301129304355492e-01 2.823309523156371625e+01
1.129917448005905850e-01 2.545479914415975031e+01
1.139533766707456208e-01 2.301047000494475725e+01
1.149150085409006289e-01 2.107149614641845048e+01
1.158766404110556647e-01 1.932565544674961444e+01
1.168382722812106728e-01 1.703970837729197640e+01
1.177999041513657086e-01 1.525844977158069682e+01
1.187615360215207305e-01 1.388742223818862698e+01
1.197231678916757525e-01 1.222280116694265573e+01
1.206847997618307744e-01 1.077584828222572000e+01
1.216464316319858102e-01 9.738216190071831591e+00
1.226080635021408183e-01 8.304277676096742056e+00
1.235696953722958541e-01 7.267590838954863131e+00
1.245313272424508899e-01 6.172461390030072437e+00
1.254929591126059119e-01 5.374378872967948695e+00
1.264545909827609338e-01 4.633878315970740402e+00
1.274162228529159557e-01 4.070687187048608990e+00
1.283778547230709777e-01 3.609311131937019468e+00
1.293394865932259996e-01 3.096207130050402156e+00
1.303011184633810493e-01 2.501919653281522216e+00
1.312627503335360435e-01 2.064371632262901102e+00
1.322243822036910932e-01 2.238028855031533482e+00
1.331860140738460874e-01 1.797994992655137736e+00
1.341476459440011371e-01 1.651382758100581327e+00
1.351092778141561590e-01 1.694160932544765075e+00
1.360709096843111809e-01 1.375774671622107093e+00
1.370325415544662029e-01 1.407196236941416601e+00
1.379941734246212526e-01 1.228733345954545086e+00
1.389558052947762468e-01 1.110900452982445330e+00
1.399174371649312965e-01 1.130181711887534135e+00
1.408790690350863184e-01 1.301693918178756348e+00
1.418407009052413403e-01 1.699827106213060546e+00
1.428023327753963623e-01 1.679889397978129750e+00
1.437639646455513842e-01 1.636473512731882352e+00
1.447255965157064062e-01 2.018802745233795548e+00
1.456872283858614281e-01 2.605005159836935036e+00
1.466488602560164778e-01 2.769006180064817357e+00
1.476104921261714720e-01 3.082063621454558699e+00
1.485721239963265217e-01 3.107158272357530393e+00
1.495337558664815436e-01 3.402036663570669361e+00
1.504953877366365655e-01 3.710987488918583210e+00
1.514570196067915875e-01 4.093889121770779127e+00
1.524186514769466094e-01 4.152777041226300980e+00
1.533802833471016314e-01 4.307470938502216740e+00
1.543419152172566811e-01 4.866023314372586839e+00
1.553035470874116752e-01 5.349243474670707599e+00
1.562651789575667249e-01 5.307403667664999602e+00
1.572268108277217469e-01 5.592387616933041983e+00
1.581884426978767688e-01 5.871107366443819586e+00
1.591500745680317908e-01 5.825539025215832112e+00
1.601117064381868405e-01 6.096533637245876491e+00
1.610733383083418346e-01 6.294886600861367754e+00
1.620349701784968843e-01 6.208772925486890415e+00
1.629966020486519063e-01 6.187929679178687081e+00
1.639582339188069282e-01 6.228071392570022624e+00
1.649198657889619501e-01 6.762005196190411738e+00
1.658814976591169721e-01 6.964209807932878249e+00
1.668431295292719940e-01 7.036002577971387950e+00
1.678047613994270160e-01 7.301861696078042030e+00
1.687663932695820379e-01 7.321093663126536200e+00
1.697280251397370598e-01 7.424075825540739970e+00
1.706896570098921095e-01 7.440403892801906949e+00
1.716512888800471037e-01 7.713223142799879639e+00
1.726129207502021534e-01 7.671969617502135463e+00
1.735745526203571754e-01 7.472336100199974851e+00
1.745361844905121973e-01 7.397914380213336472e+00
1.754978163606672192e-01 7.534666551325063466e+00
1.764594482308222689e-01 7.729580734997572478e+00
1.774210801009772631e-01 7.127705328076853419e+00
1.783827119711323128e-01 7.180226804966906684e+00
1.793443438412873348e-01 7.210876722755745760e+00
1.803059757114423567e-01 6.898686798266776776e+00
1.812676075815973786e-01 6.741254670867533605e+00
1.822292394517524006e-01 6.981677788359942127e+00
1.831908713219074225e-01 6.821741119550555510e+00
1.841525031920624444e-01 6.714408305981116598e+00
1.851141350622174664e-01 6.379204282204568699e+00
1.860757669323724883e-01 6.097589683153394446e+00
1.870373988025275380e-01 6.045038381215430690e+00
1.879990306726825322e-01 6.102391153164862914e+00
1.889606625428375819e-01 6.034344798668129783e+00
1.899222944129926038e-01 5.845899061867154245e+00
1.908839262831476258e-01 5.586520410266999193e+00
1.918455581533026477e-01 5.303653907295235115e+00
1.928071900234576974e-01 4.972874901603169917e+00
1.937688218936126916e-01 4.781041507535359614e+00
1.947304537637677413e-01 4.514765389192621825e+00
1.956920856339227632e-01 4.376782068490715716e+00
1.966537175040777852e-01 4.315230462853627103e+00
1.976153493742328071e-01 4.330323442871076622e+00
1.985769812443878291e-01 4.084604271339067338e+00
1.995386131145428510e-01 3.841838978595074394e+00
2.005002449846978729e-01 3.610701151620798299e+00
2.014618768548528949e-01 3.439383732169705610e+00
2.024235087250079168e-01 3.213625211553910788e+00
2.033851405951629665e-01 2.973470206118982162e+00
2.043467724653179884e-01 2.801108215775496291e+00
2.053084043354730381e-01 2.456463534734588450e+00
2.062700362056280046e-01 2.523374197341805569e+00
2.072316680757830543e-01 2.563298501589649447e+00
2.081932999459380762e-01 2.445660115436400162e+00
2.091549318160931259e-01 2.135444811779354524e+00
2.101165636862481478e-01 1.831075118210296893e+00
2.110781955564031698e-01 1.591981254614086794e+00
2.120398274265581640e-01 1.486086189551752312e+00
2.130014592967132137e-01 1.577639190087062104e+00
2.139630911668682356e-01 1.498864630814338739e+00
2.149247230370232575e-01 1.284701012523633779e+00
2.158863549071783072e-01 1.359815416937017574e+00
2.168479867773333014e-01 1.200086436644539845e+00
2.178096186474883234e-01 1.051820819839413446e+00
2.187712505176433453e-01 1.182586355593873151e+00
2.197328823877983950e-01 1.002312232677116555e+00
2.206945142579534169e-01 7.542508585951850364e-01
2.216561461281084666e-01 4.667924747670326724e-01
2.226177779982634330e-01 5.378353309664305471e-01
2.235794098684184827e-01 4.563972993182190407e-01
2.245410417385735047e-01 5.497927062611509541e-01
2.255026736087285544e-01 4.536466123342997037e-01
2.264643054788835763e-01 3.092650504565774838e-01
2.274259373490385983e-01 2.889070085166522972e-01
2.283875692191935924e-01 3.143616424670341303e-01
2.293492010893486421e-01 3.173129249205040026e-01
2.303108329595036641e-01 3.229950390134099791e-01
2.312724648296586860e-01 4.213311538005335422e-01
2.322340966998137357e-01 3.607155594912327956e-01
2.331957285699687299e-01 1.802128366222746081e-01
2.341573604401237518e-01 1.586127283355054374e-01
2.351189923102787738e-01 1.507786721572301758e-01
2.360806241804338235e-01 4.696209103759194647e-01
2.370422560505888454e-01 2.706420887952312171e-01
2.380038879207438951e-01 4.316618417732875912e-01
2.389655197908988615e-01 4.766524346404814594e-01
2.399271516610539112e-01 2.721329273934038895e-01
2.408887835312089332e-01 1.007950231771737037e-01
2.418504154013639829e-01 2.271133925024670930e-01
2.428120472715190048e-01 2.187937719607120357e-01
2.437736791416740267e-01 4.302421301888657013e-01
2.447353110118290209e-01 4.964322813603558870e-01
2.456969428819840706e-01 4.628488685848104467e-01
2.466585747521390926e-01 5.587764767279566058e-01
2.476202066222941145e-01 5.819290595882300465e-01
2.485818384924491642e-01 4.159330861815355718e-01
2.495434703626041584e-01 4.039778905249633567e-01
2.505051022327591803e-01 7.683741738794829246e-01
2.514667341029142023e-01 7.024484522584053536e-01
2.524283659730692242e-01 7.583230372497382632e-01
2.533899978432243016e-01 7.984748073080254471e-01
2.543516297133793236e-01 7.533660856273520778e-01
2.553132615835342900e-01 4.360983120012811298e-01
2.562748934536893120e-01 5.407094576012418941e-01
2.572365253238443894e-01 8.636349569502215218e-01
2.581981571939994113e-01 8.500142230318452619e-01
2.591597890641544333e-01 9.058781310686292443e-01
2.601214209343094552e-01 8.972212178403076166e-01
2.610830528044644772e-01 6.907588770561794433e-01
2.620446846746194991e-01 7.872245171421283771e-01
2.630063165447745210e-01 8.597894283573950247e-01
2.639679484149295430e-01 9.185694766337277883e-01
2.649295802850845649e-01 9.839132096684579665e-01
2.658912121552395869e-01 9.340397124301595966e-01
2.668528440253946088e-01 1.064603861022035858e+00
2.678144758955496307e-01 9.593429368957018255e-01
2.687761077657046527e-01 1.047361365890459695e+00
2.697377396358597301e-01 1.018717110180539009e+00
2.706993715060147521e-01 9.706279240586965784e-01
2.716610033761697185e-01 1.210195504088634522e+00
2.726226352463247404e-01 1.147763685187843663e+00
2.735842671164798179e-01 1.109826939280079472e+00
2.745458989866348398e-01 9.732225285126965275e-01
2.755075308567898618e-01 1.109857202233865081e+00
2.764691627269448837e-01 1.029299293259917647e+00
2.774307945970999056e-01 1.061211222148241262e+00
2.783924264672549276e-01 1.152532030271412822e+00
2.793540583374099495e-01 1.154489854634345392e+00
2.803156902075649715e-01 9.098366136319313568e-01
2.812773220777199934e-01 1.010244949216367871e+00
2.822389539478750153e-01 8.722916173767814030e-01
2.832005858180300373e-01 7.890519877620008060e-01
2.841622176881850592e-01 1.047470556677204456e+00
2.851238495583400812e-01 1.071699436897525004e+00
2.860854814284951586e-01 9.979346847622814209e-01
2.870471132986501805e-01 8.621041292837716696e-01
2.880087451688051470e-01 9.741008681555598514e-01
2.889703770389601689e-01 9.236688534680936868e-01
2.899320089091152464e-01 8.835793591604819142e-01
2.908936407792702683e-01 8.605165256344022850e-01
2.918552726494252902e-01 7.899008828818416816e-01
2.928169045195803122e-01 7.574546610192562923e-01
2.937785363897353341e-01 8.684533644321312806e-01
2.947401682598903561e-01 6.729298410844215539e-01
2.957018001300453780e-01 7.899841410296950528e-01
2.966634320002003999e-01 1.156166699330942293e+00
2.976250638703554219e-01 1.340348494422105574e+00
2.985866957405104993e-01 8.822156400785701180e-01
2.995483276106654658e-01 8.508308274568037177e-01
3.005099594808204877e-01 7.344510945997626550e-01
3.014715913509755651e-01 6.380090942726042158e-01
3.024332232211305871e-01 4.457820675383779019e-01
3.033948550912856090e-01 6.318440802889355723e-01
3.043564869614405755e-01 4.470892352386535151e-01
3.053181188315956529e-01 2.977618262644483593e-01
3.062797507017506748e-01 4.349636579355085075e-01
3.072413825719056968e-01 3.297221098886176094e-01
3.082030144420607187e-01 3.470831639092537557e-01
3.091646463122157407e-01 4.516788772721085365e-01
3.101262781823707626e-01 4.209925813010357842e-01
3.110879100525257845e-01 2.355336625704893549e-01
3.120495419226808065e-01 3.716862538694769569e-01
3.130111737928358284e-01 5.431656845918375609e-01
3.139728056629909059e-01 2.382225859755848774e-01
3.149344375331459278e-01 2.629822357088009710e-01
3.158960694033008942e-01 2.837664868391733819e-01
3.168577012734559162e-01 1.946657506267754911e-01
3.178193331436109936e-01 2.351731027568888521e-01
3.187809650137660156e-01 3.221086829597581414e-01
3.197425968839210375e-01 1.663129886249947731e-01
3.207042287540760039e-01 1.699438774961592458e-01
3.216658606242310814e-01 1.461090011337624617e-01
3.226274924943861033e-01 8.884968419977212761e-02
3.235891243645411253e-01 1.451440193012167867e-01
3.245507562346961472e-01 0.000000000000000000e+00
3.255123881048511691e-01 6.571325132314598250e-02
3.264740199750061911e-01 1.778559132109762686e-01
3.274356518451612130e-01 9.045740883366093499e-02
3.283972837153162350e-01 2.121674759901921448e-01
3.293589155854712569e-01 2.528845881009686991e-01
3.303205474556263344e-01 1.736071729678982933e-01
3.312821793257813563e-01 1.122662349697840511e-01
3.322438111959363227e-01 1.945736105519628723e-01
3.332054430660913447e-01 1.320393127662349286e-01
3.341670749362464221e-01 3.182832421246786225e-01
3.351287068064014441e-01 4.229016007835362245e-01
3.360903386765564660e-01 3.106338173381537615e-01
3.370519705467114324e-01 3.971713385222450654e-01
3.380136024168665099e-01 2.078208795154168342e-01
3.389752342870215318e-01 2.148250790089711870e-01
3.399368661571765537e-01 2.479454362220749886e-01
3.408984980273315757e-01 2.404386033865115735e-01
3.418601298974865976e-01 3.889202613985069945e-01
3.428217617676416196e-01 4.324416346152304413e-01
3.437833936377966415e-01 3.729109895830333699e-01
3.447450255079516634e-01 3.350876090343781755e-01
3.457066573781066854e-01 4.034971740155768316e-01
3.466682892482617628e-01 3.690261707624316045e-01
3.476299211184167848e-01 2.285005579246472962e-01
3.485915529885717512e-01 3.530812871560584654e-02
3.495531848587267731e-01 2.211880448006375843e-01
3.505148167288818506e-01 1.465686869155184979e-01
3.514764485990368725e-01 1.863169299920954813e-01
3.524380804691918945e-01 2.208836782772038987e-01
3.533997123393468609e-01 2.868030019454046453e-01
3.543613442095019384e-01 1.136710902210360530e-01
3.553229760796569603e-01 2.455045445482255673e-01
3.562846079498119822e-01 3.119035509858782973e-01
3.572462398199670042e-01 3.932231106090888773e-01
3.582078716901220261e-01 4.448166918613374321e-01
3.591695035602770480e-01 2.330553712924761101e-01
3.601311354304320700e-01 2.059394988518477021e-01
3.610927673005870919e-01 2.725949435272170263e-01
3.620543991707421139e-01 2.074486583196843981e-01
3.630160310408971913e-01 1.704486217582896757e-01
3.639776629110522133e-01 2.488054823954115591e-01
3.649392947812071797e-01 2.819037583591281759e-01
3.659009266513622016e-01 3.765569271625572867e-01
3.668625585215172791e-01 2.861309956399473720e-01
3.678241903916723010e-01 2.015269349445212299e-01
3.687858222618273230e-01 3.230045747732894768e-01
3.697474541319822894e-01 3.216949225584819771e-01
3.707090860021373668e-01 2.843160942218858622e-01
3.716707178722923888e-01 4.262118665349774460e-01
3.726323497424474107e-01 3.210386745975526424e-01
3.735939816126024327e-01 4.554603268332400035e-01
3.745556134827574546e-01 3.930048875614922110e-01
3.755172453529124765e-01 3.448699767863168120e-01
3.764788772230674985e-01 3.206018507415926422e-01
3.774405090932225204e-01 2.886078874153135132e-01
3.784021409633775423e-01 2.610697972542901368e-01
3.793637728335326198e-01 3.967884652477025043e-01
3.803254047036876417e-01 2.876689138898740339e-01
3.812870365738426082e-01 2.733945779755586614e-01
3.822486684439976301e-01 2.877300470262724730e-01
3.832103003141527076e-01 3.021577068438858760e-01
3.841719321843077295e-01 4.676462970534061014e-01
3.851335640544627514e-01 4.651017461855673218e-01
3.860951959246177734e-01 3.251470760727421805e-01
3.870568277947727953e-01 2.534926969547122155e-01
3.880184596649278173e-01 2.623927459708568222e-01
3.889800915350828392e-01 3.512466754041625450e-01
3.899417234052378611e-01 3.167634283149389773e-01
3.909033552753928831e-01 3.789168189190270652e-01
3.918649871455479050e-01 2.540839467905300353e-01
3.928266190157029270e-01 2.036702845176456833e-01
3.937882508858579489e-01 3.855431695261088976e-01
3.947498827560129708e-01 2.858361238596742737e-01
3.957115146261680483e-01 1.536158140607604139e-01
3.966731464963230702e-01 1.263678614877576933e-01
3.976347783664780366e-01 2.090189171951841729e-01
3.985964102366330586e-01 2.488093727205509254e-01
3.995580421067881360e-01 2.824814697269708574e-01
4.005196739769430470e-01 3.690990872956874114e-01
4.014813058470981244e-01 3.764626762079643640e-01
4.024429377172531463e-01 3.147266220811140158e-01
4.034045695874082238e-01 3.148277235961174370e-01
4.043662014575631902e-01 2.838379023650396960e-01
4.053278333277181567e-01 1.788068761878847113e-01
4.062894651978732341e-01 2.872055090073430961e-01
4.072510970680282560e-01 1.221692122441382367e-01
4.082127289381833335e-01 6.699903651368188662e-02
4.091743608083382999e-01 1.393337606859361699e-01
4.101359926784933774e-01 1.478427152062593564e-01
4.110976245486483993e-01 7.245315732120616303e-02
4.120592564188033657e-01 1.766724418088330140e-01
4.130208882889584432e-01 3.455773474229317799e-01
4.139825201591134096e-01 4.007335261897999601e-01
4.149441520292684871e-01 3.294712317040406901e-01
4.159057838994235090e-01 2.879987203671703355e-01
4.168674157695784754e-01 3.323419961290206004e-01
4.178290476397335529e-01 3.888304238970192728e-01
4.187906795098885748e-01 3.711663390038886234e-01
4.197523113800436523e-01 2.876280273575382296e-01
4.207139432501986187e-01 2.407974040222207179e-01
4.216755751203536962e-01 2.306613094325982161e-01
4.226372069905086626e-01 2.878437370497586301e-01
4.235988388606636845e-01 3.608590931468533824e-01
4.245604707308187620e-01 2.618790989527575164e-01
4.255221026009737284e-01 2.880645479396726216e-01
4.264837344711288059e-01 2.966133026776773818e-01
4.274453663412838278e-01 2.029116066609191193e-01
4.284069982114387942e-01 2.945533553989143627e-01
4.293686300815938717e-01 3.030195423964592294e-01
4.303302619517488381e-01 2.786361419011669227e-01
4.312918938219039156e-01 2.453120626453682007e-01
4.322535256920589375e-01 2.570120471396712958e-01
4.332151575622139039e-01 1.837166356380812715e-01
4.341767894323689814e-01 7.554798506898308119e-02
4.351384213025240033e-01 2.323421605805151557e-01
4.361000531726790808e-01 1.417629947025709214e-01
4.370616850428340472e-01 2.274120857275505614e-01
4.380233169129891246e-01 2.702321566688610233e-01
4.389849487831440911e-01 3.657739687361321046e-01
4.399465806532991130e-01 1.943226118759220356e-01
4.409082125234541905e-01 1.835580392320466103e-01
4.418698443936091569e-01 2.316628439974124376e-01
4.428314762637642343e-01 2.597324042537252353e-01
4.437931081339192563e-01 9.977493044107887954e-02
4.447547400040742227e-01 1.574741965417416623e-01
4.457163718742293002e-01 2.445416686278214513e-01
4.466780037443842666e-01 2.019489846639750397e-01
4.476396356145393440e-01 1.009688884848962687e-01
4.486012674846943660e-01 1.355971711003256530e-01
4.495628993548493324e-01 2.620192665896681206e-02
4.505245312250044099e-01 2.200643133017159414e-01
4.514861630951594318e-01 2.782236931364217014e-01
4.524477949653145092e-01 3.241584661177654425e-01
4.534094268354694757e-01 4.313256123252493524e-01
4.543710587056245531e-01 3.010291780023557351e-01
4.553326905757795195e-01 1.450323331836358420e-01
4.562943224459345415e-01 1.660621436681140040e-01
4.572559543160896189e-01 1.779231769169236088e-01
4.582175861862445854e-01 5.871821397629162220e-02
4.591792180563996628e-01 1.629151683140861451e-02
4.601408499265546848e-01 2.764491666976454098e-01
4.611024817967096512e-01 2.957072181427413682e-01
4.620641136668647286e-01 4.090542897061304473e-01
4.630257455370196951e-01 4.094837866799849735e-01
4.639873774071747725e-01 4.036350562278165910e-01
4.649490092773297945e-01 3.852361617637320990e-01
4.659106411474847609e-01 3.309379134231740238e-01
4.668722730176398383e-01 4.724941939632039123e-01
4.678339048877948603e-01 2.287439947424410036e-01
4.687955367579499377e-01 2.590958917256642735e-01
4.697571686281049042e-01 2.120873880766964703e-01
4.707188004982599816e-01 1.363056522860262021e-01
4.716804323684149480e-01 8.394538548131436073e-02
4.726420642385699700e-01 2.344450125582042688e-01
4.736036961087250474e-01 3.011326194443917359e-01
4.745653279788800138e-01 2.709325965708302419e-01
4.755269598490350913e-01 2.759877232213838738e-01
4.764885917191901132e-01 4.016970871497811402e-01
4.774502235893450797e-01 3.413147405224385977e-01
4.784118554595001571e-01 3.264615468602762860e-01
4.793734873296551235e-01 3.678131742018742045e-01
4.803351191998102010e-01 3.512297040445524487e-01
4.812967510699652229e-01 3.774088163458593215e-01
4.822583829401201894e-01 3.075577754245202300e-01
4.832200148102752668e-01 1.641016258119378790e-01
4.841816466804302888e-01 2.273328909719509738e-01
4.851432785505853662e-01 3.237339949731641298e-01
4.861049104207403326e-01 2.822090691730636536e-01
4.870665422908954101e-01 2.447653166963341675e-01
4.880281741610503765e-01 2.238289029638913519e-01
4.889898060312053985e-01 3.171606843646195273e-01
4.899514379013604759e-01 2.982533894482557457e-01
4.909130697715154423e-01 2.269527901840753259e-01
4.918747016416705198e-01 1.892625159758196673e-01
4.928363335118255417e-01 2.287864427880350604e-01
4.937979653819805081e-01 2.535610718707523858e-01
4.947595972521355856e-01 2.352247295531775251e-01
4.957212291222905520e-01 1.562159659505759635e-01
4.966828609924456295e-01 5.645120231322309223e-02
4.976444928626006514e-01 1.821984366584743498e-01
4.986061247327556178e-01 5.329913772295569174e-02
4.995677566029106953e-01 8.135895367933088096e-02
5.005293884730657172e-01 1.676996002365456206e-01
5.014910203432207947e-01 1.301915362163192924e-01
5.024526522133757611e-01 2.013027880819429072e-01
5.034142840835308386e-01 1.988453026290954995e-01
5.043759159536858050e-01 2.663513282364924351e-01
5.053375478238407714e-01 1.908797009635989639e-01
5.062991796939958489e-01 2.861692713565666679e-01
5.072608115641509263e-01 1.446163385259566780e-01
5.082224434343060038e-01 1.716904659667974897e-01
5.091840753044609702e-01 2.529548649776600655e-01
5.101457071746159366e-01 3.859061938044767714e-01
5.111073390447710141e-01 3.607744623748168067e-01
5.120689709149259805e-01 3.230823515391492151e-01
5.130306027850810580e-01 2.072990606259352830e-01
5.139922346552360244e-01 2.047766455656834239e-01
5.149538665253911018e-01 1.033164897186509279e-01
5.159154983955461793e-01 1.495639030194233499e-01
5.168771302657011457e-01 2.410813237750630833e-01
5.178387621358562232e-01 2.602179209087971401e-01
5.188003940060111896e-01 2.087890380319450401e-01
5.197620258761662670e-01 1.964577859128056048e-01
5.207236577463212335e-01 2.381110439838778348e-01
5.216852896164761999e-01 2.641035689356563410e-01
5.226469214866312774e-01 1.000911885568669391e-01
5.236085533567863548e-01 5.474924875659681334e-02
5.245701852269414323e-01 1.168950069017817839e-01
5.255318170970963987e-01 1.141208630807746260e-01
5.264934489672513651e-01 2.341632927250714147e-02
5.274550808374064426e-01 9.909429162609839636e-02
5.284167127075614090e-01 1.822686043596419836e-01
5.293783445777164864e-01 2.345185270272445166e-01
5.303399764478714529e-01 4.034165870279373678e-01
5.313016083180265303e-01 2.674573746947643826e-01
5.322632401881816078e-01 2.114258070860586258e-01
5.332248720583365742e-01 2.225547471700437541e-01
5.341865039284916516e-01 2.321097787172980986e-01
5.351481357986466181e-01 2.432486859202747098e-01
5.361097676688016955e-01 3.490137702329931813e-01
5.370713995389566620e-01 3.436182050545326661e-01
5.380330314091116284e-01 3.108177190458363270e-01
5.389946632792667058e-01 2.508279803190021084e-01
5.399562951494217833e-01 3.858808728605538363e-01
5.409179270195768607e-01 3.187498199653475695e-01
5.418795588897318272e-01 2.955913211016110154e-01
5.428411907598867936e-01 2.816272084895281580e-01
5.438028226300418710e-01 2.892033911162315007e-01
5.447644545001968375e-01 3.093666626595812374e-01
5.457260863703519149e-01 2.270918744763861241e-01
5.466877182405068814e-01 1.173792088357821228e-01
5.476493501106619588e-01 2.645248814409875138e-01
5.486109819808170363e-01 4.079086711963952894e-01
5.495726138509720027e-01 2.661295329185335845e-01
5.505342457211270801e-01 2.402528915484829497e-01
5.514958775912820466e-01 2.793296059834844414e-01
5.524575094614371240e-01 3.524946744579295910e-01
5.534191413315920904e-01 3.958725236709703665e-01
5.543807732017470569e-01 3.713428296896559289e-01
5.553424050719021343e-01 3.088963212340800624e-01
5.563040369420572118e-01 2.643571186210387225e-01
5.572656688122122892e-01 2.443092404382660732e-01
5.582273006823672556e-01 2.775644450029943755e-01
5.591889325525222221e-01 3.109185985228926086e-01
5.601505644226772995e-01 3.405318766057057189e-01
5.611121962928322660e-01 2.979533081753373835e-01
5.620738281629873434e-01 2.384835806311684792e-01
5.630354600331423098e-01 2.720917734969816593e-01
5.639970919032973873e-01 1.895853863309575615e-01
5.649587237734524647e-01 1.137336897949374759e-01
5.659203556436074312e-01 1.632771451191104006e-01
5.668819875137625086e-01 2.203046794275138609e-01
5.678436193839174750e-01 2.755801523952250420e-01
5.688052512540725525e-01 3.443493830300674574e-01
5.697668831242275189e-01 3.228571701372153768e-01
5.707285149943824853e-01 3.546414736660246092e-01
5.716901468645375628e-01 2.328214661699874455e-01
5.726517787346926402e-01 1.834427567696437222e-01
5.736134106048477177e-01 1.022638130101007903e-01
5.745750424750026841e-01 1.116091978791615702e-01
5.755366743451576506e-01 1.457508584780917715e-01
5.764983062153127280e-01 1.670145886858591666e-01
5.774599380854676944e-01 1.658274213369494987e-01
5.784215699556227719e-01 2.338357189489705945e-01
5.793832018257777383e-01 2.399826191393579222e-01
5.803448336959328158e-01 1.822904952361064090e-01
5.813064655660878932e-01 1.963664991989340081e-01
5.822680974362428596e-01 1.498764819111464419e-01
5.832297293063979371e-01 9.032491885375648621e-02
5.841913611765529035e-01 4.840615813728987860e-02
5.851529930467079810e-01 7.251270597001280294e-02
5.861146249168629474e-01 1.011109460501415924e-01
5.870762567870179138e-01 1.380099855061338587e-01
5.880378886571729913e-01 2.018844104237835779e-01
5.889995205273280687e-01 1.854327923325413963e-01
5.899611523974831462e-01 9.324229223651059328e-02
5.909227842676381126e-01 6.246990204004276848e-02
5.918844161377930790e-01 2.121067545004713395e-01
5.928460480079481565e-01 2.341446649021570181e-01
5.938076798781031229e-01 1.777310912994742864e-01
5.947693117482582004e-01 1.793919327813959796e-01
5.957309436184131668e-01 9.313790045358416592e-02
5.966925754885682442e-01 8.510820896165327554e-02
5.976542073587233217e-01 5.768768068327290166e-02
5.986158392288782881e-01 1.239126080648418338e-01
5.995774710990333656e-01 4.845942413655635050e-02
