# q (1/Angstrom), Intensity (arb)
2.029070354705860696e-02 0.000000000000000000e+00
2.133125244372399004e-02 2.731355142231166155e+00
2.237180134038937659e-02 5.233165714870551710e+00
2.341235023705475968e-02 5.174426524194984722e+00
2.445289913372014276e-02 4.263073677048708987e+00
2.549344803038552584e-02 4.510832359539548975e+00
2.653399692705091240e-02 5.442912947155178927e+00
2.757454582371629548e-02 2.855999081854051269e+00
2.861509472038167856e-02 3.455039588305652387e+00
2.965564361704706164e-02 3.242052784416841860e+00
3.069619251371244473e-02 3.650811173864724424e+00
3.173674141037782781e-02 3.103098042306825732e+00
3.277729030704321089e-02 2.894493668725999669e+00
3.381783920370859398e-02 3.393812698624081747e+00
3.485838810037397706e-02 4.337966152452118251e+00
3.589893699703936014e-02 4.010969914792227087e+00
3.693948589370474322e-02 3.816640062675460854e+00
3.798003479037012631e-02 4.404138643094086092e+00
3.902058368703550939e-02 3.878467465739738884e+00
4.006113258370089247e-02 3.681511745660372981e+00
4.110168148036627556e-02 4.125855460736097768e+00
4.214223037703165864e-02 4.139713943527986828e+00
4.318277927369704866e-02 4.151752742692529807e+00
4.422332817036243174e-02 4.268162056377605040e+00
4.526387706702781483e-02 3.902224589667838472e+00
4.630442596369319791e-02 3.544299390152332307e+00
4.734497486035858099e-02 4.257630243949620308e+00
4.838552375702396408e-02 4.422824000615580786e+00
4.942607265368934716e-02 5.073193708206034103e+00
5.046662155035473024e-02 5.130859096077738712e+00
5.150717044702011332e-02 5.372888027327295646e+00
5.254771934368549641e-02 4.990483460414193218e+00
5.358826824035087949e-02 4.740533406227022795e+00
5.462881713701626257e-02 4.999299732506422345e+00
5.566936603368164566e-02 5.044771192967303364e+00
5.670991493034702874e-02 4.520455249738198233e+00
5.775046382701241182e-02 5.016551078985788337e+00
5.879101272367779490e-02 4.812848529823192223e+00
5.983156162034317799e-02 4.972108956391171120e+00
6.087211051700856107e-02 5.299878938690074648e+00
6.191265941367394415e-02 5.375047578536072734e+00
6.295320831033933417e-02 5.469843130877194426e+00
6.399375720700471726e-02 5.300217475634294573e+00
6.503430610367010034e-02 4.651684913569976487e+00
6.607485500033548342e-02 3.876290129310017818e+00
6.711540389700086651e-02 5.041552307510929865e+00
6.815595279366624959e-02 5.481967684638650695e+00
6.919650169033163267e-02 5.063624833654003510e+00
7.023705058699701576e-02 5.116102937428241404e+00
7.127759948366239884e-02 5.024907811577918437e+00
7.231814838032778192e-02 5.337553427459180710e+00
7.335869727699316500e-02 5.515395880919253813e+00
7.439924617365854809e-02 5.453128676340810443e+00
7.543979507032393117e-02 5.592987025639104104e+00
7.648034396698931425e-02 4.944299685686907253e+00
7.752089286365469734e-02 5.212819436260680561e+00
7.856144176032008042e-02 5.597560859141534451e+00
7.960199065698546350e-02 5.229317489131236840e+00
8.064253955365084658e-02 4.794490753104199143e+00
8.168308845031622967e-02 5.049081111269330790e+00
8.272363734698161275e-02 4.742774569494642378e+00
8.376418624364699583e-02 4.897827851930156129e+00
8.480473514031239279e-02 5.331880940452411011e+00
8.584528403697777588e-02 5.587900347054432615e+00
8.688583293364315896e-02 4.928573587784288890e+00
8.792638183030854204e-02 4.793222043234184326e+00
8.896693072697392513e-02 4.636676623584403245e+00
9.000747962363930821e-02 4.602685657432783017e+00
9.104802852030469129e-02 4.949145837858452524e+00
9.208857741697007437e-02 5.381295836849144365e+00
9.312912631363545746e-02 4.905090760455465215e+00
9.416967521030084054e-02 4.645740053974556361e+00
9.521022410696622362e-02 4.731154367920943571e+00
9.625077300363160671e-02 4.908171815509799529e+00
9.729132190029698979e-02 5.037814745763355972e+00
9.833187079696237287e-02 4.602646200970795576e+00
9.937241969362775595e-02 4.625866183156237099e+00
1.004129685902931390e-01 5.227909392000054112e+00
1.014535174869585221e-01 5.627847140154237593e+00
1.024940663836239052e-01 5.114969925255245187e+00
1.035346152802892883e-01 5.176971856812141226e+00
1.045751641769546714e-01 4.820246597613756734e+00
1.056157130736200545e-01 4.782445660127077502e+00
1.066562619702854375e-01 5.298112258180054823e+00
1.076968108669508206e-01 4.817734205701569294e+00
1.087373597636162037e-01 5.049973694339850994e+00
1.097779086602815868e-01 5.265843956762644495e+00
1.108184575569469699e-01 5.080506159600350458e+00
1.118590064536123529e-01 5.084235089820204223e+00
1.128995553502777360e-01 5.141415712083880152e+00
1.139401042469431191e-01 5.035055736578364360e+00
1.149806531436085022e-01 5.177883726890776472e+00
1.160212020402738853e-01 5.483263056437195360e+00
1.170617509369392684e-01 5.327578389936931558e+00
1.181022998336046514e-01 4.991824947626113840e+00
1.191428487302700345e-01 4.846084557136006055e+00
1.201833976269354176e-01 4.829219122226636074e+00
1.212239465236008007e-01 5.002852448393259266e+00
1.222644954202661838e-01 4.976217708529208750e+00
1.233050443169315669e-01 5.132715045342415294e+00
1.243455932135969499e-01 5.174631208790557935e+00
1.253861421102623330e-01 4.892739841450644889e+00
1.264266910069277161e-01 4.993865574752121006e+00
1.274672399035930992e-01 4.880892474328391017e+00
1.285077888002584823e-01 5.214157519186045420e+00
1.295483376969238654e-01 5.188894181692816687e+00
1.305888865935892484e-01 5.255381741862649392e+00
1.316294354902546315e-01 5.116803203480884576e+00
1.326699843869200146e-01 5.084538801714796108e+00
1.337105332835853977e-01 5.008601840505267688e+00
1.347510821802507808e-01 5.279473395662989788e+00
1.357916310769161639e-01 5.257910553807697340e+00
1.368321799735815469e-01 4.713510963169095902e+00
1.378727288702469300e-01 4.770012777679241367e+00
1.389132777669123131e-01 5.255516540237852752e+00
1.399538266635776962e-01 5.212212173580642371e+00
1.409943755602430793e-01 5.138233470849538520e+00
1.420349244569084624e-01 5.180138650158692570e+00
1.430754733535738454e-01 5.396574453244848968e+00
1.441160222502392285e-01 5.278844856161917676e+00
1.451565711469046116e-01 5.341182750956672720e+00
1.461971200435699947e-01 5.340815419128833952e+00
1.472376689402353778e-01 5.159220146129165130e+00
1.482782178369007609e-01 5.317231669092578272e+00
1.493187667335661439e-01 5.156031964347597807e+00
1.503593156302315270e-01 5.021641252304920755e+00
1.513998645268969101e-01 4.970600267053487897e+00
1.524404134235622932e-01 4.943617225312351593e+00
1.534809623202276763e-01 5.109820042482848379e+00
1.545215112168930593e-01 5.476200547508227601e+00
1.555620601135584424e-01 5.614759743856456708e+00
1.566026090102238255e-01 5.269676780614009459e+00
1.576431579068892086e-01 4.975793183828539412e+00
1.586837068035545917e-01 5.107955196794339514e+00
1.597242557002199748e-01 5.127603822364967812e+00
1.607648045968853578e-01 5.221608664706529623e+00
1.618053534935507409e-01 5.242971643545185856e+00
1.628459023902161240e-01 4.795315498983988789e+00
1.638864512868815071e-01 4.818903028700081137e+00
1.649270001835468902e-01 5.102373476221867321e+00
1.659675490802122733e-01 5.094821203742945670e+00
1.670080979768776563e-01 5.035024017277542896e+00
1.680486468735430672e-01 5.077554201678843526e+00
1.690891957702084503e-01 5.121651850839779030e+00
1.701297446668738333e-01 4.502103826119725483e+00
1.711702935635392164e-01 4.941429337790101073e+00
1.722108424602045995e-01 5.030737201352195598e+00
1.732513913568699826e-01 5.056757529795632422e+00
1.742919402535353657e-01 5.134823816771703520e+00
1.753324891502007488e-01 5.069290617839573798e+00
1.763730380468661318e-01 5.105902593091414587e+00
1.774135869435315149e-01 5.156247256983185423e+00
1.784541358401968980e-01 5.089025047886689634e+00
1.794946847368622811e-01 5.603015969063434909e+00
1.805352336335276642e-01 5.348040337289784674e+00
1.815757825301930473e-01 5.386171383772261123e+00
1.826163314268584303e-01 5.258851897794635022e+00
1.836568803235238134e-01 4.841193667146740154e+00
1.846974292201891965e-01 4.661968476239007231e+00
1.857379781168545796e-01 5.001824453268703508e+00
1.867785270135199627e-01 4.893705883791067635e+00
1.878190759101853458e-01 5.009870583906053554e+00
1.888596248068507288e-01 5.131831602725593910e+00
1.899001737035161119e-01 4.990818698840765677e+00
1.909407226001814950e-01 5.043798833194049536e+00
1.919812714968468781e-01 5.107873202480682551e+00
1.930218203935122612e-01 4.864045028967037609e+00
1.940623692901776443e-01 4.612854251068057465e+00
1.951029181868430273e-01 4.787071172501377703e+00
1.961434670835084104e-01 4.919819097581150658e+00
1.971840159801737935e-01 5.089805974281524925e+00
1.982245648768391766e-01 5.223994278494767940e+00
1.992651137735045597e-01 5.004993823642926998e+00
2.003056626701699428e-01 4.834272252453459373e+00
2.013462115668353813e-01 5.095965123286404719e+00
2.023867604635007644e-01 5.048302946339404684e+00
2.034273093601661475e-01 5.090825997189227792e+00
2.044678582568315306e-01 4.987391252673170072e+00
2.055084071534969137e-01 4.900022715627169845e+00
2.065489560501622968e-01 5.003400442915140189e+00
2.075895049468276798e-01 5.074401774012024191e+00
2.086300538434930629e-01 5.049574756949549936e+00
2.096706027401584460e-01 5.222069117437651897e+00
2.107111516368238291e-01 5.044108837080326424e+00
2.117517005334892122e-01 4.960260978150262900e+00
2.127922494301545953e-01 5.237301265078947665e+00
2.138327983268199783e-01 5.116624656125381421e+00
2.148733472234853614e-01 5.185306474267878940e+00
2.159138961201507445e-01 5.029499164303338432e+00
2.169544450168161276e-01 5.068650021227846025e+00
2.179949939134815107e-01 5.121456946759884943e+00
2.190355428101468938e-01 4.926017439245253371e+00
2.200760917068122768e-01 4.936021938519100871e+00
2.211166406034776599e-01 5.075852466649674710e+00
2.221571895001430430e-01 4.759506871429056929e+00
2.231977383968084261e-01 4.813202424602234686e+00
2.242382872934738092e-01 5.115993077914382070e+00
2.252788361901391923e-01 5.224197426337131134e+00
2.263193850868045753e-01 5.250014761173268596e+00
2.273599339834699584e-01 5.109417395174432386e+00
2.284004828801353415e-01 4.906668001654406197e+00
2.294410317768007246e-01 4.987857612156513909e+00
2.304815806734661077e-01 5.079101941866877468e+00
2.315221295701314908e-01 4.983532275022515279e+00
2.325626784667968738e-01 4.849314555472687971e+00
2.336032273634622569e-01 4.582255248691321725e+00
2.346437762601276400e-01 4.673721265323603546e+00
2.356843251567930231e-01 4.950369298040179444e+00
2.367248740534584062e-01 4.955955738744680872e+00
2.377654229501237892e-01 4.774225224125938638e+00
2.388059718467891723e-01 4.684209552586796832e+00
2.398465207434545554e-01 4.880973798993760937e+00
2.408870696401199385e-01 4.889330375243851279e+00
2.419276185367853216e-01 5.018820373133110024e+00
2.429681674334507047e-01 4.885426888982451032e+00
2.440087163301160877e-01 4.760534432655383341e+00
2.450492652267814708e-01 4.819286905801128285e+00
2.460898141234468539e-01 4.782889979055056529e+00
2.471303630201122370e-01 4.775350042781028037e+00
2.481709119167776201e-01 4.754905873966837504e+00
2.492114608134430032e-01 4.895840158957309285e+00
2.502520097101083585e-01 4.840903862582678130e+00
2.512925586067737416e-01 4.660515715968649886e+00
2.523331075034391247e-01 4.832054402027228690e+00
2.533736564001045077e-01 4.695023571129414819e+00
2.544142052967698908e-01 4.567681209590233493e+00
2.554547541934352739e-01 4.575076101826567765e+00
2.564953030901006570e-01 4.633780303957170332e+00
2.575358519867660401e-01 4.897104858331246646e+00
2.585764008834314231e-01 4.791393892809821864e+00
2.596169497800968062e-01 4.821362700479415508e+00
2.606574986767621893e-01 4.942273180748944839e+00
2.616980475734275724e-01 4.972279044552504246e+00
2.627385964700929555e-01 4.855872573869582709e+00
2.637791453667583386e-01 4.675449005588880880e+00
2.648196942634237216e-01 4.497621854825716525e+00
2.658602431600891047e-01 4.446468689768423133e+00
2.669007920567544878e-01 4.583562392740926583e+00
2.679413409534198709e-01 4.673374248385329111e+00
2.689818898500852540e-01 4.645460474063497713e+00
2.700224387467506371e-01 4.753862460071815121e+00
2.710629876434160201e-01 4.508514889124324299e+00
2.721035365400814032e-01 4.448024569387715843e+00
2.731440854367467863e-01 4.703611245502781202e+00
2.741846343334121694e-01 4.663303036713060123e+00
2.752251832300775525e-01 4.533682873576648120e+00
2.762657321267429356e-01 4.675729529301769105e+00
2.773062810234083186e-01 4.877522539587058503e+00
2.783468299200737017e-01 4.793101117556091140e+00
2.793873788167390848e-01 4.469505774109226337e+00
2.804279277134044679e-01 4.668357331770440766e+00
2.814684766100698510e-01 4.784316091726115161e+00
2.825090255067352341e-01 4.950303906658973574e+00
2.835495744034006171e-01 4.590354006913930363e+00
2.845901233000660002e-01 4.470827998965120287e+00
2.856306721967313833e-01 4.357299968370583088e+00
2.866712210933967664e-01 4.395631139098924223e+00
2.877117699900621495e-01 4.531315802501254097e+00
2.887523188867275326e-01 4.515751536871551508e+00
2.897928677833929156e-01 4.440335558390643200e+00
2.908334166800582987e-01 4.582174029359059375e+00
2.918739655767236818e-01 4.448265763623783897e+00
2.929145144733890649e-01 4.585057021082754147e+00
2.939550633700544480e-01 4.757631107841675089e+00
2.949956122667198311e-01 4.485871389748158578e+00
2.960361611633852141e-01 4.550572027815498188e+00
2.970767100600505972e-01 4.404293693061308801e+00
2.981172589567159803e-01 4.459814824704597669e+00
2.991578078533813634e-01 4.396286040084088853e+00
3.001983567500468020e-01 4.223884590666216354e+00
3.012389056467121851e-01 4.512323661379408435e+00
3.022794545433775681e-01 4.375079567398138636e+00
3.033200034400429512e-01 4.252791121486335868e+00
3.043605523367083343e-01 4.315617225120977452e+00
3.054011012333737174e-01 4.440846857979380502e+00
3.064416501300391005e-01 4.387385651378583162e+00
3.074821990267044836e-01 4.291720271474865456e+00
3.085227479233698666e-01 4.487521275209097382e+00
3.095632968200352497e-01 4.389691204171807470e+00
3.106038457167006328e-01 4.249043067423102116e+00
3.116443946133660159e-01 4.211541322007143151e+00
3.126849435100313990e-01 4.187646308726129973e+00
3.137254924066967821e-01 4.428519667434009932e+00
3.147660413033621651e-01 4.394842818088470437e+00
3.158065902000275482e-01 4.260558807715447927e+00
3.168471390966929313e-01 4.236339418889407682e+00
3.178876879933583144e-01 4.043611246814357685e+00
3.189282368900236975e-01 4.168294779815155948e+00
3.199687857866890806e-01 4.327651813440411388e+00
3.210093346833544636e-01 4.284848303414268145e+00
3.220498835800198467e-01 4.045783659232103702e+00
3.230904324766852298e-01 4.250278217138294679e+00
3.241309813733506129e-01 4.208641998241493098e+00
3.251715302700159960e-01 4.460016146695114259e+00
3.262120791666813790e-01 4.506502856899114562e+00
3.272526280633467621e-01 4.332190547010100090e+00
3.282931769600121452e-01 4.437082868486559306e+00
3.293337258566775283e-01 4.361765024125741519e+00
3.303742747533429114e-01 4.221363625352918092e+00
3.314148236500082945e-01 3.942655016748933150e+00
3.324553725466736775e-01 3.991065308665298517e+00
3.334959214433390606e-01 4.068894375816906717e+00
3.345364703400044437e-01 4.036603562622001817e+00
3.355770192366698268e-01 4.121705814207285101e+00
3.366175681333352099e-01 4.212380388255109409e+00
3.376581170300005930e-01 4.421206479739772988e+00
3.386986659266659760e-01 4.498412782688081535e+00
3.397392148233313591e-01 4.340128915613199467e+00
3.407797637199967422e-01 4.168006239008850145e+00
3.418203126166621253e-01 3.971207651011603446e+00
3.428608615133275084e-01 4.153610318332844997e+00
3.439014104099928915e-01 4.198249925485018963e+00
3.449419593066582745e-01 4.157482767408364310e+00
3.459825082033236576e-01 4.056745944197636788e+00
3.470230570999890407e-01 4.176559600687514973e+00
3.480636059966544238e-01 4.168916303441907445e+00
3.491041548933198069e-01 4.013153665701189254e+00
3.501447037899851900e-01 4.093913571374901750e+00
3.511852526866505730e-01 4.116927475053081764e+00
3.522258015833159561e-01 4.183189860206333321e+00
3.532663504799813392e-01 4.134652240996235406e+00
3.543068993766467223e-01 4.079842690680806072e+00
3.553474482733121054e-01 4.155766986705561550e+00
3.563879971699774885e-01 4.228712677368136497e+00
3.574285460666428715e-01 4.073216360279438675e+00
3.584690949633082546e-01 4.231832802975308283e+00
3.595096438599736377e-01 4.069950295440524002e+00
3.605501927566390208e-01 3.969185321934094901e+00
3.615907416533044039e-01 3.998658757342770542e+00
3.626312905499697870e-01 3.875607515669923231e+00
3.636718394466351700e-01 4.050432763953146775e+00
3.647123883433005531e-01 3.910133960451407376e+00
3.657529372399659362e-01 3.747789729467069009e+00
3.667934861366313193e-01 3.754674737307759358e+00
3.678340350332967024e-01 4.058500354198226745e+00
3.688745839299620854e-01 4.007778335264347902e+00
3.699151328266274685e-01 3.828457616561991017e+00
3.709556817232928516e-01 3.743011225273416898e+00
3.719962306199582347e-01 3.700170237406982920e+00
3.730367795166236178e-01 3.884118106903081014e+00
3.740773284132890009e-01 3.802577016284846678e+00
3.751178773099543839e-01 3.853398674314576056e+00
3.761584262066197670e-01 4.016998985817352263e+00
3.771989751032851501e-01 4.114289862491940397e+00
3.782395239999505332e-01 4.009067908354076337e+00
3.792800728966159163e-01 4.061110662091333978e+00
3.803206217932812994e-01 3.983597105175160635e+00
3.813611706899466824e-01 3.708051793570362520e+00
3.824017195866120655e-01 3.751417973875497580e+00
3.834422684832774486e-01 3.911947560837301552e+00
3.844828173799428317e-01 3.983801203342203223e+00
3.855233662766082148e-01 3.937921466402769965e+00
3.865639151732735979e-01 4.105942759591570734e+00
3.876044640699389809e-01 4.052627760934818468e+00
3.886450129666043640e-01 3.976552301546437462e+00
3.896855618632697471e-01 3.943744248372571093e+00
3.907261107599351302e-01 3.929435073650207499e+00
3.917666596566005133e-01 3.802805045148026863e+00
3.928072085532658964e-01 3.837582442752424328e+00
3.938477574499312794e-01 3.812255238364436138e+00
3.948883063465966625e-01 3.797572197383331627e+00
3.959288552432620456e-01 3.584898568880515057e+00
3.969694041399274287e-01 3.553937398133982128e+00
3.980099530365928118e-01 3.921285760786801688e+00
3.990505019332581949e-01 3.920089902448022912e+00
4.000910508299235779e-01 4.022736837975131152e+00
4.011315997265889610e-01 3.890560421931649415e+00
4.021721486232543441e-01 3.761031092002156129e+00
4.032126975199197272e-01 3.894171226714480127e+00
4.042532464165851103e-01 3.838503011302563550e+00
4.052937953132504934e-01 3.673973302094534432e+00
4.063343442099158764e-01 3.706638541340257831e+00
4.073748931065812595e-01 3.799133247297113769e+00
4.084154420032466426e-01 3.732445756928523650e+00
4.094559908999120257e-01 3.566070292324369007e+00
4.104965397965774088e-01 3.620223323532911763e+00
4.115370886932427918e-01 3.573696415465661858e+00
4.125776375899081749e-01 3.590659681636182654e+00
4.136181864865735580e-01 3.707467348659100992e+00
4.146587353832389411e-01 3.748485306722859178e+00
4.156992842799043242e-01 3.703399672431597622e+00
4.167398331765697073e-01 3.686958208217223643e+00
4.177803820732350903e-01 3.653944262633579854e+00
4.188209309699004734e-01 3.764700350990949573e+00
4.198614798665658565e-01 3.801784167877219289e+00
4.209020287632312396e-01 3.732647766414931567e+00
4.219425776598966227e-01 3.515379114262039195e+00
4.229831265565620058e-01 3.488689576231880807e+00
4.240236754532273888e-01 3.517256494044236348e+00
4.250642243498927719e-01 3.668746054941870227e+00
4.261047732465581550e-01 3.756294923963686472e+00
4.271453221432235381e-01 3.640601186769796271e+00
4.281858710398889212e-01 3.571455252573148442e+00
4.292264199365543043e-01 3.530444624430224110e+00
4.302669688332196873e-01 3.687112151022439832e+00
4.313075177298850704e-01 3.585145448991010397e+00
4.323480666265504535e-01 3.435067925430448810e+00
4.333886155232158366e-01 3.351441346313887237e+00
4.344291644198812197e-01 3.336049147132577275e+00
4.354697133165466028e-01 3.447673419253369786e+00
4.365102622132119858e-01 3.459533052966079936e+00
4.375508111098773689e-01 3.468471151255961615e+00
4.385913600065427520e-01 3.446200137544472852e+00
4.396319089032081351e-01 3.604589859890495518e+00
4.406724577998735182e-01 3.667807982724038851e+00
4.417130066965389013e-01 3.491105809651717351e+00
4.427535555932042843e-01 3.416289538026138217e+00
4.437941044898696674e-01 3.379713845644573667e+00
4.448346533865350505e-01 3.224950351166157247e+00
4.458752022832004336e-01 3.457863290868576911e+00
4.469157511798658167e-01 3.557586401763934703e+00
4.479563000765311997e-01 3.493189176258709949e+00
4.489968489731965828e-01 3.439320716364520081e+00
4.500373978698619659e-01 3.376038528443132236e+00
4.510779467665273490e-01 3.314402325591668586e+00
4.521184956631927321e-01 3.332907137457752356e+00
4.531590445598581152e-01 3.286981784228839132e+00
4.541995934565234982e-01 3.304519722753465061e+00
4.552401423531888813e-01 3.352539427377003278e+00
4.562806912498542644e-01 3.390734001457570201e+00
4.573212401465196475e-01 3.376711904613859616e+00
4.583617890431850306e-01 3.400801891782215591e+00
4.594023379398504137e-01 3.459213768997447147e+00
4.604428868365157967e-01 3.432433286535246708e+00
4.614834357331811798e-01 3.383463173907390598e+00
4.625239846298465629e-01 3.378799661808521648e+00
4.635645335265119460e-01 3.401435992387561669e+00
4.646050824231773291e-01 3.599172639885505731e+00
4.656456313198427122e-01 3.571974702360297016e+00
4.666861802165080952e-01 3.503878305906894752e+00
4.677267291131734783e-01 3.426236169643541274e+00
4.687672780098388614e-01 3.385885486407737233e+00
4.698078269065042445e-01 3.498122626236469301e+00
4.708483758031696276e-01 3.471938703978636909e+00
4.718889246998350107e-01 3.460071692994940662e+00
4.729294735965003937e-01 3.498280869335221865e+00
4.739700224931657768e-01 3.356813410797965247e+00
4.750105713898311599e-01 3.224103957543771770e+00
4.760511202864965430e-01 3.318857156258026464e+00
4.770916691831619261e-01 3.364524176407179823e+00
4.781322180798273092e-01 3.399154521285563391e+00
4.791727669764926922e-01 3.326348083023415114e+00
4.802133158731580753e-01 3.307405305708215337e+00
4.812538647698234584e-01 3.565839738000853743e+00
4.822944136664888415e-01 3.408675168162581315e+00
4.833349625631542246e-01 3.206066131051194645e+00
4.843755114598196077e-01 3.176602208623005907e+00
4.854160603564849907e-01 3.152727629752675398e+00
4.864566092531503738e-01 3.135358422814938706e+00
4.874971581498157569e-01 3.250009265451261342e+00
4.885377070464811400e-01 3.387690474021937348e+00
4.895782559431465231e-01 3.407982683682327263e+00
4.906188048398119061e-01 3.365107009984203756e+00
4.916593537364772892e-01 3.358393827515932628e+00
4.926999026331426723e-01 3.288912713862192305e+00
4.937404515298080554e-01 3.299930389364959638e+00
4.947810004264734385e-01 3.310198008747445186e+00
4.958215493231388216e-01 3.317338973793276580e+00
4.968620982198042046e-01 3.176121915247531291e+00
4.979026471164695877e-01 3.259230459962243032e+00
4.989431960131349708e-01 3.361820634602807445e+00
4.999837449098003539e-01 3.479307291448922257e+00
5.010242938064657370e-01 3.444838714055606488e+00
5.020648427031311201e-01 3.308293916904652576e+00
5.031053915997965031e-01 3.162223711890643330e+00
5.041459404964618862e-01 3.054204130873145573e+00
5.051864893931272693e-01 3.001657910225585368e+00
5.062270382897926524e-01 3.181566940755285344e+00
5.072675871864580355e-01 3.277269894213628021e+00
5.083081360831234186e-01 3.152744436573570397e+00
5.093486849797888016e-01 3.087020206423456870e+00
5.103892338764541847e-01 2.961627831960658597e+00
5.114297827731195678e-01 3.155391384565795931e+00
5.124703316697849509e-01 3.143348298653560136e+00
5.135108805664503340e-01 3.121650889613604818e+00
5.145514294631157171e-01 3.085421818576836728e+00
5.155919783597811001e-01 3.228024745190850808e+00
5.166325272564464832e-01 3.273309024642916398e+00
5.176730761531118663e-01 3.205235939258564315e+00
5.187136250497772494e-01 3.276635667233716021e+00
5.197541739464426325e-01 3.169682602434107821e+00
5.207947228431080156e-01 2.999499426945405389e+00
5.218352717397733986e-01 3.012348077675863323e+00
5.228758206364387817e-01 3.038380494932141573e+00
5.239163695331041648e-01 3.189414343883271385e+00
5.249569184297695479e-01 3.141893014874870715e+00
5.259974673264349310e-01 3.134755269437597747e+00
5.270380162231003141e-01 3.099108117150105812e+00
5.280785651197656971e-01 3.234859314735818003e+00
5.291191140164310802e-01 3.242916117530533882e+00
5.301596629130964633e-01 3.184548202307539100e+00
5.312002118097618464e-01 3.097229319036806316e+00
5.322407607064272295e-01 3.043985599413105092e+00
5.332813096030926125e-01 3.061331006380392239e+00
5.343218584997581067e-01 3.213954398493225284e+00
5.353624073964233787e-01 3.313117002020021573e+00
5.364029562930888728e-01 3.084784508096220179e+00
5.374435051897541449e-01 2.985195774233108779e+00
5.384840540864196390e-01 2.927624302384376875e+00
5.395246029830849110e-01 2.952960579951277253e+00
5.405651518797504052e-01 3.027018929072969655e+00
5.416057007764156772e-01 3.060437239124009778e+00
5.426462496730811713e-01 3.040276952741976402e+00
5.436867985697464434e-01 3.097958836879318056e+00
5.447273474664119375e-01 3.139915356787021494e+00
5.457678963630772095e-01 3.095105898810178502e+00
5.468084452597427036e-01 3.041969216446261726e+00
5.478489941564079757e-01 3.027243549356327890e+00
5.488895430530734698e-01 2.988560768694998870e+00
5.499300919497387419e-01 3.113254605392636876e+00
5.509706408464042360e-01 3.236382017772218234e+00
5.520111897430695080e-01 3.168852559633581478e+00
5.530517386397350021e-01 3.137061789066159179e+00
5.540922875364002742e-01 3.022588136488209898e+00
5.551328364330657683e-01 3.011034199605845174e+00
5.561733853297310404e-01 3.094005894712431370e+00
5.572139342263965345e-01 2.906475616046247268e+00
5.582544831230618065e-01 2.852564819215103853e+00
5.592950320197273006e-01 2.813976992169635594e+00
5.603355809163925727e-01 2.908514988743544194e+00
5.613761298130580668e-01 3.053233789850477109e+00
5.624166787097233389e-01 3.006954877082634425e+00
5.634572276063888330e-01 2.837756107591722810e+00
5.644977765030541050e-01 2.686871813539710274e+00
5.655383253997195991e-01 2.672771937163410882e+00
5.665788742963848712e-01 2.897860508238036203e+00
5.676194231930503653e-01 2.928945239672891887e+00
5.686599720897156374e-01 2.938067712138881404e+00
5.697005209863811315e-01 2.946700703632323837e+00
5.707410698830464035e-01 3.004402538845226900e+00
5.717816187797118976e-01 2.970249131190506375e+00
5.728221676763771697e-01 2.828140203100833361e+00
5.738627165730426638e-01 2.791704927330339814e+00
5.749032654697079359e-01 2.762253473259100645e+00
5.759438143663734300e-01 3.030602204155091073e+00
5.769843632630387020e-01 2.988514378833496465e+00
5.780249121597041961e-01 2.968313025307928399e+00
5.790654610563694682e-01 2.939255971174834059e+00
5.801060099530349623e-01 2.914700009783640411e+00
5.811465588497002344e-01 2.890582099404202410e+00
5.821871077463657285e-01 2.797097505112340343e+00
5.832276566430310005e-01 2.894507640015664407e+00
5.842682055396964946e-01 2.830814488296034881e+00
5.853087544363617667e-01 2.933232928202670564e+00
5.863493033330272608e-01 2.907045614114007748e+00
5.873898522296925329e-01 2.765897158718466642e+00
5.884304011263580270e-01 2.745102788818364559e+00
5.894709500230232990e-01 2.540361060393617976e+00
5.905114989196887931e-01 2.466541968889483627e+00
5.915520478163540652e-01 2.626016839637731692e+00
5.925925967130195593e-01 2.598869493890674676e+00
5.936331456096848314e-01 2.747444797219650070e+00
5.946736945063503255e-01 2.734891906654830507e+00
5.957142434030155975e-01 2.658770596496282224e+00
5.967547922996810916e-01 2.687091301749973127e+00
5.977953411963463637e-01 2.807412980092610866e+00
5.988358900930118578e-01 2.691146774459173940e+00
5.998764389896771299e-01 2.579402042314118404e+00
