# q (1/Angstrom), Intensity (arb)
2.029070354705860696e-02 9.392035938492283549e+02
2.133125244372399004e-02 8.306963435531316691e+02
2.237180134038937659e-02 7.495445987071764193e+02
2.341235023705475968e-02 6.845450555030618034e+02
2.445289913372014276e-02 6.302728653289315162e+02
2.549344803038552584e-02 5.836961489649017949e+02
2.653399692705091240e-02 5.457882144948758878e+02
2.757454582371629548e-02 5.174931509158857352e+02
2.861509472038167856e-02 4.943417991973077505e+02
2.965564361704706164e-02 4.708646859294169644e+02
3.069619251371244473e-02 4.550204236852575832e+02
3.173674141037782781e-02 4.430779879180448120e+02
3.277729030704321089e-02 4.321681788052790694e+02
3.381783920370859398e-02 4.259739419454041354e+02
3.485838810037397706e-02 4.208940715070162355e+02
3.589893699703936014e-02 4.195751563269452618e+02
3.693948589370474322e-02 4.231636110120720105e+02
3.798003479037012631e-02 4.280420079106230560e+02
3.902058368703550939e-02 4.360077896173731347e+02
4.006113258370089247e-02 4.465482228289257023e+02
4.110168148036627556e-02 4.610559193705498728e+02
4.214223037703165864e-02 4.817427278303501907e+02
4.318277927369704866e-02 5.117428667225981371e+02
4.422332817036243174e-02 5.499306874574122048e+02
4.526387706702781483e-02 6.068527179585003068e+02
4.630442596369319791e-02 7.006967898099818512e+02
4.734497486035858099e-02 8.858565010404382747e+02
4.838552375702396408e-02 1.268388661630261822e+03
4.942607265368934716e-02 1.924416942175061877e+03
5.046662155035473024e-02 2.964590177005100031e+03
5.150717044702011332e-02 4.522818601448798290e+03
5.254771934368549641e-02 5.292918858912262294e+03
5.358826824035087949e-02 4.408112322717165625e+03
5.462881713701626257e-02 3.499716742055398754e+03
5.566936603368164566e-02 3.285308525332863155e+03
5.670991493034702874e-02 3.367385167858308705e+03
5.775046382701241182e-02 3.515431764354117604e+03
5.879101272367779490e-02 3.646200869100760428e+03
5.983156162034317799e-02 3.680198157315487151e+03
6.087211051700856107e-02 3.542858421996967536e+03
6.191265941367394415e-02 3.275431102093914433e+03
6.295320831033933417e-02 2.973766256583362974e+03
6.399375720700471726e-02 2.675598857262220918e+03
6.503430610367010034e-02 2.377014594160863453e+03
6.607485500033548342e-02 2.076988364511934378e+03
6.711540389700086651e-02 1.792520679063658463e+03
6.815595279366624959e-02 1.519018399136882863e+03
6.919650169033163267e-02 1.278622103403119581e+03
7.023705058699701576e-02 1.064457150678053267e+03
7.127759948366239884e-02 8.798592409927844074e+02
7.231814838032778192e-02 7.268878255741582279e+02
7.335869727699316500e-02 6.006572174451014234e+02
7.439924617365854809e-02 4.978986371140083520e+02
7.543979507032393117e-02 4.141799921993667226e+02
7.648034396698931425e-02 3.488034184639175805e+02
7.752089286365469734e-02 2.961857170869336642e+02
7.856144176032008042e-02 2.560096786699938889e+02
7.960199065698546350e-02 2.248878856859872144e+02
8.064253955365084658e-02 2.029133437308398697e+02
8.168308845031622967e-02 1.937975046907553462e+02
8.272363734698161275e-02 2.071238489407267025e+02
8.376418624364699583e-02 2.624242243327082633e+02
8.480473514031239279e-02 3.460356349808539562e+02
8.584528403697777588e-02 3.634932862197362056e+02
8.688583293364315896e-02 2.837073291474297321e+02
8.792638183030854204e-02 2.096680910595630678e+02
8.896693072697392513e-02 1.783126169753331851e+02
9.000747962363930821e-02 1.678405962363496826e+02
9.104802852030469129e-02 1.660884933556928615e+02
9.208857741697007437e-02 1.681804374746276949e+02
9.312912631363545746e-02 1.732207891907345072e+02
9.416967521030084054e-02 1.796118975090218157e+02
9.521022410696622362e-02 1.876173058239129148e+02
9.625077300363160671e-02 2.044750735151478409e+02
9.729132190029698979e-02 2.372191382365616334e+02
9.833187079696237287e-02 2.991854117003534270e+02
9.937241969362775595e-02 3.805041199584830451e+02
1.004129685902931390e-01 4.065565594614228075e+02
1.014535174869585221e-01 3.450159428100044465e+02
1.024940663836239052e-01 2.767719801132026305e+02
1.035346152802892883e-01 2.485766168167830585e+02
1.045751641769546714e-01 2.345783012685309927e+02
1.056157130736200545e-01 2.152803941701527322e+02
1.066562619702854375e-01 1.981786411756803830e+02
1.076968108669508206e-01 1.904587195126703421e+02
1.087373597636162037e-01 1.890394515570401950e+02
1.097779086602815868e-01 1.902466984403224330e+02
1.108184575569469699e-01 1.899310627773382691e+02
1.118590064536123529e-01 1.893385937064757343e+02
1.128995553502777360e-01 1.874047524949970693e+02
1.139401042469431191e-01 1.849371638781681497e+02
1.149806531436085022e-01 1.802338960815046676e+02
1.160212020402738853e-01 1.754158987588695027e+02
1.170617509369392684e-01 1.677943676479040391e+02
1.181022998336046514e-01 1.582135307991375726e+02
1.191428487302700345e-01 1.490648086561729997e+02
1.201833976269354176e-01 1.391448303093190191e+02
1.212239465236008007e-01 1.286524353281421327e+02
1.222644954202661838e-01 1.195902961095923445e+02
1.233050443169315669e-01 1.102140316895872019e+02
1.243455932135969499e-01 1.003925307747316396e+02
1.253861421102623330e-01 9.210772409091083546e+01
1.264266910069277161e-01 8.518661714579505428e+01
1.274672399035930992e-01 7.985578009320455806e+01
1.285077888002584823e-01 7.540856784545174207e+01
1.295483376969238654e-01 7.483761848018203011e+01
1.305888865935892484e-01 7.845432917831836050e+01
1.316294354902546315e-01 8.309843195421929352e+01
1.326699843869200146e-01 8.394819461284836848e+01
1.337105332835853977e-01 8.465277841544488524e+01
1.347510821802507808e-01 8.356442179763106992e+01
1.357916310769161639e-01 7.342744935693181674e+01
1.368321799735815469e-01 5.861351599787170841e+01
1.378727288702469300e-01 4.695267171330229417e+01
1.389132777669123131e-01 4.072970186083277611e+01
1.399538266635776962e-01 3.706955400020028435e+01
1.409943755602430793e-01 3.496777869581688236e+01
1.420349244569084624e-01 3.425336742508348209e+01
1.430754733535738454e-01 3.413218322905039059e+01
1.441160222502392285e-01 3.527444776273769378e+01
1.451565711469046116e-01 3.680262970252238830e+01
1.461971200435699947e-01 4.028754655376765470e+01
1.472376689402353778e-01 4.456000090755757981e+01
1.482782178369007609e-01 4.524432454395790160e+01
1.493187667335661439e-01 4.198769540129873690e+01
1.503593156302315270e-01 3.794422817978968965e+01
1.513998645268969101e-01 3.531461751105540259e+01
1.524404134235622932e-01 3.397396678264597369e+01
1.534809623202276763e-01 3.360233481804070976e+01
1.545215112168930593e-01 3.396287582548238504e+01
1.555620601135584424e-01 3.433662101736669570e+01
1.566026090102238255e-01 3.441260780595122526e+01
1.576431579068892086e-01 3.306877751761017947e+01
1.586837068035545917e-01 3.060876112243573388e+01
1.597242557002199748e-01 2.852995870132732392e+01
1.607648045968853578e-01 2.730985133433484080e+01
1.618053534935507409e-01 2.684314184918442336e+01
1.628459023902161240e-01 2.643668164693766442e+01
1.638864512868815071e-01 2.536335208430316968e+01
1.649270001835468902e-01 2.481137206144528662e+01
1.659675490802122733e-01 2.409655031779294987e+01
1.670080979768776563e-01 2.360765689005421919e+01
1.680486468735430672e-01 2.335640729293924522e+01
1.690891957702084503e-01 2.253848912886821410e+01
1.701297446668738333e-01 2.252015224766415002e+01
1.711702935635392164e-01 2.190959128811387302e+01
1.722108424602045995e-01 2.145023335322511215e+01
1.732513913568699826e-01 2.115620935927134383e+01
1.742919402535353657e-01 2.094251672044154589e+01
1.753324891502007488e-01 2.111901597762122762e+01
1.763730380468661318e-01 2.201191789021100575e+01
1.774135869435315149e-01 2.367111816444822026e+01
1.784541358401968980e-01 2.553612808557652514e+01
1.794946847368622811e-01 2.575610754345165176e+01
1.805352336335276642e-01 2.450462550317526933e+01
1.815757825301930473e-01 2.252617368875952408e+01
1.826163314268584303e-01 1.997047770763630226e+01
1.836568803235238134e-01 1.799468869197545828e+01
1.846974292201891965e-01 1.710758119990878257e+01
1.857379781168545796e-01 1.592286047244290259e+01
1.867785270135199627e-01 1.501014756049004006e+01
1.878190759101853458e-01 1.480155190027409517e+01
1.888596248068507288e-01 1.470407243654926077e+01
1.899001737035161119e-01 1.471605886787477502e+01
1.909407226001814950e-01 1.471290460036843939e+01
1.919812714968468781e-01 1.447644560788264556e+01
1.930218203935122612e-01 1.362507404740875927e+01
1.940623692901776443e-01 1.296159967759420439e+01
1.951029181868430273e-01 1.270018216373502185e+01
1.961434670835084104e-01 1.265564470170565414e+01
1.971840159801737935e-01 1.268819953399649947e+01
1.982245648768391766e-01 1.279159701524246628e+01
1.992651137735045597e-01 1.276912407917527759e+01
2.003056626701699428e-01 1.210503478151103351e+01
2.013462115668353813e-01 1.086973476639029101e+01
2.023867604635007644e-01 9.829152831612706365e+00
2.034273093601661475e-01 9.360495558492509360e+00
2.044678582568315306e-01 9.034148347493918152e+00
2.055084071534969137e-01 8.795586274373484059e+00
2.065489560501622968e-01 8.458984926188939824e+00
2.075895049468276798e-01 8.218026339380148926e+00
2.086300538434930629e-01 7.934017776609358918e+00
2.096706027401584460e-01 7.876370108033420081e+00
2.107111516368238291e-01 7.962848734580017407e+00
2.117517005334892122e-01 7.792003838909383973e+00
2.127922494301545953e-01 7.508902632196132743e+00
2.138327983268199783e-01 7.348808790195182183e+00
2.148733472234853614e-01 7.084769156085162223e+00
2.159138961201507445e-01 6.936768892492498395e+00
2.169544450168161276e-01 6.930041894225272614e+00
2.179949939134815107e-01 6.802949385422785156e+00
2.190355428101468938e-01 6.811937820114778219e+00
2.200760917068122768e-01 6.915710142068810740e+00
2.211166406034776599e-01 6.886192930116667554e+00
2.221571895001430430e-01 7.172761877550485110e+00
2.231977383968084261e-01 6.971798712146028976e+00
2.242382872934738092e-01 6.916007817341974118e+00
2.252788361901391923e-01 7.342605940543904808e+00
2.263193850868045753e-01 7.437709089053452516e+00
2.273599339834699584e-01 7.736874760632225900e+00
2.284004828801353415e-01 7.637971498920673952e+00
2.294410317768007246e-01 7.542769470099258911e+00
2.304815806734661077e-01 7.667702326377725086e+00
2.315221295701314908e-01 8.193844226659823704e+00
2.325626784667968738e-01 7.847464463121994527e+00
2.336032273634622569e-01 7.148025488801103222e+00
2.346437762601276400e-01 6.604648204057077976e+00
2.356843251567930231e-01 6.282441168804659526e+00
2.367248740534584062e-01 6.084906402960331917e+00
2.377654229501237892e-01 5.524181230612590809e+00
2.388059718467891723e-01 5.298337564206402561e+00
2.398465207434545554e-01 5.426432798388397316e+00
2.408870696401199385e-01 5.262072482068955281e+00
2.419276185367853216e-01 5.224307306587181898e+00
2.429681674334507047e-01 5.433555391548111402e+00
2.440087163301160877e-01 5.419939106551570518e+00
2.450492652267814708e-01 5.154025724593328306e+00
2.460898141234468539e-01 5.378840754308466643e+00
2.471303630201122370e-01 5.264405646449656473e+00
2.481709119167776201e-01 5.247976826802261741e+00
2.492114608134430032e-01 5.039743698247914239e+00
2.502520097101083585e-01 4.940087547339444995e+00
2.512925586067737416e-01 4.594501130961500479e+00
2.523331075034391247e-01 4.651460603711150554e+00
2.533736564001045077e-01 4.301581972611582927e+00
2.544142052967698908e-01 4.283440982635944749e+00
2.554547541934352739e-01 4.338198454603521270e+00
2.564953030901006570e-01 3.983653530081561200e+00
2.575358519867660401e-01 3.845273073458407964e+00
2.585764008834314231e-01 3.800758696954318339e+00
2.596169497800968062e-01 3.832358665375025453e+00
2.606574986767621893e-01 3.826640100788779364e+00
2.616980475734275724e-01 3.764486793394883790e+00
2.627385964700929555e-01 3.766975639587869296e+00
2.637791453667583386e-01 3.493672537131210731e+00
2.648196942634237216e-01 3.199887536338987815e+00
2.658602431600891047e-01 3.364174947821435779e+00
2.669007920567544878e-01 3.382078075535165596e+00
2.679413409534198709e-01 3.246536296667780874e+00
2.689818898500852540e-01 3.262759120042886707e+00
2.700224387467506371e-01 3.509236673758561409e+00
2.710629876434160201e-01 3.617303948176651573e+00
2.721035365400814032e-01 3.689417434905085003e+00
2.731440854367467863e-01 3.749295688332701104e+00
2.741846343334121694e-01 3.955408295833468202e+00
2.752251832300775525e-01 4.039973618623495355e+00
2.762657321267429356e-01 3.992931743367712727e+00
2.773062810234083186e-01 4.025276974230969529e+00
2.783468299200737017e-01 3.662845664903137788e+00
2.793873788167390848e-01 3.380050947685852236e+00
2.804279277134044679e-01 3.484425895837034659e+00
2.814684766100698510e-01 3.366252877109427999e+00
2.825090255067352341e-01 3.266448630083644389e+00
2.835495744034006171e-01 3.293822657696313883e+00
2.845901233000660002e-01 3.170038034401141402e+00
2.856306721967313833e-01 3.277048828667847857e+00
2.866712210933967664e-01 3.362098462145695521e+00
2.877117699900621495e-01 3.350913203553115949e+00
2.887523188867275326e-01 3.497037650768877626e+00
2.897928677833929156e-01 3.472736985376549512e+00
2.908334166800582987e-01 3.133746866392488784e+00
2.918739655767236818e-01 2.993100459518849732e+00
2.929145144733890649e-01 3.054447497331818084e+00
2.939550633700544480e-01 3.135817003669345127e+00
2.949956122667198311e-01 3.020682305047088789e+00
2.960361611633852141e-01 2.729490588732229384e+00
2.970767100600505972e-01 2.934890819653258376e+00
2.981172589567159803e-01 3.031152472352683702e+00
2.991578078533813634e-01 2.905151685099564673e+00
3.001983567500468020e-01 2.742318407124809454e+00
3.012389056467121851e-01 2.682885787074667405e+00
3.022794545433775681e-01 2.769321513467328799e+00
3.033200034400429512e-01 2.606269914315777925e+00
3.043605523367083343e-01 2.563805250161490079e+00
3.054011012333737174e-01 2.461363910877434336e+00
3.064416501300391005e-01 2.502513798580999094e+00
3.074821990267044836e-01 2.469208643236491696e+00
3.085227479233698666e-01 2.546271347246701566e+00
3.095632968200352497e-01 2.309264416946145815e+00
3.106038457167006328e-01 2.539511546422893673e+00
3.116443946133660159e-01 2.558698133328480395e+00
3.126849435100313990e-01 2.572467415810663738e+00
3.137254924066967821e-01 2.806511820587804351e+00
3.147660413033621651e-01 2.391182094946348258e+00
3.158065902000275482e-01 2.290847974663037689e+00
3.168471390966929313e-01 2.397745669118293677e+00
3.178876879933583144e-01 2.159800187816465211e+00
3.189282368900236975e-01 2.228135540183068031e+00
3.199687857866890806e-01 2.344121765380069888e+00
3.210093346833544636e-01 2.187357135037395039e+00
3.220498835800198467e-01 2.374698992519775231e+00
3.230904324766852298e-01 2.380713402219235775e+00
3.241309813733506129e-01 2.545323190927295087e+00
3.251715302700159960e-01 2.425955272918031369e+00
3.262120791666813790e-01 2.321508328274305200e+00
3.272526280633467621e-01 2.493570646890635345e+00
3.282931769600121452e-01 2.389521457896222500e+00
3.293337258566775283e-01 2.102477019790555346e+00
3.303742747533429114e-01 2.131362286122740812e+00
3.314148236500082945e-01 2.221710645157290998e+00
3.324553725466736775e-01 2.260104009498366651e+00
3.334959214433390606e-01 2.188619047999061706e+00
3.345364703400044437e-01 2.113888337413523999e+00
3.355770192366698268e-01 2.225082210822307616e+00
3.366175681333352099e-01 1.874746350356094382e+00
3.376581170300005930e-01 1.869820270763259629e+00
3.386986659266659760e-01 2.015577936631263611e+00
3.397392148233313591e-01 1.993468236898163326e+00
3.407797637199967422e-01 2.096298639595445934e+00
3.418203126166621253e-01 2.162651448142032251e+00
3.428608615133275084e-01 2.454495646038431289e+00
3.439014104099928915e-01 2.169511907069349377e+00
3.449419593066582745e-01 2.101793945997446400e+00
3.459825082033236576e-01 2.344293537811772410e+00
3.470230570999890407e-01 2.080442759771369055e+00
3.480636059966544238e-01 2.052318672158261137e+00
3.491041548933198069e-01 1.978988213114281081e+00
3.501447037899851900e-01 1.928608451161679227e+00
3.511852526866505730e-01 1.931386809766866719e+00
3.522258015833159561e-01 1.752085885115299391e+00
3.532663504799813392e-01 1.917669157605359942e+00
3.543068993766467223e-01 2.115772784600391532e+00
3.553474482733121054e-01 2.105218228273219694e+00
3.563879971699774885e-01 2.171686105069504436e+00
3.574285460666428715e-01 2.213547458408626767e+00
3.584690949633082546e-01 2.156557672595656783e+00
3.595096438599736377e-01 1.784948135398099822e+00
3.605501927566390208e-01 1.509071553945954491e+00
3.615907416533044039e-01 1.620672728521093120e+00
3.626312905499697870e-01 1.616441013671749971e+00
3.636718394466351700e-01 1.551887858264780817e+00
3.647123883433005531e-01 1.592122152793340462e+00
3.657529372399659362e-01 1.682035953882824231e+00
3.667934861366313193e-01 1.781172547410566409e+00
3.678340350332967024e-01 1.747294690844427123e+00
3.688745839299620854e-01 1.610597050983212597e+00
3.699151328266274685e-01 1.575769264569625960e+00
3.709556817232928516e-01 1.602120540550910022e+00
3.719962306199582347e-01 1.517584866216193262e+00
3.730367795166236178e-01 1.641914240128844682e+00
3.740773284132890009e-01 1.459878928015399424e+00
3.751178773099543839e-01 1.634995783446662188e+00
3.761584262066197670e-01 1.711265791626473742e+00
3.771989751032851501e-01 1.783974547465117411e+00
3.782395239999505332e-01 1.680693481937993283e+00
3.792800728966159163e-01 1.794369315891330530e+00
3.803206217932812994e-01 1.764555447848451308e+00
3.813611706899466824e-01 1.733195703005865340e+00
3.824017195866120655e-01 1.585449069969236291e+00
3.834422684832774486e-01 1.611722646279130089e+00
3.844828173799428317e-01 1.779546904868979595e+00
3.855233662766082148e-01 1.716637636099132891e+00
3.865639151732735979e-01 1.723178307023765399e+00
3.876044640699389809e-01 1.704064496630099512e+00
3.886450129666043640e-01 1.811480189671371477e+00
3.896855618632697471e-01 1.856682828286778886e+00
3.907261107599351302e-01 1.610611662791306742e+00
3.917666596566005133e-01 1.548136687995221195e+00
3.928072085532658964e-01 1.740484792804707581e+00
3.938477574499312794e-01 1.792624795565838980e+00
3.948883063465966625e-01 1.335666225300489174e+00
3.959288552432620456e-01 1.313603220761272894e+00
3.969694041399274287e-01 1.306572183918444097e+00
3.980099530365928118e-01 1.501522449950229543e+00
3.990505019332581949e-01 1.470663430833560881e+00
4.000910508299235779e-01 1.405708793725644057e+00
4.011315997265889610e-01 1.205716971929863490e+00
4.021721486232543441e-01 1.294729872972872897e+00
4.032126975199197272e-01 1.282004878676474391e+00
4.042532464165851103e-01 1.340769481864107604e+00
4.052937953132504934e-01 1.407362762691757752e+00
4.063343442099158764e-01 1.331238669183804291e+00
4.073748931065812595e-01 1.276549526215767116e+00
4.084154420032466426e-01 1.253126430576873673e+00
4.094559908999120257e-01 1.007304855657448428e+00
4.104965397965774088e-01 8.874460991364045981e-01
4.115370886932427918e-01 9.116028323881835149e-01
4.125776375899081749e-01 1.008893757991856432e+00
4.136181864865735580e-01 1.109986841597809359e+00
4.146587353832389411e-01 9.585855465276047482e-01
4.156992842799043242e-01 1.099464957540611465e+00
4.167398331765697073e-01 1.234466230433344691e+00
4.177803820732350903e-01 1.304265542203253858e+00
4.188209309699004734e-01 1.222230780534722783e+00
4.198614798665658565e-01 1.257764103861028104e+00
4.209020287632312396e-01 1.244636749433922773e+00
4.219425776598966227e-01 1.092420679927077032e+00
4.229831265565620058e-01 1.142485730731166882e+00
4.240236754532273888e-01 1.230075317120505218e+00
4.250642243498927719e-01 1.145137639267858276e+00
4.261047732465581550e-01 9.880571671261613176e-01
4.271453221432235381e-01 1.204655677515670931e+00
4.281858710398889212e-01 1.090401762016160347e+00
4.292264199365543043e-01 1.214922168842189620e+00
4.302669688332196873e-01 1.281656895940081142e+00
4.313075177298850704e-01 1.130962853530146361e+00
4.323480666265504535e-01 1.088008585252236315e+00
4.333886155232158366e-01 1.290576747979265804e+00
4.344291644198812197e-01 1.288385988599813459e+00
4.354697133165466028e-01 1.176660895672011264e+00
4.365102622132119858e-01 1.005556677514739761e+00
4.375508111098773689e-01 1.170960066221422124e+00
4.385913600065427520e-01 1.252984513269325362e+00
4.396319089032081351e-01 1.060375857951715517e+00
4.406724577998735182e-01 8.809677893865597298e-01
4.417130066965389013e-01 1.007526864377688014e+00
4.427535555932042843e-01 1.149482427387784611e+00
4.437941044898696674e-01 1.018217700419732807e+00
4.448346533865350505e-01 9.540803640682682385e-01
4.458752022832004336e-01 9.770682232252276833e-01
4.469157511798658167e-01 1.049713462754684912e+00
4.479563000765311997e-01 9.668822720916558922e-01
4.489968489731965828e-01 1.128262205175641242e+00
4.500373978698619659e-01 9.700039905587800604e-01
4.510779467665273490e-01 8.740883454260242047e-01
4.521184956631927321e-01 8.358102744208188994e-01
4.531590445598581152e-01 8.142358452829014936e-01
4.541995934565234982e-01 7.658725318145691574e-01
4.552401423531888813e-01 8.526513873661691889e-01
4.562806912498542644e-01 7.031152599051999630e-01
4.573212401465196475e-01 8.232265690891438226e-01
4.583617890431850306e-01 8.551419926091057278e-01
4.594023379398504137e-01 7.470526433476720740e-01
4.604428868365157967e-01 6.161412054412700456e-01
4.614834357331811798e-01 7.971544827354399843e-01
4.625239846298465629e-01 8.400042829906091413e-01
4.635645335265119460e-01 7.326804802409689898e-01
4.646050824231773291e-01 9.649481617111561604e-01
4.656456313198427122e-01 1.035344080099100950e+00
4.666861802165080952e-01 7.299664445133053903e-01
4.677267291131734783e-01 6.543451905238875099e-01
4.687672780098388614e-01 7.058914489635093048e-01
4.698078269065042445e-01 7.493079080508699974e-01
4.708483758031696276e-01 8.954714990489804904e-01
4.718889246998350107e-01 6.897293243707842691e-01
4.729294735965003937e-01 5.766442056010632200e-01
4.739700224931657768e-01 6.371085916110139635e-01
4.750105713898311599e-01 5.229855786831443254e-01
4.760511202864965430e-01 6.709708990562965880e-01
4.770916691831619261e-01 6.490826996408785021e-01
4.781322180798273092e-01 6.047907445120408454e-01
4.791727669764926922e-01 7.030678441484425889e-01
4.802133158731580753e-01 5.487344211077633815e-01
4.812538647698234584e-01 5.471071500600466209e-01
4.822944136664888415e-01 6.758958193627719879e-01
4.833349625631542246e-01 7.381922933559295075e-01
4.843755114598196077e-01 6.956820422329741405e-01
4.854160603564849907e-01 4.939187893745646818e-01
4.864566092531503738e-01 5.268906289755825867e-01
4.874971581498157569e-01 5.988023274647744643e-01
4.885377070464811400e-01 7.089126075126408466e-01
4.895782559431465231e-01 6.559538904778818846e-01
4.906188048398119061e-01 5.944288716931751537e-01
4.916593537364772892e-01 6.029440980596980637e-01
4.926999026331426723e-01 5.924413810807358516e-01
4.937404515298080554e-01 6.625149300018122744e-01
4.947810004264734385e-01 5.495956492286708794e-01
4.958215493231388216e-01 3.761751470012448806e-01
4.968620982198042046e-01 5.111543034136971642e-01
4.979026471164695877e-01 5.614144628958577243e-01
4.989431960131349708e-01 5.221271420812243491e-01
4.999837449098003539e-01 4.371729281865448513e-01
5.010242938064657370e-01 5.287867477112371262e-01
5.020648427031311201e-01 3.967009850212654953e-01
5.031053915997965031e-01 3.428347428890816673e-01
5.041459404964618862e-01 3.439808720168073819e-01
5.051864893931272693e-01 4.558099809693842985e-01
5.062270382897926524e-01 4.311961809433064730e-01
5.072675871864580355e-01 3.730166822013174510e-01
5.083081360831234186e-01 5.007328880736174881e-01
5.093486849797888016e-01 4.435350251396741328e-01
5.103892338764541847e-01 3.690150108410428231e-01
5.114297827731195678e-01 4.098461880459929318e-01
5.124703316697849509e-01 3.793658453597963387e-01
5.135108805664503340e-01 3.499011151553546028e-01
5.145514294631157171e-01 3.944647905907352481e-01
5.155919783597811001e-01 4.179141807312092283e-01
5.166325272564464832e-01 4.158436644445835384e-01
5.176730761531118663e-01 3.028221819526244474e-01
5.187136250497772494e-01 2.191561929516829821e-01
5.197541739464426325e-01 1.417796554486194793e-01
5.207947228431080156e-01 2.494211256242806485e-01
5.218352717397733986e-01 3.641087530054996080e-01
5.228758206364387817e-01 3.486448076610138003e-01
5.239163695331041648e-01 3.314172926909364492e-01
5.249569184297695479e-01 3.945186188086182710e-01
5.259974673264349310e-01 4.371946527554726458e-01
5.270380162231003141e-01 3.426322105146688557e-01
5.280785651197656971e-01 2.636781608241847152e-01
5.291191140164310802e-01 4.300685622653688256e-01
5.301596629130964633e-01 4.084003192117791059e-01
5.312002118097618464e-01 4.300548138030926282e-01
5.322407607064272295e-01 4.977380516589100523e-01
5.332813096030926125e-01 3.948153070287503397e-01
5.343218584997581067e-01 2.606365281731370942e-01
5.353624073964233787e-01 2.703543637662271237e-01
5.364029562930888728e-01 3.341869211859922473e-01
5.374435051897541449e-01 4.271269193914015716e-01
5.384840540864196390e-01 3.937991610401248010e-01
5.395246029830849110e-01 2.486668798276241432e-01
5.405651518797504052e-01 2.704496901384700891e-01
5.416057007764156772e-01 3.386203482975886914e-01
5.426462496730811713e-01 3.408548751524307363e-01
5.436867985697464434e-01 3.097655821292129019e-01
5.447273474664119375e-01 1.769501010070584357e-01
5.457678963630772095e-01 3.029578510447272777e-01
5.468084452597427036e-01 2.477869707294999557e-01
5.478489941564079757e-01 1.894419128657887086e-01
5.488895430530734698e-01 2.072825961065909439e-01
5.499300919497387419e-01 3.446840660629888475e-01
5.509706408464042360e-01 3.162139357447948385e-01
5.520111897430695080e-01 4.557562991412282827e-01
5.530517386397350021e-01 3.287593810875328870e-01
5.540922875364002742e-01 2.926343994797626635e-01
5.551328364330657683e-01 3.134108260244303779e-01
5.561733853297310404e-01 2.557548930079676097e-01
5.572139342263965345e-01 3.560150491386302463e-01
5.582544831230618065e-01 2.694053682912702641e-01
5.592950320197273006e-01 2.479876100772493430e-01
5.603355809163925727e-01 3.431056032802395350e-01
5.613761298130580668e-01 2.490552197740960594e-01
5.624166787097233389e-01 1.150872098085571338e-01
5.634572276063888330e-01 2.425975765377472726e-01
5.644977765030541050e-01 2.988471325903709896e-01
5.655383253997195991e-01 2.407819565587026034e-01
5.665788742963848712e-01 2.305440381570882380e-01
5.676194231930503653e-01 2.202216744223122191e-01
5.686599720897156374e-01 2.869093746657860322e-01
5.697005209863811315e-01 3.733864022521018455e-01
5.707410698830464035e-01 2.892478517060581567e-01
5.717816187797118976e-01 1.104888885601944537e-01
5.728221676763771697e-01 9.483936176921758943e-02
5.738627165730426638e-01 2.681885608191620918e-01
5.749032654697079359e-01 2.296709413543958078e-01
5.759438143663734300e-01 2.318781760834198735e-01
5.769843632630387020e-01 2.618724136094989774e-01
5.780249121597041961e-01 2.545774587933422595e-01
5.790654610563694682e-01 7.761891016833288859e-02
5.801060099530349623e-01 2.909696845877327576e-01
5.811465588497002344e-01 3.016610345278536442e-01
5.821871077463657285e-01 2.093576695011165612e-01
5.832276566430310005e-01 1.717895534479580988e-01
5.842682055396964946e-01 2.292719955414597166e-01
5.853087544363617667e-01 3.133431879424186661e-01
5.863493033330272608e-01 1.802339858176971177e-01
5.873898522296925329e-01 2.316347187571459187e-01
5.884304011263580270e-01 1.826585248310337306e-01
5.894709500230232990e-01 5.849306194135550641e-02
5.905114989196887931e-01 1.042179614530915899e-01
5.915520478163540652e-01 3.015501286703283768e-01
5.925925967130195593e-01 2.238391645381803130e-01
5.936331456096848314e-01 1.272596528156917373e-01
5.946736945063503255e-01 1.390667763080806196e-01
5.957142434030155975e-01 1.397937524163559431e-01
5.967547922996810916e-01 9.403045106295593314e-02
5.977953411963463637e-01 1.139518481584431697e-01
5.988358900930118578e-01 0.000000000000000000e+00
5.998764389896771299e-01 3.608202173607111263e-02
