# q (1/Angstrom), Intensity (arb)
2.029070354705860696e-02 9.461866011169952344e+02
2.133125244372399004e-02 8.390931555847530490e+02
2.237180134038937659e-02 7.554322231602882312e+02
2.341235023705475968e-02 6.871788945209585791e+02
2.445289913372014276e-02 6.302434185519591665e+02
2.549344803038552584e-02 5.871286564386444979e+02
2.653399692705091240e-02 5.507810792421481665e+02
2.757454582371629548e-02 5.175434019926360634e+02
2.861509472038167856e-02 4.930883411974512001e+02
2.965564361704706164e-02 4.741152256855967266e+02
3.069619251371244473e-02 4.569004281305709583e+02
3.173674141037782781e-02 4.428371087859517274e+02
3.277729030704321089e-02 4.350103145198509083e+02
3.381783920370859398e-02 4.305500448684099979e+02
3.485838810037397706e-02 4.254154010175176381e+02
3.589893699703936014e-02 4.205616167303568886e+02
3.693948589370474322e-02 4.211890331704295249e+02
3.798003479037012631e-02 4.226260713956540940e+02
3.902058368703550939e-02 4.294256013145684392e+02
4.006113258370089247e-02 4.412239532923825891e+02
4.110168148036627556e-02 4.566147800767391800e+02
4.214223037703165864e-02 4.797667986314229438e+02
4.318277927369704866e-02 5.063827217653098955e+02
4.422332817036243174e-02 5.407372339967045036e+02
4.526387706702781483e-02 5.948604424456279958e+02
4.630442596369319791e-02 6.835553480030997662e+02
4.734497486035858099e-02 8.491581544281714287e+02
4.838552375702396408e-02 1.195826228168180478e+03
4.942607265368934716e-02 1.805451473170883219e+03
5.046662155035473024e-02 2.761210783720284780e+03
5.150717044702011332e-02 4.263240560335239934e+03
5.254771934368549641e-02 5.174836458445635799e+03
5.358826824035087949e-02 4.428851992218117630e+03
5.462881713701626257e-02 3.476503078586160427e+03
5.566936603368164566e-02 3.200590137221387522e+03
5.670991493034702874e-02 3.261776435024195962e+03
5.775046382701241182e-02 3.401231301513031212e+03
5.879101272367779490e-02 3.530235140686882914e+03
5.983156162034317799e-02 3.578108430012912322e+03
6.087211051700856107e-02 3.464246904028845620e+03
6.191265941367394415e-02 3.218376759618735832e+03
6.295320831033933417e-02 2.932091688633614012e+03
6.399375720700471726e-02 2.646414933500338066e+03
6.503430610367010034e-02 2.354622218865190916e+03
6.607485500033548342e-02 2.061349648897327825e+03
6.711540389700086651e-02 1.784399167838854282e+03
6.815595279366624959e-02 1.520328305668256689e+03
6.919650169033163267e-02 1.279502889492937811e+03
7.023705058699701576e-02 1.067335628140939662e+03
7.127759948366239884e-02 8.840588774104434151e+02
7.231814838032778192e-02 7.287920249969106408e+02
7.335869727699316500e-02 6.002497310734436269e+02
7.439924617365854809e-02 4.992117798632477275e+02
7.543979507032393117e-02 4.172073182420937201e+02
7.648034396698931425e-02 3.522131807108415273e+02
7.752089286365469734e-02 2.977916661217140586e+02
7.856144176032008042e-02 2.554100618935549392e+02
7.960199065698546350e-02 2.243248392500539126e+02
8.064253955365084658e-02 2.019719133928279007e+02
8.168308845031622967e-02 1.918920154313696003e+02
8.272363734698161275e-02 2.001289145941754271e+02
8.376418624364699583e-02 2.458439943808517114e+02
8.480473514031239279e-02 3.290174475049861940e+02
8.584528403697777588e-02 3.649121617975161485e+02
8.688583293364315896e-02 2.987213647590704113e+02
8.792638183030854204e-02 2.194519477005143813e+02
8.896693072697392513e-02 1.804523250077577359e+02
9.000747962363930821e-02 1.673465505898170420e+02
9.104802852030469129e-02 1.648609918007082342e+02
9.208857741697007437e-02 1.672822806049888413e+02
9.312912631363545746e-02 1.712104796163144158e+02
9.416967521030084054e-02 1.769172377923429735e+02
9.521022410696622362e-02 1.854777721835376383e+02
9.625077300363160671e-02 1.980181752790888083e+02
9.729132190029698979e-02 2.244723916636907006e+02
9.833187079696237287e-02 2.783069623249573397e+02
9.937241969362775595e-02 3.565704034462813183e+02
1.004129685902931390e-01 4.001052309540476699e+02
1.014535174869585221e-01 3.547628387425394294e+02
1.024940663836239052e-01 2.827952822636945029e+02
1.035346152802892883e-01 2.472455448563226241e+02
1.045751641769546714e-01 2.343617817540301758e+02
1.056157130736200545e-01 2.175581187083676866e+02
1.066562619702854375e-01 1.993112733186850960e+02
1.076968108669508206e-01 1.889034130287079734e+02
1.087373597636162037e-01 1.865467358683201553e+02
1.097779086602815868e-01 1.868454856240701076e+02
1.108184575569469699e-01 1.873522762388059846e+02
1.118590064536123529e-01 1.869487509981031224e+02
1.128995553502777360e-01 1.851818387404797477e+02
1.139401042469431191e-01 1.821425070311262573e+02
1.149806531436085022e-01 1.789100430722210717e+02
1.160212020402738853e-01 1.731504249145103245e+02
1.170617509369392684e-01 1.645426994012794637e+02
1.181022998336046514e-01 1.567869372521071512e+02
1.191428487302700345e-01 1.482853299766330792e+02
1.201833976269354176e-01 1.381027032393389788e+02
1.212239465236008007e-01 1.294848192917514496e+02
1.222644954202661838e-01 1.195608671852060638e+02
1.233050443169315669e-01 1.099366015658317224e+02
1.243455932135969499e-01 1.011649535497207779e+02
1.253861421102623330e-01 9.206343177202496975e+01
1.264266910069277161e-01 8.450270147289668898e+01
1.274672399035930992e-01 7.818783165160979820e+01
1.285077888002584823e-01 7.408410784959333739e+01
1.295483376969238654e-01 7.438914271592383898e+01
1.305888865935892484e-01 7.786482545148706436e+01
1.316294354902546315e-01 8.125561984092971102e+01
1.326699843869200146e-01 8.332289122435622630e+01
1.337105332835853977e-01 8.425203140489107057e+01
1.347510821802507808e-01 8.406775042708719070e+01
1.357916310769161639e-01 7.714542378188221505e+01
1.368321799735815469e-01 6.230286917873453234e+01
1.378727288702469300e-01 4.881035558518876627e+01
1.389132777669123131e-01 4.120060819096353555e+01
1.399538266635776962e-01 3.771652889010172771e+01
1.409943755602430793e-01 3.578723025216057607e+01
1.420349244569084624e-01 3.407559462347988699e+01
1.430754733535738454e-01 3.339594950587768096e+01
1.441160222502392285e-01 3.443755146628462427e+01
1.451565711469046116e-01 3.641801011935845622e+01
1.461971200435699947e-01 3.922014805431483353e+01
1.472376689402353778e-01 4.271868530254146634e+01
1.482782178369007609e-01 4.451634805250443350e+01
1.493187667335661439e-01 4.284106716521566227e+01
1.503593156302315270e-01 3.888869846329729540e+01
1.513998645268969101e-01 3.624202017016931165e+01
1.524404134235622932e-01 3.459545530065111052e+01
1.534809623202276763e-01 3.365443457953975326e+01
1.545215112168930593e-01 3.348380297958249230e+01
1.555620601135584424e-01 3.360559989596222863e+01
1.566026090102238255e-01 3.435790965470059177e+01
1.576431579068892086e-01 3.321403805565863365e+01
1.586837068035545917e-01 3.135975714881957188e+01
1.597242557002199748e-01 2.974808782518369199e+01
1.607648045968853578e-01 2.792020977054805542e+01
1.618053534935507409e-01 2.688553607894470332e+01
1.628459023902161240e-01 2.585845773470382625e+01
1.638864512868815071e-01 2.498919697365310810e+01
1.649270001835468902e-01 2.447703503127489810e+01
1.659675490802122733e-01 2.430634076669501553e+01
1.670080979768776563e-01 2.395607575483455776e+01
1.680486468735430672e-01 2.383808713943921020e+01
1.690891957702084503e-01 2.290640525876251132e+01
1.701297446668738333e-01 2.253152730380196189e+01
1.711702935635392164e-01 2.193990350982169701e+01
1.722108424602045995e-01 2.177354053953160928e+01
1.732513913568699826e-01 2.147812264321948916e+01
1.742919402535353657e-01 2.098305628531512212e+01
1.753324891502007488e-01 2.077259264767297609e+01
1.763730380468661318e-01 2.153407786880034891e+01
1.774135869435315149e-01 2.345158823458206498e+01
1.784541358401968980e-01 2.551390214008671009e+01
1.794946847368622811e-01 2.639449188380103806e+01
1.805352336335276642e-01 2.538421814388876641e+01
1.815757825301930473e-01 2.339858152943216041e+01
1.826163314268584303e-01 2.116564185935986941e+01
1.836568803235238134e-01 1.897885643117045618e+01
1.846974292201891965e-01 1.728856598869090178e+01
1.857379781168545796e-01 1.606453360693163646e+01
1.867785270135199627e-01 1.545287871803288127e+01
1.878190759101853458e-01 1.495903466280740091e+01
1.888596248068507288e-01 1.489391677516280765e+01
1.899001737035161119e-01 1.503128758006820576e+01
1.909407226001814950e-01 1.475273459229596185e+01
1.919812714968468781e-01 1.455326976772285263e+01
1.930218203935122612e-01 1.370721211414180374e+01
1.940623692901776443e-01 1.302857436026625848e+01
1.951029181868430273e-01 1.267171923569313918e+01
1.961434670835084104e-01 1.254160189676102632e+01
1.971840159801737935e-01 1.224695797910712258e+01
1.982245648768391766e-01 1.241022094529061093e+01
1.992651137735045597e-01 1.242490927978818505e+01
2.003056626701699428e-01 1.172863953987494767e+01
2.013462115668353813e-01 1.114178967063121561e+01
2.023867604635007644e-01 1.053762444470510218e+01
2.034273093601661475e-01 9.856646331411152318e+00
2.044678582568315306e-01 9.023486354511526031e+00
2.055084071534969137e-01 8.580266676055334329e+00
2.065489560501622968e-01 8.441351611041397973e+00
2.075895049468276798e-01 8.216582096961140280e+00
2.086300538434930629e-01 7.761446375739950554e+00
2.096706027401584460e-01 7.650660175704558696e+00
2.107111516368238291e-01 7.445116141404238164e+00
2.117517005334892122e-01 7.145006967337852899e+00
2.127922494301545953e-01 7.465072809057154757e+00
2.138327983268199783e-01 7.390647721108191348e+00
2.148733472234853614e-01 7.109712170280733545e+00
2.159138961201507445e-01 7.267333091561486214e+00
2.169544450168161276e-01 7.189908325966925418e+00
2.179949939134815107e-01 6.978467636947428332e+00
2.190355428101468938e-01 6.961923552606094745e+00
2.200760917068122768e-01 7.216458760447228116e+00
2.211166406034776599e-01 7.331948093107595099e+00
2.221571895001430430e-01 7.181340189017412001e+00
2.231977383968084261e-01 7.183406955157483509e+00
2.242382872934738092e-01 7.462443993341750570e+00
2.252788361901391923e-01 7.436087628715142728e+00
2.263193850868045753e-01 7.592363926027772436e+00
2.273599339834699584e-01 7.605783789720970134e+00
2.284004828801353415e-01 7.341307422655461323e+00
2.294410317768007246e-01 7.739291186258039801e+00
2.304815806734661077e-01 7.841977187261939264e+00
2.315221295701314908e-01 7.965300465122460594e+00
2.325626784667968738e-01 7.747546775682987885e+00
2.336032273634622569e-01 7.304209852454388141e+00
2.346437762601276400e-01 6.938449771685835543e+00
2.356843251567930231e-01 6.408554442456061651e+00
2.367248740534584062e-01 5.921332340612533329e+00
2.377654229501237892e-01 5.606190813827367947e+00
2.388059718467891723e-01 5.645615119638978996e+00
2.398465207434545554e-01 5.415493572685615931e+00
2.408870696401199385e-01 5.169866303759892645e+00
2.419276185367853216e-01 5.133667010592208868e+00
2.429681674334507047e-01 5.024173616226644157e+00
2.440087163301160877e-01 5.212079844154729358e+00
2.450492652267814708e-01 5.067641517869709844e+00
2.460898141234468539e-01 4.891015903711828372e+00
2.471303630201122370e-01 5.071011898171821741e+00
2.481709119167776201e-01 4.986427288543673342e+00
2.492114608134430032e-01 5.071823504439706198e+00
2.502520097101083585e-01 4.714835386753861712e+00
2.512925586067737416e-01 4.352689163493394631e+00
2.523331075034391247e-01 4.386633679684734943e+00
2.533736564001045077e-01 4.325554821171785136e+00
2.544142052967698908e-01 3.907767340752485552e+00
2.554547541934352739e-01 3.737285322073429228e+00
2.564953030901006570e-01 3.702782964460414661e+00
2.575358519867660401e-01 3.718970213217417609e+00
2.585764008834314231e-01 3.752976147650411320e+00
2.596169497800968062e-01 3.708833059495290740e+00
2.606574986767621893e-01 3.546599196827500577e+00
2.616980475734275724e-01 3.556444411813796336e+00
2.627385964700929555e-01 3.479359749520238410e+00
2.637791453667583386e-01 3.396324664294002815e+00
2.648196942634237216e-01 3.265445393211905412e+00
2.658602431600891047e-01 3.426706579483358439e+00
2.669007920567544878e-01 3.456190844068416368e+00
2.679413409534198709e-01 3.222032683177726398e+00
2.689818898500852540e-01 3.315642848874968962e+00
2.700224387467506371e-01 3.455928193681678806e+00
2.710629876434160201e-01 3.462894159890232970e+00
2.721035365400814032e-01 3.344375231758288436e+00
2.731440854367467863e-01 3.473491961553019536e+00
2.741846343334121694e-01 3.884820720823888962e+00
2.752251832300775525e-01 4.208499091563588479e+00
2.762657321267429356e-01 4.210381486976412901e+00
2.773062810234083186e-01 3.842277549322641761e+00
2.783468299200737017e-01 3.722622217872554984e+00
2.793873788167390848e-01 3.365813054530832460e+00
2.804279277134044679e-01 3.360577708069254044e+00
2.814684766100698510e-01 3.166937245293372172e+00
2.825090255067352341e-01 3.357543891551820536e+00
2.835495744034006171e-01 3.357256652794060159e+00
2.845901233000660002e-01 3.333794058637582935e+00
2.856306721967313833e-01 3.371759913878445758e+00
2.866712210933967664e-01 3.248001197506045656e+00
2.877117699900621495e-01 3.358589964618399648e+00
2.887523188867275326e-01 3.123800736744257733e+00
2.897928677833929156e-01 2.917715576112819065e+00
2.908334166800582987e-01 3.192707772142654221e+00
2.918739655767236818e-01 3.101025821365155366e+00
2.929145144733890649e-01 2.766648609793122660e+00
2.939550633700544480e-01 2.748135698399750027e+00
2.949956122667198311e-01 2.756843542808226744e+00
2.960361611633852141e-01 2.774440043978039228e+00
2.970767100600505972e-01 2.713880867275673126e+00
2.981172589567159803e-01 2.715218249518009941e+00
2.991578078533813634e-01 2.697044484746065507e+00
3.001983567500468020e-01 2.774804390108293717e+00
3.012389056467121851e-01 2.750207051032987238e+00
3.022794545433775681e-01 2.798252443737602846e+00
3.033200034400429512e-01 2.704865142253950694e+00
3.043605523367083343e-01 2.835530449354024540e+00
3.054011012333737174e-01 2.952613482892655128e+00
3.064416501300391005e-01 2.680574746307328837e+00
3.074821990267044836e-01 2.535193657827182534e+00
3.085227479233698666e-01 2.568841940020750059e+00
3.095632968200352497e-01 2.468041139143853258e+00
3.106038457167006328e-01 2.385399315911133300e+00
3.116443946133660159e-01 2.280023537376280274e+00
3.126849435100313990e-01 2.287845267182522235e+00
3.137254924066967821e-01 2.403043454686702773e+00
3.147660413033621651e-01 2.230934981303754228e+00
3.158065902000275482e-01 2.252781452821892572e+00
3.168471390966929313e-01 2.438596990281439503e+00
3.178876879933583144e-01 2.168521498782823187e+00
3.189282368900236975e-01 2.337957822452036538e+00
3.199687857866890806e-01 2.485851878980945173e+00
3.210093346833544636e-01 2.353066034187197175e+00
3.220498835800198467e-01 2.323427197798082489e+00
3.230904324766852298e-01 2.391784087864557762e+00
3.241309813733506129e-01 2.192451093140363128e+00
3.251715302700159960e-01 2.215899826502276682e+00
3.262120791666813790e-01 2.108161736885694637e+00
3.272526280633467621e-01 2.050190298826183977e+00
3.282931769600121452e-01 2.157777599527712198e+00
3.293337258566775283e-01 2.129769112309194412e+00
3.303742747533429114e-01 2.021416705359662558e+00
3.314148236500082945e-01 2.164685502880537626e+00
3.324553725466736775e-01 2.039220027233096033e+00
3.334959214433390606e-01 2.062456845682284268e+00
3.345364703400044437e-01 2.273623751356186773e+00
3.355770192366698268e-01 2.386721151574032973e+00
3.366175681333352099e-01 2.190936454758571017e+00
3.376581170300005930e-01 2.114390387396124282e+00
3.386986659266659760e-01 2.170746017152968221e+00
3.397392148233313591e-01 2.132565961903864604e+00
3.407797637199967422e-01 2.069691257606177004e+00
3.418203126166621253e-01 2.194893047612644921e+00
3.428608615133275084e-01 2.075295020221052056e+00
3.439014104099928915e-01 2.034261902556480095e+00
3.449419593066582745e-01 1.824220523741050926e+00
3.459825082033236576e-01 1.859644208896330753e+00
3.470230570999890407e-01 1.907610505886609076e+00
3.480636059966544238e-01 1.703471334662097547e+00
3.491041548933198069e-01 1.715558589340915319e+00
3.501447037899851900e-01 2.038136867165551536e+00
3.511852526866505730e-01 1.945920743547024045e+00
3.522258015833159561e-01 1.818877668516986290e+00
3.532663504799813392e-01 1.856542099163817738e+00
3.543068993766467223e-01 1.618562454427944886e+00
3.553474482733121054e-01 1.727932999623309485e+00
3.563879971699774885e-01 1.666126721350266848e+00
3.574285460666428715e-01 1.797852704049496708e+00
3.584690949633082546e-01 1.560474887297406354e+00
3.595096438599736377e-01 1.473110830103031788e+00
3.605501927566390208e-01 1.473241479146977895e+00
3.615907416533044039e-01 1.445547791750804834e+00
3.626312905499697870e-01 1.650020575040816340e+00
3.636718394466351700e-01 1.831806484151773162e+00
3.647123883433005531e-01 1.863734736257136149e+00
3.657529372399659362e-01 1.828216094238108269e+00
3.667934861366313193e-01 1.743104793136176056e+00
3.678340350332967024e-01 1.553966643336654130e+00
3.688745839299620854e-01 1.435091322182362461e+00
3.699151328266274685e-01 1.414446779709418678e+00
3.709556817232928516e-01 1.383175889663604607e+00
3.719962306199582347e-01 1.426904720504506230e+00
3.730367795166236178e-01 1.483308130157116267e+00
3.740773284132890009e-01 1.549265035000097157e+00
3.751178773099543839e-01 1.687005197220408093e+00
3.761584262066197670e-01 1.823468315845573784e+00
3.771989751032851501e-01 1.842304615092977826e+00
3.782395239999505332e-01 1.581842921166256133e+00
3.792800728966159163e-01 1.505855738474899397e+00
3.803206217932812994e-01 1.650228716207937651e+00
3.813611706899466824e-01 1.698283897912322260e+00
3.824017195866120655e-01 1.631202809182386915e+00
3.834422684832774486e-01 1.607717157426233001e+00
3.844828173799428317e-01 1.848536843885227654e+00
3.855233662766082148e-01 1.593755951043121399e+00
3.865639151732735979e-01 1.372666804654265604e+00
3.876044640699389809e-01 1.466206432944108684e+00
3.886450129666043640e-01 1.388309098208910797e+00
3.896855618632697471e-01 1.352025222602396326e+00
3.907261107599351302e-01 1.374610080686036184e+00
3.917666596566005133e-01 1.465890551937580000e+00
3.928072085532658964e-01 1.520262410187086743e+00
3.938477574499312794e-01 1.526394667784291670e+00
3.948883063465966625e-01 1.343103540093306236e+00
3.959288552432620456e-01 1.379854622641957462e+00
3.969694041399274287e-01 1.477821718964428044e+00
3.980099530365928118e-01 1.419711982433071285e+00
3.990505019332581949e-01 1.366201553111793032e+00
4.000910508299235779e-01 1.280715110051012573e+00
4.011315997265889610e-01 1.303507341047460244e+00
4.021721486232543441e-01 1.362549708797271109e+00
4.032126975199197272e-01 1.479716301113359833e+00
4.042532464165851103e-01 1.368603589590748015e+00
4.052937953132504934e-01 1.303962614757146810e+00
4.063343442099158764e-01 1.148131036430861229e+00
4.073748931065812595e-01 1.351403073794653409e+00
4.084154420032466426e-01 1.308731763500688317e+00
4.094559908999120257e-01 1.082229606917056941e+00
4.104965397965774088e-01 1.201414285612081301e+00
4.115370886932427918e-01 1.327691260587236854e+00
4.125776375899081749e-01 1.240172412497784649e+00
4.136181864865735580e-01 1.065152626144552528e+00
4.146587353832389411e-01 9.366798112305012580e-01
4.156992842799043242e-01 1.158586723075327285e+00
4.167398331765697073e-01 1.193245461991988776e+00
4.177803820732350903e-01 1.259757041375355158e+00
4.188209309699004734e-01 1.080114232602355173e+00
4.198614798665658565e-01 9.041301397829286657e-01
4.209020287632312396e-01 1.051246386050152637e+00
4.219425776598966227e-01 1.081177668182423446e+00
4.229831265565620058e-01 1.125191803025522574e+00
4.240236754532273888e-01 1.050510323214016495e+00
4.250642243498927719e-01 9.731368799282336113e-01
4.261047732465581550e-01 1.052362880285631519e+00
4.271453221432235381e-01 1.210238204568103271e+00
4.281858710398889212e-01 1.112086383892524566e+00
4.292264199365543043e-01 1.299934158871863588e+00
4.302669688332196873e-01 1.138140823114120792e+00
4.313075177298850704e-01 9.981504471512501198e-01
4.323480666265504535e-01 1.048899797001560330e+00
4.333886155232158366e-01 1.091830559670430745e+00
4.344291644198812197e-01 1.106965578310465048e+00
4.354697133165466028e-01 1.085352636445318097e+00
4.365102622132119858e-01 1.173253485943362762e+00
4.375508111098773689e-01 1.198645494843262327e+00
4.385913600065427520e-01 1.122583846932098339e+00
4.396319089032081351e-01 9.870666098094851293e-01
4.406724577998735182e-01 9.464039826657497656e-01
4.417130066965389013e-01 1.056043972876782533e+00
4.427535555932042843e-01 1.006115446777744893e+00
4.437941044898696674e-01 9.377724811242487135e-01
4.448346533865350505e-01 8.964408065148070648e-01
4.458752022832004336e-01 9.929708482836367978e-01
4.469157511798658167e-01 1.042870498481594410e+00
4.479563000765311997e-01 8.661849808649400018e-01
4.489968489731965828e-01 1.057437505858946025e+00
4.500373978698619659e-01 1.077036693447841031e+00
4.510779467665273490e-01 1.030579687616558715e+00
4.521184956631927321e-01 9.863344391203376915e-01
4.531590445598581152e-01 1.066009182562893898e+00
4.541995934565234982e-01 1.024643553186830758e+00
4.552401423531888813e-01 7.397057549803385257e-01
4.562806912498542644e-01 8.377529375942067702e-01
4.573212401465196475e-01 9.666810024880589935e-01
4.583617890431850306e-01 8.842371225761702647e-01
4.594023379398504137e-01 6.498672392158297839e-01
4.604428868365157967e-01 6.883312485654577983e-01
4.614834357331811798e-01 7.612676324474136891e-01
4.625239846298465629e-01 9.280613756839564132e-01
4.635645335265119460e-01 8.007004245593201119e-01
4.646050824231773291e-01 7.596189715309691337e-01
4.656456313198427122e-01 6.073553973354606228e-01
4.666861802165080952e-01 6.728775160212272510e-01
4.677267291131734783e-01 7.541800291068270212e-01
4.687672780098388614e-01 6.322393274281061792e-01
4.698078269065042445e-01 5.574650333706188121e-01
4.708483758031696276e-01 5.362755914696641923e-01
4.718889246998350107e-01 6.109435957058906297e-01
4.729294735965003937e-01 5.209837833804513707e-01
4.739700224931657768e-01 6.911359785352111373e-01
4.750105713898311599e-01 6.741796840203768681e-01
4.760511202864965430e-01 6.586464039789596825e-01
4.770916691831619261e-01 6.389076350990912090e-01
4.781322180798273092e-01 5.653278526226444001e-01
4.791727669764926922e-01 6.634024727897767093e-01
4.802133158731580753e-01 7.406348534809694684e-01
4.812538647698234584e-01 7.582055109179393071e-01
4.822944136664888415e-01 8.282916351429321367e-01
4.833349625631542246e-01 7.679013357892401359e-01
4.843755114598196077e-01 6.924190785201069787e-01
4.854160603564849907e-01 6.145799122524735481e-01
4.864566092531503738e-01 6.400093188100512975e-01
4.874971581498157569e-01 7.795655343670908621e-01
4.885377070464811400e-01 6.933904993977861864e-01
4.895782559431465231e-01 5.393295731293505924e-01
4.906188048398119061e-01 4.984824795954878596e-01
4.916593537364772892e-01 4.498310311672852890e-01
4.926999026331426723e-01 5.774418863056176576e-01
4.937404515298080554e-01 5.533515144547358489e-01
4.947810004264734385e-01 4.776992377722706351e-01
4.958215493231388216e-01 5.397440761069702830e-01
4.968620982198042046e-01 6.116637053293203508e-01
4.979026471164695877e-01 4.721436963875547121e-01
4.989431960131349708e-01 3.534300363886870855e-01
4.999837449098003539e-01 3.368279560146767437e-01
5.010242938064657370e-01 4.715828999394169330e-01
5.020648427031311201e-01 4.853510668279596985e-01
5.031053915997965031e-01 4.123819261267556158e-01
5.041459404964618862e-01 5.434055581389642953e-01
5.051864893931272693e-01 5.091972865132596837e-01
5.062270382897926524e-01 5.413194920208859173e-01
5.072675871864580355e-01 4.377191301764007392e-01
5.083081360831234186e-01 3.806028637485070476e-01
5.093486849797888016e-01 4.345728808296378531e-01
5.103892338764541847e-01 4.182334760593278133e-01
5.114297827731195678e-01 4.623156993302046658e-01
5.124703316697849509e-01 4.491376432865834545e-01
5.135108805664503340e-01 4.385019795467393067e-01
5.145514294631157171e-01 4.131801726182580126e-01
5.155919783597811001e-01 4.383067327994218942e-01
5.166325272564464832e-01 3.948717708356674905e-01
5.176730761531118663e-01 3.802796846183120749e-01
5.187136250497772494e-01 3.117291021061667777e-01
5.197541739464426325e-01 1.794581262446293124e-01
5.207947228431080156e-01 1.750736011045539442e-01
5.218352717397733986e-01 3.365251714578398889e-01
5.228758206364387817e-01 3.484101902338281320e-01
5.239163695331041648e-01 4.143383364075177155e-01
5.249569184297695479e-01 2.612265666849609147e-01
5.259974673264349310e-01 2.208831504282287028e-01
5.270380162231003141e-01 2.855069006912174245e-01
5.280785651197656971e-01 1.347529651792385152e-01
5.291191140164310802e-01 2.732577699058857945e-01
5.301596629130964633e-01 3.876679683982686697e-01
5.312002118097618464e-01 3.908892228782612221e-01
5.322407607064272295e-01 4.039530947915821457e-01
5.332813096030926125e-01 3.836492677759153480e-01
5.343218584997581067e-01 3.682904215468632003e-01
5.353624073964233787e-01 4.440694194085885727e-01
5.364029562930888728e-01 3.132798567304035942e-01
5.374435051897541449e-01 2.851315038171904348e-01
5.384840540864196390e-01 2.875509407134977380e-01
5.395246029830849110e-01 3.936640950446808063e-01
5.405651518797504052e-01 3.803700443042288271e-01
5.416057007764156772e-01 3.670675121585915690e-01
5.426462496730811713e-01 3.945968923391234284e-01
5.436867985697464434e-01 2.483768303231030927e-01
5.447273474664119375e-01 3.853117829479053569e-01
5.457678963630772095e-01 5.258698343986232260e-01
5.468084452597427036e-01 6.846131062788565202e-01
5.478489941564079757e-01 6.057132349487126532e-01
5.488895430530734698e-01 4.264323392411597524e-01
5.499300919497387419e-01 4.062779441286075155e-01
5.509706408464042360e-01 2.256610331937949354e-01
5.520111897430695080e-01 3.164275899580815121e-01
5.530517386397350021e-01 5.188014034080694614e-01
5.540922875364002742e-01 4.109852406425780202e-01
5.551328364330657683e-01 2.731250738509665155e-01
5.561733853297310404e-01 2.885472390519119301e-01
5.572139342263965345e-01 3.919126420138105971e-01
5.582544831230618065e-01 5.346049780805373075e-01
5.592950320197273006e-01 5.745340940382526185e-01
5.603355809163925727e-01 4.356972019760334547e-01
5.613761298130580668e-01 2.626086920172987504e-01
5.624166787097233389e-01 3.660183322333701028e-01
5.634572276063888330e-01 4.220123423131489915e-01
5.644977765030541050e-01 2.524411143738767294e-01
5.655383253997195991e-01 2.938807976699564506e-01
5.665788742963848712e-01 4.291865174742639510e-01
5.676194231930503653e-01 3.320622730808118206e-01
5.686599720897156374e-01 3.395289089142288219e-01
5.697005209863811315e-01 3.311304981426879124e-01
5.707410698830464035e-01 2.999627935089534958e-01
5.717816187797118976e-01 3.454138544218032791e-01
5.728221676763771697e-01 2.678640397022995501e-01
5.738627165730426638e-01 2.796107907458527109e-01
5.749032654697079359e-01 3.602173397091092966e-01
5.759438143663734300e-01 1.572319983219685469e-01
5.769843632630387020e-01 2.718669301571381425e-01
5.780249121597041961e-01 4.040373411361848355e-01
5.790654610563694682e-01 3.503291509321044828e-01
5.801060099530349623e-01 2.064034253125122120e-01
5.811465588497002344e-01 2.725269372332448370e-01
5.821871077463657285e-01 3.516361451238658731e-01
5.832276566430310005e-01 4.565045747837004342e-01
5.842682055396964946e-01 4.046061843723407492e-01
5.853087544363617667e-01 3.094814523018598607e-01
5.863493033330272608e-01 3.628443245574999310e-01
5.873898522296925329e-01 4.332985349196043501e-01
5.884304011263580270e-01 3.875129052307784150e-01
5.894709500230232990e-01 2.501586308615806331e-01
5.905114989196887931e-01 1.878905394730523426e-01
5.915520478163540652e-01 1.577353918459998283e-01
5.925925967130195593e-01 1.322348194439832980e-01
5.936331456096848314e-01 1.899523802702276498e-01
5.946736945063503255e-01 1.493794268292774063e-01
5.957142434030155975e-01 0.000000000000000000e+00
5.967547922996810916e-01 2.131321724210692992e-01
5.977953411963463637e-01 1.852363183655789669e-01
5.988358900930118578e-01 2.474277868072753961e-01
5.998764389896771299e-01 1.673111464944412319e-01
