# q (1/Angstrom), Intensity (arb)
2.029070354705860696e-02 9.471646989186078827e+02
2.133125244372399004e-02 8.442941829574780286e+02
2.237180134038937659e-02 7.583780925210967325e+02
2.341235023705475968e-02 6.862995707879233578e+02
2.445289913372014276e-02 6.341375134554469923e+02
2.549344803038552584e-02 5.897446601990535555e+02
2.653399692705091240e-02 5.538877003075402854e+02
2.757454582371629548e-02 5.213340821149962494e+02
2.861509472038167856e-02 4.949636863829585423e+02
2.965564361704706164e-02 4.739856443930393084e+02
3.069619251371244473e-02 4.561957169086525710e+02
3.173674141037782781e-02 4.399214984540564046e+02
3.277729030704321089e-02 4.343034600588358671e+02
3.381783920370859398e-02 4.279676389330541042e+02
3.485838810037397706e-02 4.229439361324123752e+02
3.589893699703936014e-02 4.215108633450304296e+02
3.693948589370474322e-02 4.231019578082346015e+02
3.798003479037012631e-02 4.260392043146665060e+02
3.902058368703550939e-02 4.323236743561963635e+02
4.006113258370089247e-02 4.415453627125927483e+02
4.110168148036627556e-02 4.538897755360345059e+02
4.214223037703165864e-02 4.773732907509540269e+02
4.318277927369704866e-02 5.035639306556726069e+02
4.422332817036243174e-02 5.361226024816543259e+02
4.526387706702781483e-02 5.920383710167320714e+02
4.630442596369319791e-02 6.799520896415575635e+02
4.734497486035858099e-02 8.464257704844609407e+02
4.838552375702396408e-02 1.186397334292805908e+03
4.942607265368934716e-02 1.788828470284165860e+03
5.046662155035473024e-02 2.739003256728175984e+03
5.150717044702011332e-02 4.225608767566573079e+03
5.254771934368549641e-02 5.149534302720015148e+03
5.358826824035087949e-02 4.422963022372358864e+03
5.462881713701626257e-02 3.465649334379158972e+03
5.566936603368164566e-02 3.181611593618299139e+03
5.670991493034702874e-02 3.242074539271510275e+03
5.775046382701241182e-02 3.381630362779382722e+03
5.879101272367779490e-02 3.512707193257981089e+03
5.983156162034317799e-02 3.560069916076700792e+03
6.087211051700856107e-02 3.449820182094742904e+03
6.191265941367394415e-02 3.205685274328688138e+03
6.295320831033933417e-02 2.924091680263317357e+03
6.399375720700471726e-02 2.635547845296736341e+03
6.503430610367010034e-02 2.352311772561143698e+03
6.607485500033548342e-02 2.064749145436412618e+03
6.711540389700086651e-02 1.781665074105860867e+03
6.815595279366624959e-02 1.517527182236632370e+03
6.919650169033163267e-02 1.275258469059492654e+03
7.023705058699701576e-02 1.062410592484952303e+03
7.127759948366239884e-02 8.812257085879908800e+02
7.231814838032778192e-02 7.288759122351901851e+02
7.335869727699316500e-02 6.026995604915354079e+02
7.439924617365854809e-02 5.001377326441724449e+02
7.543979507032393117e-02 4.162384652751430849e+02
7.648034396698931425e-02 3.492218670249388310e+02
7.752089286365469734e-02 2.975596162185836988e+02
7.856144176032008042e-02 2.564169452139086616e+02
7.960199065698546350e-02 2.247096883022712177e+02
8.064253955365084658e-02 2.020042861217227426e+02
8.168308845031622967e-02 1.912843926033366415e+02
8.272363734698161275e-02 1.998397532698277814e+02
8.376418624364699583e-02 2.462518148153034190e+02
8.480473514031239279e-02 3.272751655011878142e+02
8.584528403697777588e-02 3.638685972443504966e+02
8.688583293364315896e-02 3.005145029404625916e+02
8.792638183030854204e-02 2.189510276985345456e+02
8.896693072697392513e-02 1.794930313094364180e+02
9.000747962363930821e-02 1.657290553619990590e+02
9.104802852030469129e-02 1.630717890214003205e+02
9.208857741697007437e-02 1.656209904174954772e+02
9.312912631363545746e-02 1.703140222829158006e+02
9.416967521030084054e-02 1.766885836651727288e+02
9.521022410696622362e-02 1.845178811243398229e+02
9.625077300363160671e-02 1.971965113662521389e+02
9.729132190029698979e-02 2.232869696245778357e+02
9.833187079696237287e-02 2.769259323472151664e+02
9.937241969362775595e-02 3.548119844933889908e+02
1.004129685902931390e-01 3.986709880834783348e+02
1.014535174869585221e-01 3.538023822345776352e+02
1.024940663836239052e-01 2.823716554352490107e+02
1.035346152802892883e-01 2.467016351297546350e+02
1.045751641769546714e-01 2.326596491854022588e+02
1.056157130736200545e-01 2.160689138879715756e+02
1.066562619702854375e-01 1.972818540865833654e+02
1.076968108669508206e-01 1.869662440676676738e+02
1.087373597636162037e-01 1.848056520522712276e+02
1.097779086602815868e-01 1.850078168905049836e+02
1.108184575569469699e-01 1.861821302579498933e+02
1.118590064536123529e-01 1.867229835129006119e+02
1.128995553502777360e-01 1.849992053644376426e+02
1.139401042469431191e-01 1.810311451252473773e+02
1.149806531436085022e-01 1.769935259214393000e+02
1.160212020402738853e-01 1.709799630217424067e+02
1.170617509369392684e-01 1.638684148161827636e+02
1.181022998336046514e-01 1.561758426780048410e+02
1.191428487302700345e-01 1.472672151877194437e+02
1.201833976269354176e-01 1.380135145143179329e+02
1.212239465236008007e-01 1.278956216817293523e+02
1.222644954202661838e-01 1.180630631567622686e+02
1.233050443169315669e-01 1.077296470816254725e+02
1.243455932135969499e-01 9.918253761348795194e+01
1.253861421102623330e-01 9.183935767680935669e+01
1.264266910069277161e-01 8.414917543573356795e+01
1.274672399035930992e-01 7.781848214024121546e+01
1.285077888002584823e-01 7.430323577624321274e+01
1.295483376969238654e-01 7.351148892645247201e+01
1.305888865935892484e-01 7.647810733385060189e+01
1.316294354902546315e-01 8.148320854802656754e+01
1.326699843869200146e-01 8.376445684135497061e+01
1.337105332835853977e-01 8.432561437199701970e+01
1.347510821802507808e-01 8.470291900990837064e+01
1.357916310769161639e-01 7.807524706682852411e+01
1.368321799735815469e-01 6.296115028520570434e+01
1.378727288702469300e-01 4.952837209689339204e+01
1.389132777669123131e-01 4.185250095906739887e+01
1.399538266635776962e-01 3.750917641264231861e+01
1.409943755602430793e-01 3.519389243758085684e+01
1.420349244569084624e-01 3.427779253256343850e+01
1.430754733535738454e-01 3.417495067781597129e+01
1.441160222502392285e-01 3.418101353348083649e+01
1.451565711469046116e-01 3.585105610841789314e+01
1.461971200435699947e-01 3.863635666777130950e+01
1.472376689402353778e-01 4.213302292759465928e+01
1.482782178369007609e-01 4.475797517754883614e+01
1.493187667335661439e-01 4.286231543004028310e+01
1.503593156302315270e-01 3.905187179440028444e+01
1.513998645268969101e-01 3.545979872419869139e+01
1.524404134235622932e-01 3.422104632778946609e+01
1.534809623202276763e-01 3.329167513282946800e+01
1.545215112168930593e-01 3.323283326934525661e+01
1.555620601135584424e-01 3.398536123676043275e+01
1.566026090102238255e-01 3.359860350739296564e+01
1.576431579068892086e-01 3.283144979480605485e+01
1.586837068035545917e-01 3.123560289096351639e+01
1.597242557002199748e-01 2.909427947538755177e+01
1.607648045968853578e-01 2.763722995860692322e+01
1.618053534935507409e-01 2.671939521028998854e+01
1.628459023902161240e-01 2.580180057956748740e+01
1.638864512868815071e-01 2.511605515307160275e+01
1.649270001835468902e-01 2.471129442276134114e+01
1.659675490802122733e-01 2.441147610774162047e+01
1.670080979768776563e-01 2.402119774061111102e+01
1.680486468735430672e-01 2.375936600557894707e+01
1.690891957702084503e-01 2.330600357391079669e+01
1.701297446668738333e-01 2.256579170368604181e+01
1.711702935635392164e-01 2.247646477466889436e+01
1.722108424602045995e-01 2.164772695796686719e+01
1.732513913568699826e-01 2.107478468420743667e+01
1.742919402535353657e-01 2.077711188804632059e+01
1.753324891502007488e-01 2.127732550999215633e+01
1.763730380468661318e-01 2.194333114866036993e+01
1.774135869435315149e-01 2.308991900073572268e+01
1.784541358401968980e-01 2.468163408164456740e+01
1.794946847368622811e-01 2.553953588624108662e+01
1.805352336335276642e-01 2.495615851568390298e+01
1.815757825301930473e-01 2.330793670243232540e+01
1.826163314268584303e-01 2.127127633635666726e+01
1.836568803235238134e-01 1.925620569119132242e+01
1.846974292201891965e-01 1.725664571050671370e+01
1.857379781168545796e-01 1.605356111880461967e+01
1.867785270135199627e-01 1.543380955652582998e+01
1.878190759101853458e-01 1.479020091667267778e+01
1.888596248068507288e-01 1.433709245951623501e+01
1.899001737035161119e-01 1.444233764196016523e+01
1.909407226001814950e-01 1.448233815227270327e+01
1.919812714968468781e-01 1.431531020358882600e+01
1.930218203935122612e-01 1.363459239262481759e+01
1.940623692901776443e-01 1.292992450280177508e+01
1.951029181868430273e-01 1.261971833903387719e+01
1.961434670835084104e-01 1.245414056448909790e+01
1.971840159801737935e-01 1.250038152244402667e+01
1.982245648768391766e-01 1.258444819044388652e+01
1.992651137735045597e-01 1.269244954649654034e+01
2.003056626701699428e-01 1.235402817682044940e+01
2.013462115668353813e-01 1.138286547763754086e+01
2.023867604635007644e-01 1.034598778033297251e+01
2.034273093601661475e-01 9.482562633133593266e+00
2.044678582568315306e-01 8.822443014443095421e+00
2.055084071534969137e-01 8.214660795857916753e+00
2.065489560501622968e-01 8.100462418794077024e+00
2.075895049468276798e-01 8.233410690110435581e+00
2.086300538434930629e-01 7.952786971800943405e+00
2.096706027401584460e-01 7.902412828667493727e+00
2.107111516368238291e-01 7.615224192676755877e+00
2.117517005334892122e-01 7.423547138744947205e+00
2.127922494301545953e-01 7.410977252999149556e+00
2.138327983268199783e-01 7.335135328566551038e+00
2.148733472234853614e-01 7.290490076643887818e+00
2.159138961201507445e-01 6.744774222862282897e+00
2.169544450168161276e-01 6.802121933305318890e+00
2.179949939134815107e-01 6.870750110711195902e+00
2.190355428101468938e-01 6.767618086454817217e+00
2.200760917068122768e-01 6.911268568775579269e+00
2.211166406034776599e-01 6.748433281786770266e+00
2.221571895001430430e-01 6.688710984767730849e+00
2.231977383968084261e-01 6.976619228031974984e+00
2.242382872934738092e-01 6.928412164055188782e+00
2.252788361901391923e-01 7.092585988367552829e+00
2.263193850868045753e-01 7.566698741682245100e+00
2.273599339834699584e-01 7.677958941431302975e+00
2.284004828801353415e-01 7.555586925444490731e+00
2.294410317768007246e-01 7.408782623970655123e+00
2.304815806734661077e-01 7.201920761747039990e+00
2.315221295701314908e-01 7.425362218687311611e+00
2.325626784667968738e-01 7.618942367460743270e+00
2.336032273634622569e-01 7.629035329160988255e+00
2.346437762601276400e-01 6.926317949301346033e+00
2.356843251567930231e-01 6.466109347048025313e+00
2.367248740534584062e-01 6.085863505036556376e+00
2.377654229501237892e-01 5.921236559812534495e+00
2.388059718467891723e-01 5.619608333084933349e+00
2.398465207434545554e-01 5.322378107182089479e+00
2.408870696401199385e-01 5.534270264891421931e+00
2.419276185367853216e-01 5.154782444987656476e+00
2.429681674334507047e-01 4.976256098217799462e+00
2.440087163301160877e-01 4.944757826631015263e+00
2.450492652267814708e-01 4.932292941769837569e+00
2.460898141234468539e-01 4.825045473588392753e+00
2.471303630201122370e-01 4.915166399394824026e+00
2.481709119167776201e-01 5.229672969094231405e+00
2.492114608134430032e-01 5.226650937186590795e+00
2.502520097101083585e-01 4.744098619515199289e+00
2.512925586067737416e-01 4.494616246742300092e+00
2.523331075034391247e-01 4.394054776714853006e+00
2.533736564001045077e-01 4.045449421633861675e+00
2.544142052967698908e-01 4.128149361226867597e+00
2.554547541934352739e-01 4.026979514260400350e+00
2.564953030901006570e-01 4.110134393163409783e+00
2.575358519867660401e-01 3.833092844052586656e+00
2.585764008834314231e-01 3.474692235540693730e+00
2.596169497800968062e-01 3.376469464745106563e+00
2.606574986767621893e-01 3.298281752885319662e+00
2.616980475734275724e-01 3.375455678292333062e+00
2.627385964700929555e-01 3.376551369159287219e+00
2.637791453667583386e-01 3.177015093494411246e+00
2.648196942634237216e-01 3.355198443427333643e+00
2.658602431600891047e-01 3.223071023914471311e+00
2.669007920567544878e-01 3.305249188224788526e+00
2.679413409534198709e-01 3.396286418963882170e+00
2.689818898500852540e-01 3.465278986529359173e+00
2.700224387467506371e-01 3.328497695855499927e+00
2.710629876434160201e-01 3.323233849388770977e+00
2.721035365400814032e-01 3.324038549672785336e+00
2.731440854367467863e-01 3.519412354153022449e+00
2.741846343334121694e-01 3.492283745092869651e+00
2.752251832300775525e-01 3.735604103537745857e+00
2.762657321267429356e-01 3.831206901987783908e+00
2.773062810234083186e-01 3.600928964695473411e+00
2.783468299200737017e-01 3.489796987482019830e+00
2.793873788167390848e-01 3.282075477302143440e+00
2.804279277134044679e-01 3.160348755538912258e+00
2.814684766100698510e-01 2.939862222302767947e+00
2.825090255067352341e-01 3.019998445163508904e+00
2.835495744034006171e-01 3.185853718606175278e+00
2.845901233000660002e-01 3.356342959505603574e+00
2.856306721967313833e-01 3.491855128860521518e+00
2.866712210933967664e-01 3.177830514990397148e+00
2.877117699900621495e-01 3.081808973023338893e+00
2.887523188867275326e-01 2.942061976339420681e+00
2.897928677833929156e-01 2.884628431449801411e+00
2.908334166800582987e-01 2.897014779774810478e+00
2.918739655767236818e-01 2.836106277992858082e+00
2.929145144733890649e-01 2.828643790987939610e+00
2.939550633700544480e-01 2.654790720596071907e+00
2.949956122667198311e-01 2.498732409030729684e+00
2.960361611633852141e-01 2.768658744310176445e+00
2.970767100600505972e-01 2.857694755018417965e+00
2.981172589567159803e-01 2.829334752110177931e+00
2.991578078533813634e-01 2.757088401603983385e+00
3.001983567500468020e-01 2.572388409045217372e+00
3.012389056467121851e-01 2.385616703626190827e+00
3.022794545433775681e-01 2.572368571904600998e+00
3.033200034400429512e-01 2.444519048302275621e+00
3.043605523367083343e-01 2.238334947385247631e+00
3.054011012333737174e-01 2.380826846939232411e+00
3.064416501300391005e-01 2.521254344994595442e+00
3.074821990267044836e-01 2.277987366472594033e+00
3.085227479233698666e-01 2.410219306396292893e+00
3.095632968200352497e-01 2.401497114549677292e+00
3.106038457167006328e-01 2.158166686240146959e+00
3.116443946133660159e-01 2.130563350239857101e+00
3.126849435100313990e-01 1.983711465798872808e+00
3.137254924066967821e-01 2.062677274709443509e+00
3.147660413033621651e-01 1.996546432073973421e+00
3.158065902000275482e-01 1.903476916460679291e+00
3.168471390966929313e-01 2.014462155845162528e+00
3.178876879933583144e-01 1.950224386970425883e+00
3.189282368900236975e-01 2.242998519370885901e+00
3.199687857866890806e-01 2.203353507294622204e+00
3.210093346833544636e-01 1.846471031119307327e+00
3.220498835800198467e-01 2.031954486845837238e+00
3.230904324766852298e-01 2.142052732575344010e+00
3.241309813733506129e-01 2.163120297227084876e+00
3.251715302700159960e-01 2.260373132951873032e+00
3.262120791666813790e-01 2.198948615738807177e+00
3.272526280633467621e-01 2.116601840779566146e+00
3.282931769600121452e-01 2.202090428468224559e+00
3.293337258566775283e-01 2.395353528806811738e+00
3.303742747533429114e-01 2.281681579223434397e+00
3.314148236500082945e-01 2.113968229343743843e+00
3.324553725466736775e-01 1.987758502084343348e+00
3.334959214433390606e-01 2.323279847091285433e+00
3.345364703400044437e-01 2.488453948603197574e+00
3.355770192366698268e-01 2.294213761572088117e+00
3.366175681333352099e-01 2.085073109661067292e+00
3.376581170300005930e-01 1.996718654846961982e+00
3.386986659266659760e-01 1.987693959023594914e+00
3.397392148233313591e-01 1.883448981798178323e+00
3.407797637199967422e-01 1.918669138144537101e+00
3.418203126166621253e-01 2.048623375070423691e+00
3.428608615133275084e-01 2.177809526876071544e+00
3.439014104099928915e-01 2.198743577887661615e+00
3.449419593066582745e-01 2.160057835402252380e+00
3.459825082033236576e-01 1.907153041650634151e+00
3.470230570999890407e-01 1.901944372163356434e+00
3.480636059966544238e-01 1.998717752677428905e+00
3.491041548933198069e-01 1.880777575242330357e+00
3.501447037899851900e-01 1.761816806882414710e+00
3.511852526866505730e-01 1.611245431747764911e+00
3.522258015833159561e-01 1.425930476362619714e+00
3.532663504799813392e-01 1.404916107199245090e+00
3.543068993766467223e-01 1.593836434294356508e+00
3.553474482733121054e-01 1.642678063703922220e+00
3.563879971699774885e-01 1.706586582073938985e+00
3.574285460666428715e-01 1.707981217126345541e+00
3.584690949633082546e-01 1.651219167404295973e+00
3.595096438599736377e-01 1.555525285263140489e+00
3.605501927566390208e-01 1.539288680553251965e+00
3.615907416533044039e-01 1.646312098983599981e+00
3.626312905499697870e-01 1.605252636985447623e+00
3.636718394466351700e-01 1.761437875539435538e+00
3.647123883433005531e-01 1.735280340497581619e+00
3.657529372399659362e-01 1.676010372551711924e+00
3.667934861366313193e-01 1.680421986069639217e+00
3.678340350332967024e-01 1.517147435700859859e+00
3.688745839299620854e-01 1.441562632596937732e+00
3.699151328266274685e-01 1.262427589985190224e+00
3.709556817232928516e-01 1.274199344552247481e+00
3.719962306199582347e-01 1.453059424753533335e+00
3.730367795166236178e-01 1.570194246178317599e+00
3.740773284132890009e-01 1.462012415699206258e+00
3.751178773099543839e-01 1.554372758555658152e+00
3.761584262066197670e-01 1.468188027260715955e+00
3.771989751032851501e-01 1.482368951670828494e+00
3.782395239999505332e-01 1.568633499716998614e+00
3.792800728966159163e-01 1.379666694760544488e+00
3.803206217932812994e-01 1.458651169934189085e+00
3.813611706899466824e-01 1.521026756341544939e+00
3.824017195866120655e-01 1.422227698778101512e+00
3.834422684832774486e-01 1.385594279087161595e+00
3.844828173799428317e-01 1.567096043713032572e+00
3.855233662766082148e-01 1.445134395313406372e+00
3.865639151732735979e-01 1.409455568923132063e+00
3.876044640699389809e-01 1.451366178184720468e+00
3.886450129666043640e-01 1.438327020191717764e+00
3.896855618632697471e-01 1.554176983585954019e+00
3.907261107599351302e-01 1.478282727356717174e+00
3.917666596566005133e-01 1.338909861835801962e+00
3.928072085532658964e-01 1.289328742481107071e+00
3.938477574499312794e-01 1.120223039133701803e+00
3.948883063465966625e-01 1.080265543803669459e+00
3.959288552432620456e-01 1.125553078256384509e+00
3.969694041399274287e-01 1.163649668639596513e+00
3.980099530365928118e-01 1.185666775105417514e+00
3.990505019332581949e-01 1.207989070841147594e+00
4.000910508299235779e-01 1.238185085378312067e+00
4.011315997265889610e-01 1.264870167645817389e+00
4.021721486232543441e-01 1.264858291979546578e+00
4.032126975199197272e-01 1.183678374528749799e+00
4.042532464165851103e-01 1.248565452552178101e+00
4.052937953132504934e-01 1.045480389626689544e+00
4.063343442099158764e-01 1.083184449712192077e+00
4.073748931065812595e-01 1.116927603196501195e+00
4.084154420032466426e-01 1.035239454533748216e+00
4.094559908999120257e-01 1.031351559890332226e+00
4.104965397965774088e-01 1.137035599277066211e+00
4.115370886932427918e-01 1.188956047167632590e+00
4.125776375899081749e-01 1.309870129481069512e+00
4.136181864865735580e-01 1.173776639246259634e+00
4.146587353832389411e-01 1.277579723128507538e+00
4.156992842799043242e-01 1.096108872678307478e+00
4.167398331765697073e-01 1.003120207243711093e+00
4.177803820732350903e-01 1.158534881119916093e+00
4.188209309699004734e-01 1.191470906945696129e+00
4.198614798665658565e-01 9.687410846832307243e-01
4.209020287632312396e-01 8.793222197324688238e-01
4.219425776598966227e-01 1.233115972157971640e+00
4.229831265565620058e-01 1.185065841099252282e+00
4.240236754532273888e-01 1.102969862403586632e+00
4.250642243498927719e-01 1.165550792746863351e+00
4.261047732465581550e-01 1.093888599262101025e+00
4.271453221432235381e-01 9.847944491907441034e-01
4.281858710398889212e-01 1.098677206796629946e+00
4.292264199365543043e-01 1.038033393019492934e+00
4.302669688332196873e-01 1.070565857985130265e+00
4.313075177298850704e-01 9.717698363980282750e-01
4.323480666265504535e-01 1.106559823437677892e+00
4.333886155232158366e-01 1.187677320155891891e+00
4.344291644198812197e-01 1.007525949988107072e+00
4.354697133165466028e-01 9.097498486354922420e-01
4.365102622132119858e-01 7.916502738849970910e-01
4.375508111098773689e-01 7.267983128897022027e-01
4.385913600065427520e-01 7.648100070877568157e-01
4.396319089032081351e-01 8.333087055327013104e-01
4.406724577998735182e-01 7.695005569886532726e-01
4.417130066965389013e-01 9.466310728222602222e-01
4.427535555932042843e-01 8.895321120879735588e-01
4.437941044898696674e-01 8.330913525876901815e-01
4.448346533865350505e-01 7.794778376288000743e-01
4.458752022832004336e-01 7.554935764850334579e-01
4.469157511798658167e-01 8.834029839362358416e-01
4.479563000765311997e-01 9.148425869190432991e-01
4.489968489731965828e-01 7.961087625323770567e-01
4.500373978698619659e-01 6.779644425310138445e-01
4.510779467665273490e-01 8.198460537397700421e-01
4.521184956631927321e-01 8.879250983503794714e-01
4.531590445598581152e-01 8.676877945070593512e-01
4.541995934565234982e-01 8.432690825664010958e-01
4.552401423531888813e-01 7.466703622485617586e-01
4.562806912498542644e-01 7.850772141937234494e-01
4.573212401465196475e-01 6.423952023690659985e-01
4.583617890431850306e-01 6.798693921264700180e-01
4.594023379398504137e-01 7.726675530434192751e-01
4.604428868365157967e-01 7.568499339758503197e-01
4.614834357331811798e-01 9.106873603200753564e-01
4.625239846298465629e-01 9.196331556071086766e-01
4.635645335265119460e-01 7.714240912259526795e-01
4.646050824231773291e-01 7.063299431681144824e-01
4.656456313198427122e-01 7.924039731176257817e-01
4.666861802165080952e-01 6.180423221717390447e-01
4.677267291131734783e-01 5.601689381719801020e-01
4.687672780098388614e-01 6.303486618574112299e-01
4.698078269065042445e-01 6.188694827823155720e-01
4.708483758031696276e-01 7.006938536130746797e-01
4.718889246998350107e-01 6.108550841293158840e-01
4.729294735965003937e-01 6.381092184560586134e-01
4.739700224931657768e-01 6.277301538806803194e-01
4.750105713898311599e-01 5.329135728379696957e-01
4.760511202864965430e-01 4.154712374697382415e-01
4.770916691831619261e-01 6.130146643493681324e-01
4.781322180798273092e-01 7.909037879475846466e-01
4.791727669764926922e-01 8.026364086278015009e-01
4.802133158731580753e-01 7.422165403789584559e-01
4.812538647698234584e-01 6.131300886228281399e-01
4.822944136664888415e-01 7.867308379221427117e-01
4.833349625631542246e-01 5.735420059157760875e-01
4.843755114598196077e-01 6.310934156083618518e-01
4.854160603564849907e-01 5.930741557009646669e-01
4.864566092531503738e-01 5.195617759210975350e-01
4.874971581498157569e-01 5.440824813472744381e-01
4.885377070464811400e-01 6.553858681005415576e-01
4.895782559431465231e-01 5.178694962471048768e-01
4.906188048398119061e-01 4.257884414081125612e-01
4.916593537364772892e-01 4.705446936939594593e-01
4.926999026331426723e-01 5.474698943610896151e-01
4.937404515298080554e-01 5.257429183232140701e-01
4.947810004264734385e-01 3.412396814480693763e-01
4.958215493231388216e-01 3.255695937382228067e-01
4.968620982198042046e-01 5.704197388661036427e-01
4.979026471164695877e-01 3.677895263377699564e-01
4.989431960131349708e-01 3.751535213961822990e-01
4.999837449098003539e-01 4.875008223129313478e-01
5.010242938064657370e-01 3.393227205949820302e-01
5.020648427031311201e-01 5.046499274721618633e-01
5.031053915997965031e-01 4.633915935250172424e-01
5.041459404964618862e-01 3.565565127263994327e-01
5.051864893931272693e-01 3.540827396147676609e-01
5.062270382897926524e-01 4.599863262182779522e-01
5.072675871864580355e-01 3.710936781377327520e-01
5.083081360831234186e-01 1.878504098269218048e-01
5.093486849797888016e-01 3.954367507054179498e-01
5.103892338764541847e-01 3.704802196065983821e-01
5.114297827731195678e-01 2.465239535461023479e-01
5.124703316697849509e-01 1.192809902528182420e-01
5.135108805664503340e-01 3.651574167395423842e-01
5.145514294631157171e-01 4.918089376196128626e-01
5.155919783597811001e-01 2.753810445819944164e-01
5.166325272564464832e-01 2.971174501804689783e-01
5.176730761531118663e-01 3.964440608329411475e-01
5.187136250497772494e-01 3.147342575825327060e-01
5.197541739464426325e-01 3.804933328908255419e-01
5.207947228431080156e-01 4.087809081073885409e-01
5.218352717397733986e-01 2.925666004182296831e-01
5.228758206364387817e-01 2.950294219438447385e-01
5.239163695331041648e-01 4.867187886835502297e-01
5.249569184297695479e-01 3.482211403530008909e-01
5.259974673264349310e-01 1.948929487078849832e-01
5.270380162231003141e-01 3.077558708190366588e-01
5.280785651197656971e-01 3.289892679187325086e-01
5.291191140164310802e-01 3.213401703693143929e-01
5.301596629130964633e-01 3.041923020962151725e-01
5.312002118097618464e-01 3.186214032110470384e-01
5.322407607064272295e-01 4.653444146139165127e-01
5.332813096030926125e-01 4.290270985844024665e-01
5.343218584997581067e-01 3.681809393227588600e-01
5.353624073964233787e-01 3.317707790662538514e-01
5.364029562930888728e-01 2.580017436952921628e-01
5.374435051897541449e-01 2.190248737506195198e-01
5.384840540864196390e-01 4.459449140162377034e-01
5.395246029830849110e-01 3.660516578496064710e-01
5.405651518797504052e-01 3.309398168914583493e-01
5.416057007764156772e-01 4.193198136453091251e-01
5.426462496730811713e-01 3.175861291866759473e-01
5.436867985697464434e-01 2.331357192537275580e-01
5.447273474664119375e-01 2.819339608761985971e-01
5.457678963630772095e-01 3.213243099176565920e-01
5.468084452597427036e-01 4.250084448585731423e-01
5.478489941564079757e-01 4.256323864500650700e-01
5.488895430530734698e-01 2.777900815688632008e-01
5.499300919497387419e-01 2.900742680544041718e-01
5.509706408464042360e-01 4.359988710110833665e-01
5.520111897430695080e-01 4.941747183751168393e-01
5.530517386397350021e-01 3.119273016600665471e-01
5.540922875364002742e-01 1.709552680980266359e-01
5.551328364330657683e-01 2.227394250768348627e-01
5.561733853297310404e-01 3.343812541084432155e-01
5.572139342263965345e-01 2.662648130806211100e-01
5.582544831230618065e-01 4.055222375582410166e-01
5.592950320197273006e-01 3.944061937831335740e-01
5.603355809163925727e-01 4.142528299886087950e-01
5.613761298130580668e-01 2.366627394325426792e-01
5.624166787097233389e-01 3.618236087981898663e-01
5.634572276063888330e-01 4.027303557973738179e-01
5.644977765030541050e-01 2.798962487852598713e-01
5.655383253997195991e-01 4.360965378853656205e-01
5.665788742963848712e-01 5.711280482771314837e-01
5.676194231930503653e-01 4.520777787368537304e-01
5.686599720897156374e-01 3.300326076899331440e-01
5.697005209863811315e-01 3.800397759508449269e-01
5.707410698830464035e-01 5.350196845714449978e-01
5.717816187797118976e-01 5.084929490386791429e-01
5.728221676763771697e-01 4.616395234804713255e-01
5.738627165730426638e-01 4.064593946363146415e-01
5.749032654697079359e-01 3.034873138188523001e-01
5.759438143663734300e-01 3.045167603986200788e-01
5.769843632630387020e-01 2.759988989792496739e-01
5.780249121597041961e-01 3.239639595793377680e-01
5.790654610563694682e-01 2.618058306360211418e-01
5.801060099530349623e-01 3.739241932296799575e-01
5.811465588497002344e-01 3.877356713997208715e-01
5.821871077463657285e-01 3.069906039849463752e-01
5.832276566430310005e-01 3.203821224946779012e-01
5.842682055396964946e-01 2.656477471406297752e-01
5.853087544363617667e-01 1.855550627998354685e-01
5.863493033330272608e-01 2.543028388105526005e-01
5.873898522296925329e-01 3.047653397449678891e-01
5.884304011263580270e-01 2.022367278951051617e-01
5.894709500230232990e-01 2.321177401934058082e-01
5.905114989196887931e-01 4.167493343068109368e-01
5.915520478163540652e-01 3.889136729560362937e-01
5.925925967130195593e-01 1.936698345315726044e-01
5.936331456096848314e-01 5.746587157830163051e-03
5.946736945063503255e-01 0.000000000000000000e+00
5.957142434030155975e-01 1.204504382620541492e-02
5.967547922996810916e-01 2.334584263106620483e-02
5.977953411963463637e-01 2.640965610095520333e-01
5.988358900930118578e-01 2.507187095716396641e-01
5.998764389896771299e-01 1.664212441662265007e-01
