# q (1/Angstrom), Intensity (arb)
2.029070354705860696e-02 9.298298360006691610e+01
2.133125244372399004e-02 8.637983225270275511e+01
2.237180134038937659e-02 8.256796738554027115e+01
2.341235023705475968e-02 7.717846291864836417e+01
2.445289913372014276e-02 7.371362752296099075e+01
2.549344803038552584e-02 7.005839943855713159e+01
2.653399692705091240e-02 6.665270962330012594e+01
2.757454582371629548e-02 6.532721821039130816e+01
2.861509472038167856e-02 6.279732687487586418e+01
2.965564361704706164e-02 6.091996178107569904e+01
3.069619251371244473e-02 5.857170826243249451e+01
3.173674141037782781e-02 5.472814360676174772e+01
3.277729030704321089e-02 5.199629178820295294e+01
3.381783920370859398e-02 5.109918460876094315e+01
3.485838810037397706e-02 5.065178451349882494e+01
3.589893699703936014e-02 5.102132356971259242e+01
3.693948589370474322e-02 4.995245082556805727e+01
3.798003479037012631e-02 4.827279035127707374e+01
3.902058368703550939e-02 4.745167008027961231e+01
4.006113258370089247e-02 4.670995281224505646e+01
4.110168148036627556e-02 4.690947210907814480e+01
4.214223037703165864e-02 4.614056810591677049e+01
4.318277927369704866e-02 4.628983527141729581e+01
4.422332817036243174e-02 4.486571347650506425e+01
4.526387706702781483e-02 4.429147302201455005e+01
4.630442596369319791e-02 4.350707541992003513e+01
4.734497486035858099e-02 4.336551766331223945e+01
4.838552375702396408e-02 4.280369979420845539e+01
4.942607265368934716e-02 4.348598580917596479e+01
5.046662155035473024e-02 4.370047560691860866e+01
5.150717044702011332e-02 4.310249090134743000e+01
5.254771934368549641e-02 4.177190541407406243e+01
5.358826824035087949e-02 4.101904727524564720e+01
5.462881713701626257e-02 4.149999269726645679e+01
5.566936603368164566e-02 4.228159879568218571e+01
5.670991493034702874e-02 4.272323659939473117e+01
5.775046382701241182e-02 4.228895800395532945e+01
5.879101272367779490e-02 4.215192365642622008e+01
5.983156162034317799e-02 4.378248749738012435e+01
6.087211051700856107e-02 4.498982475864050912e+01
6.191265941367394415e-02 4.614590421216318106e+01
6.295320831033933417e-02 4.786177411437786589e+01
6.399375720700471726e-02 4.928734124382157944e+01
6.503430610367010034e-02 5.321591025180919132e+01
6.607485500033548342e-02 5.784855751668180091e+01
6.711540389700086651e-02 6.512193049377322041e+01
6.815595279366624959e-02 7.844052020281381488e+01
6.919650169033163267e-02 1.033882205975429116e+02
7.023705058699701576e-02 1.484849007778727241e+02
7.127759948366239884e-02 2.118728990728964163e+02
7.231814838032778192e-02 2.939737443436210924e+02
7.335869727699316500e-02 4.257258780658162323e+02
7.439924617365854809e-02 6.018817215607684830e+02
7.543979507032393117e-02 6.884062487442918155e+02
7.648034396698931425e-02 5.788576218327051492e+02
7.752089286365469734e-02 4.002895367252404526e+02
7.856144176032008042e-02 2.908392050182926596e+02
7.960199065698546350e-02 2.391367730622588965e+02
8.064253955365084658e-02 2.091052867243471667e+02
8.168308845031622967e-02 1.879524670014664878e+02
8.272363734698161275e-02 1.759414102916437059e+02
8.376418624364699583e-02 1.707022167190485789e+02
8.480473514031239279e-02 1.712405116200801842e+02
8.584528403697777588e-02 1.720507061493247249e+02
8.688583293364315896e-02 1.653448423227764579e+02
8.792638183030854204e-02 1.486893910543561503e+02
8.896693072697392513e-02 1.292725818613449178e+02
9.000747962363930821e-02 1.166223654662306757e+02
9.104802852030469129e-02 1.092363770997897063e+02
9.208857741697007437e-02 1.048161906840006168e+02
9.312912631363545746e-02 1.011455731394152622e+02
9.416967521030084054e-02 9.786664259212273009e+01
9.521022410696622362e-02 9.444680582574480354e+01
9.625077300363160671e-02 9.154009454251453803e+01
9.729132190029698979e-02 8.816740233099243085e+01
9.833187079696237287e-02 8.391770986759436823e+01
9.937241969362775595e-02 7.924917437569241940e+01
1.004129685902931390e-01 7.494091259606724975e+01
1.014535174869585221e-01 7.002162791424099453e+01
1.024940663836239052e-01 6.536835391461180222e+01
1.035346152802892883e-01 6.005142371552183533e+01
1.045751641769546714e-01 5.477007039351814655e+01
1.056157130736200545e-01 4.865963951916866392e+01
1.066562619702854375e-01 4.414809496775513509e+01
1.076968108669508206e-01 4.011311302257321643e+01
1.087373597636162037e-01 3.599121237164199272e+01
1.097779086602815868e-01 3.207312938480087183e+01
1.108184575569469699e-01 2.902066621165408833e+01
1.118590064536123529e-01 2.606865219931239608e+01
1.128995553502777360e-01 2.342972619536312351e+01
1.139401042469431191e-01 2.150579749601134694e+01
1.149806531436085022e-01 1.979715166591761744e+01
1.160212020402738853e-01 1.838745151729899163e+01
1.170617509369392684e-01 1.803497348178789395e+01
1.181022998336046514e-01 1.791055251122948988e+01
1.191428487302700345e-01 1.877987530020650553e+01
1.201833976269354176e-01 2.142572603421344724e+01
1.212239465236008007e-01 2.465197298776530488e+01
1.222644954202661838e-01 2.852737723287965821e+01
1.233050443169315669e-01 2.909617454701514561e+01
1.243455932135969499e-01 2.543885569470842256e+01
1.253861421102623330e-01 2.033575782176697544e+01
1.264266910069277161e-01 1.641334865221733708e+01
1.274672399035930992e-01 1.449994930637608803e+01
1.285077888002584823e-01 1.347734176650742199e+01
1.295483376969238654e-01 1.224038124963539076e+01
1.305888865935892484e-01 1.169973603043404609e+01
1.316294354902546315e-01 1.211755209114932086e+01
1.326699843869200146e-01 1.174880478380467252e+01
1.337105332835853977e-01 1.138953687059615305e+01
1.347510821802507808e-01 1.136671812017820571e+01
1.357916310769161639e-01 1.179614550942773832e+01
1.368321799735815469e-01 1.193352009847458106e+01
1.378727288702469300e-01 1.301447335329952182e+01
1.389132777669123131e-01 1.505104749027199063e+01
1.399538266635776962e-01 1.788450267257629633e+01
1.409943755602430793e-01 2.230842397375085540e+01
1.420349244569084624e-01 2.871006018659253556e+01
1.430754733535738454e-01 3.539517305784369228e+01
1.441160222502392285e-01 3.862633424656122116e+01
1.451565711469046116e-01 3.540741382369181167e+01
1.461971200435699947e-01 2.897891700746755106e+01
1.472376689402353778e-01 2.288474375868792521e+01
1.482782178369007609e-01 1.941689112284731777e+01
1.493187667335661439e-01 1.739475469151976483e+01
1.503593156302315270e-01 1.596515851519517781e+01
1.513998645268969101e-01 1.396084438555427454e+01
1.524404134235622932e-01 1.135266373306623677e+01
1.534809623202276763e-01 9.099308201027838550e+00
1.545215112168930593e-01 7.867953950961307896e+00
1.555620601135584424e-01 6.997479481058356043e+00
1.566026090102238255e-01 6.524747846859824563e+00
1.576431579068892086e-01 6.314921033295128439e+00
1.586837068035545917e-01 6.483907969152795658e+00
1.597242557002199748e-01 5.441404094044372641e+00
1.607648045968853578e-01 4.890655442858438562e+00
1.618053534935507409e-01 5.380330238538576282e+00
1.628459023902161240e-01 5.549037303195213156e+00
1.638864512868815071e-01 5.455057237694212802e+00
1.649270001835468902e-01 5.591487316835745958e+00
1.659675490802122733e-01 5.356231224292230308e+00
1.670080979768776563e-01 5.445616984274934680e+00
1.680486468735430672e-01 4.866920609264738573e+00
1.690891957702084503e-01 4.373432930214839587e+00
1.701297446668738333e-01 4.539960700009082473e+00
1.711702935635392164e-01 5.077631382103426461e+00
1.722108424602045995e-01 5.140317766608788475e+00
1.732513913568699826e-01 4.899770300030674264e+00
1.742919402535353657e-01 4.883723357640313623e+00
1.753324891502007488e-01 4.986337165200865229e+00
1.763730380468661318e-01 4.624319231542692421e+00
1.774135869435315149e-01 4.279715669589116089e+00
1.784541358401968980e-01 4.476689150977279041e+00
1.794946847368622811e-01 4.166316186153323997e+00
1.805352336335276642e-01 4.584069846095133016e+00
1.815757825301930473e-01 4.232431044777044349e+00
1.826163314268584303e-01 4.192420519903819809e+00
1.836568803235238134e-01 4.425590836039553722e+00
1.846974292201891965e-01 4.461767007249484607e+00
1.857379781168545796e-01 4.291144311237168552e+00
1.867785270135199627e-01 4.606717010842672266e+00
1.878190759101853458e-01 4.970680701431028581e+00
1.888596248068507288e-01 5.185894449815819485e+00
1.899001737035161119e-01 5.184748722070960270e+00
1.909407226001814950e-01 5.118457811190125994e+00
1.919812714968468781e-01 5.136013169614003004e+00
1.930218203935122612e-01 4.890274550617419891e+00
1.940623692901776443e-01 5.219303470999840044e+00
1.951029181868430273e-01 5.422224166668950573e+00
1.961434670835084104e-01 4.834118196850230476e+00
1.971840159801737935e-01 4.444330685796948899e+00
1.982245648768391766e-01 4.083955784655987742e+00
1.992651137735045597e-01 3.797797799974986788e+00
2.003056626701699428e-01 3.785941157188588591e+00
2.013462115668353813e-01 3.682257723136153515e+00
2.023867604635007644e-01 3.564776975611902543e+00
2.034273093601661475e-01 3.436198636025686426e+00
2.044678582568315306e-01 3.186436681066840748e+00
2.055084071534969137e-01 3.025631118492160709e+00
2.065489560501622968e-01 3.450999483239673538e+00
2.075895049468276798e-01 3.605846198165057359e+00
2.086300538434930629e-01 3.792021454142552983e+00
2.096706027401584460e-01 4.116443021821130088e+00
2.107111516368238291e-01 4.366182456152703395e+00
2.117517005334892122e-01 4.366262736657944288e+00
2.127922494301545953e-01 4.246316214022410662e+00
2.138327983268199783e-01 4.161755995102897288e+00
2.148733472234853614e-01 4.234907774717651563e+00
2.159138961201507445e-01 4.217956640579050287e+00
2.169544450168161276e-01 3.860253561012552126e+00
2.179949939134815107e-01 3.534401493281436046e+00
2.190355428101468938e-01 3.874254028118205184e+00
2.200760917068122768e-01 3.935621694703197448e+00
2.211166406034776599e-01 3.946915958101090638e+00
2.221571895001430430e-01 3.692710925762469287e+00
2.231977383968084261e-01 3.620479330036598498e+00
2.242382872934738092e-01 3.962376033388476770e+00
2.252788361901391923e-01 4.061497481960529399e+00
2.263193850868045753e-01 3.808664337050526427e+00
2.273599339834699584e-01 3.970357062678129267e+00
2.284004828801353415e-01 3.674186340365700687e+00
2.294410317768007246e-01 3.424262273949192803e+00
2.304815806734661077e-01 3.019354260004394774e+00
2.315221295701314908e-01 3.027845317835488714e+00
2.325626784667968738e-01 2.918485656377207249e+00
2.336032273634622569e-01 2.740007050964912594e+00
2.346437762601276400e-01 2.351205249593480318e+00
2.356843251567930231e-01 2.489810073911012722e+00
2.367248740534584062e-01 2.642093136920308893e+00
2.377654229501237892e-01 2.591856236061673258e+00
2.388059718467891723e-01 2.834525125729317807e+00
2.398465207434545554e-01 2.821427668485096518e+00
2.408870696401199385e-01 2.888771525656572692e+00
2.419276185367853216e-01 3.104739433097940093e+00
2.429681674334507047e-01 2.750581469917527500e+00
2.440087163301160877e-01 2.697232966322573589e+00
2.450492652267814708e-01 2.364867430760579481e+00
2.460898141234468539e-01 2.456910422181309173e+00
2.471303630201122370e-01 2.564085707781234902e+00
2.481709119167776201e-01 2.597641233447934184e+00
2.492114608134430032e-01 2.626964972327758829e+00
2.502520097101083585e-01 2.644599567312244659e+00
2.512925586067737416e-01 2.689056942804988637e+00
2.523331075034391247e-01 2.587525601984413726e+00
2.533736564001045077e-01 2.480214868882246293e+00
2.544142052967698908e-01 2.882952792466312530e+00
2.554547541934352739e-01 2.779864649076884575e+00
2.564953030901006570e-01 2.759523689025954241e+00
2.575358519867660401e-01 2.613576637729646990e+00
2.585764008834314231e-01 2.540563914600017625e+00
2.596169497800968062e-01 2.591884182465857833e+00
2.606574986767621893e-01 2.680027635116768892e+00
2.616980475734275724e-01 2.783716077997940630e+00
2.627385964700929555e-01 2.811310955426133518e+00
2.637791453667583386e-01 2.746462044142063519e+00
2.648196942634237216e-01 2.824116709011907034e+00
2.658602431600891047e-01 2.499826816695385645e+00
2.669007920567544878e-01 2.558383425156399937e+00
2.679413409534198709e-01 2.554275633431164039e+00
2.689818898500852540e-01 2.382864335915488851e+00
2.700224387467506371e-01 2.412942232916602592e+00
2.710629876434160201e-01 2.631680966819985201e+00
2.721035365400814032e-01 2.627059964755176225e+00
2.731440854367467863e-01 2.624363007530597258e+00
2.741846343334121694e-01 2.433577721607974809e+00
2.752251832300775525e-01 2.403527631345369286e+00
2.762657321267429356e-01 2.760760248795556038e+00
2.773062810234083186e-01 2.866214360510706882e+00
2.783468299200737017e-01 2.890194332602483485e+00
2.793873788167390848e-01 3.006843936546172102e+00
2.804279277134044679e-01 2.866292048672981707e+00
2.814684766100698510e-01 2.965489499679918595e+00
2.825090255067352341e-01 2.997471797230726764e+00
2.835495744034006171e-01 3.162723605316944742e+00
2.845901233000660002e-01 3.260018629431939985e+00
2.856306721967313833e-01 3.000766598573406441e+00
2.866712210933967664e-01 2.816369879126600750e+00
2.877117699900621495e-01 2.828212240714876202e+00
2.887523188867275326e-01 2.977167655535350121e+00
2.897928677833929156e-01 3.021388424556416652e+00
2.908334166800582987e-01 2.915343366996406615e+00
2.918739655767236818e-01 2.887888857242547402e+00
2.929145144733890649e-01 2.658066628381991592e+00
2.939550633700544480e-01 2.499738995267623665e+00
2.949956122667198311e-01 2.553916566948785771e+00
2.960361611633852141e-01 2.422066126800690000e+00
2.970767100600505972e-01 2.163453384470262364e+00
2.981172589567159803e-01 2.371178656335580115e+00
2.991578078533813634e-01 2.539219273894268269e+00
3.001983567500468020e-01 2.524892849274859685e+00
3.012389056467121851e-01 2.304007161085703359e+00
3.022794545433775681e-01 2.652752107912345281e+00
3.033200034400429512e-01 2.597118438936870888e+00
3.043605523367083343e-01 2.290839804020681214e+00
3.054011012333737174e-01 2.453511733290358876e+00
3.064416501300391005e-01 2.658231109831742600e+00
3.074821990267044836e-01 2.947204423742419976e+00
3.085227479233698666e-01 3.046449779675125313e+00
3.095632968200352497e-01 3.221035932082767062e+00
3.106038457167006328e-01 3.032784024394935329e+00
3.116443946133660159e-01 2.700041691462224946e+00
3.126849435100313990e-01 2.774511971394833409e+00
3.137254924066967821e-01 2.911304120372832926e+00
3.147660413033621651e-01 2.705334722066101705e+00
3.158065902000275482e-01 2.358313526540200655e+00
3.168471390966929313e-01 2.412813372608123785e+00
3.178876879933583144e-01 2.503182551670334988e+00
3.189282368900236975e-01 2.693655354610566377e+00
3.199687857866890806e-01 2.816775877144628737e+00
3.210093346833544636e-01 2.541431119364379043e+00
3.220498835800198467e-01 2.277640557052237114e+00
3.230904324766852298e-01 2.703084339308826856e+00
3.241309813733506129e-01 2.606552283174753626e+00
3.251715302700159960e-01 2.325150512831765326e+00
3.262120791666813790e-01 2.720656612011868702e+00
3.272526280633467621e-01 2.545100087117514676e+00
3.282931769600121452e-01 2.620413340213485043e+00
3.293337258566775283e-01 2.401428167243935263e+00
3.303742747533429114e-01 2.645508567043531656e+00
3.314148236500082945e-01 2.341403384751075123e+00
3.324553725466736775e-01 2.254300951984006929e+00
3.334959214433390606e-01 2.599880046683306745e+00
3.345364703400044437e-01 2.445586265386342717e+00
3.355770192366698268e-01 2.269531742533747121e+00
3.366175681333352099e-01 2.465822143616826168e+00
3.376581170300005930e-01 2.849444029258080491e+00
3.386986659266659760e-01 2.793778404834078799e+00
3.397392148233313591e-01 2.678679140247130164e+00
3.407797637199967422e-01 2.687139455901732532e+00
3.418203126166621253e-01 2.476842744929978579e+00
3.428608615133275084e-01 2.253093092094403005e+00
3.439014104099928915e-01 2.314761297450182553e+00
3.449419593066582745e-01 2.488213472446730634e+00
3.459825082033236576e-01 2.516999889311975380e+00
3.470230570999890407e-01 2.524185156493079063e+00
3.480636059966544238e-01 2.579419506679176521e+00
3.491041548933198069e-01 2.659148297051057597e+00
3.501447037899851900e-01 2.571213346703018487e+00
3.511852526866505730e-01 2.394878484925225592e+00
3.522258015833159561e-01 2.381295978881617259e+00
3.532663504799813392e-01 2.487777333160632764e+00
3.543068993766467223e-01 2.547385029585601757e+00
3.553474482733121054e-01 2.550514094838110424e+00
3.563879971699774885e-01 2.636650512365918075e+00
3.574285460666428715e-01 2.644208569980172285e+00
3.584690949633082546e-01 2.675788806533955011e+00
3.595096438599736377e-01 2.677369933663147350e+00
3.605501927566390208e-01 2.710285978667769768e+00
3.615907416533044039e-01 2.411687494560037948e+00
3.626312905499697870e-01 2.211367939340053823e+00
3.636718394466351700e-01 2.540257334684216772e+00
3.647123883433005531e-01 2.621843155837062511e+00
3.657529372399659362e-01 2.500354408158354858e+00
3.667934861366313193e-01 2.379786439815507748e+00
3.678340350332967024e-01 2.529348109902006314e+00
3.688745839299620854e-01 2.449425998942817984e+00
3.699151328266274685e-01 2.377925687416951206e+00
3.709556817232928516e-01 2.400282190580103503e+00
3.719962306199582347e-01 2.630298119763374132e+00
3.730367795166236178e-01 2.617365353712216347e+00
3.740773284132890009e-01 2.542052096532568584e+00
3.751178773099543839e-01 2.341659068895900475e+00
3.761584262066197670e-01 2.315357030204562960e+00
3.771989751032851501e-01 2.450003044942135944e+00
3.782395239999505332e-01 2.486803816338774453e+00
3.792800728966159163e-01 2.437486198238453028e+00
3.803206217932812994e-01 2.494058678393720641e+00
3.813611706899466824e-01 2.409906824181220486e+00
3.824017195866120655e-01 1.996797409984754523e+00
3.834422684832774486e-01 2.171228003927236472e+00
3.844828173799428317e-01 2.451204034723378555e+00
3.855233662766082148e-01 2.397494057989373317e+00
3.865639151732735979e-01 2.498771842545639998e+00
3.876044640699389809e-01 2.262179340688064144e+00
3.886450129666043640e-01 2.404147268019162453e+00
3.896855618632697471e-01 2.471654598003574677e+00
3.907261107599351302e-01 2.436603311731669663e+00
3.917666596566005133e-01 2.084123670303775100e+00
3.928072085532658964e-01 1.984871860943478339e+00
3.938477574499312794e-01 2.347422018199381455e+00
3.948883063465966625e-01 2.522379168097504731e+00
3.959288552432620456e-01 2.345440877303307303e+00
3.969694041399274287e-01 2.241870573401108402e+00
3.980099530365928118e-01 2.300585057090234642e+00
3.990505019332581949e-01 2.216738481588123477e+00
4.000910508299235779e-01 2.006085887411771296e+00
4.011315997265889610e-01 2.200970315308243386e+00
4.021721486232543441e-01 2.076108225909631955e+00
4.032126975199197272e-01 2.140818598526866623e+00
4.042532464165851103e-01 2.184567838635846471e+00
4.052937953132504934e-01 2.161830356043854096e+00
4.063343442099158764e-01 2.166684206513998845e+00
4.073748931065812595e-01 2.157470388224798086e+00
4.084154420032466426e-01 2.151032493002468016e+00
4.094559908999120257e-01 2.215130749711093472e+00
4.104965397965774088e-01 2.232825608143357954e+00
4.115370886932427918e-01 2.354358291345199916e+00
4.125776375899081749e-01 2.275720213898278388e+00
4.136181864865735580e-01 2.136473006917935180e+00
4.146587353832389411e-01 2.137206307188876053e+00
4.156992842799043242e-01 2.191354568140464920e+00
4.167398331765697073e-01 2.167492354665125021e+00
4.177803820732350903e-01 2.130441650711588863e+00
4.188209309699004734e-01 1.860914281906435264e+00
4.198614798665658565e-01 2.002760500753129946e+00
4.209020287632312396e-01 2.070788641128263663e+00
4.219425776598966227e-01 1.944319010835467765e+00
4.229831265565620058e-01 2.061111940132672515e+00
4.240236754532273888e-01 2.020051211124876289e+00
4.250642243498927719e-01 2.004960888355562076e+00
4.261047732465581550e-01 1.993637604388755591e+00
4.271453221432235381e-01 2.110562170040441998e+00
4.281858710398889212e-01 2.103366571114708705e+00
4.292264199365543043e-01 2.065423809302195934e+00
4.302669688332196873e-01 2.122022111396926647e+00
4.313075177298850704e-01 2.039468024684691017e+00
4.323480666265504535e-01 1.766678705325965382e+00
4.333886155232158366e-01 1.857413978288306566e+00
4.344291644198812197e-01 1.906953405111533328e+00
4.354697133165466028e-01 2.060098796253214459e+00
4.365102622132119858e-01 1.958084150773000687e+00
4.375508111098773689e-01 1.989270675889557083e+00
4.385913600065427520e-01 1.838108820888745498e+00
4.396319089032081351e-01 1.774188515738210015e+00
4.406724577998735182e-01 1.878668556686623248e+00
4.417130066965389013e-01 1.977621814377425125e+00
4.427535555932042843e-01 1.712989251323008943e+00
4.437941044898696674e-01 1.722087659438731322e+00
4.448346533865350505e-01 1.971966335965916528e+00
4.458752022832004336e-01 1.839836995338579584e+00
4.469157511798658167e-01 1.605240642794264261e+00
4.479563000765311997e-01 1.695720755093351073e+00
4.489968489731965828e-01 1.694205096557645618e+00
4.500373978698619659e-01 1.568130362535448796e+00
4.510779467665273490e-01 1.509421808134646881e+00
4.521184956631927321e-01 1.574477181264470005e+00
4.531590445598581152e-01 1.546109330110198243e+00
4.541995934565234982e-01 1.491732451168648055e+00
4.552401423531888813e-01 1.667363028352149001e+00
4.562806912498542644e-01 1.511268664853471222e+00
4.573212401465196475e-01 1.425337823652913727e+00
4.583617890431850306e-01 1.455332880523613426e+00
4.594023379398504137e-01 1.592216321788619382e+00
4.604428868365157967e-01 1.554213085030955455e+00
4.614834357331811798e-01 1.353542501109842533e+00
4.625239846298465629e-01 1.278071522002928617e+00
4.635645335265119460e-01 1.345044236605183130e+00
4.646050824231773291e-01 1.240213480275595970e+00
4.656456313198427122e-01 1.409297888326868531e+00
4.666861802165080952e-01 1.406598119224479859e+00
4.677267291131734783e-01 1.394170389135414467e+00
4.687672780098388614e-01 1.296355005015119133e+00
4.698078269065042445e-01 1.405885341102017350e+00
4.708483758031696276e-01 1.476689172966988650e+00
4.718889246998350107e-01 1.376134240663677843e+00
4.729294735965003937e-01 1.448913693280129422e+00
4.739700224931657768e-01 1.465529174869374174e+00
4.750105713898311599e-01 1.420472485561045772e+00
4.760511202864965430e-01 1.156349564936938634e+00
4.770916691831619261e-01 1.192004394323056715e+00
4.781322180798273092e-01 1.296263445480349219e+00
4.791727669764926922e-01 1.311932295262202786e+00
4.802133158731580753e-01 1.459169553283306442e+00
4.812538647698234584e-01 1.230279445712657349e+00
4.822944136664888415e-01 1.269570901617591119e+00
4.833349625631542246e-01 1.352078943214220175e+00
4.843755114598196077e-01 1.146363952191066460e+00
4.854160603564849907e-01 1.152064886599191595e+00
4.864566092531503738e-01 1.348920267064109169e+00
4.874971581498157569e-01 1.191696748237976777e+00
4.885377070464811400e-01 1.084281981586880050e+00
4.895782559431465231e-01 1.006296486182559846e+00
4.906188048398119061e-01 1.142835538408505158e+00
4.916593537364772892e-01 1.081377360704149027e+00
4.926999026331426723e-01 1.000374876612291075e+00
4.937404515298080554e-01 1.028560941500302306e+00
4.947810004264734385e-01 9.635610116051900320e-01
4.958215493231388216e-01 1.022174380204351252e+00
4.968620982198042046e-01 1.035818572015823946e+00
4.979026471164695877e-01 1.052451174578479254e+00
4.989431960131349708e-01 1.100939855004728685e+00
4.999837449098003539e-01 1.023730578538749825e+00
5.010242938064657370e-01 1.145040470479724348e+00
5.020648427031311201e-01 1.236187975482724966e+00
5.031053915997965031e-01 1.125799806035406192e+00
5.041459404964618862e-01 1.068844005381112794e+00
5.051864893931272693e-01 8.320345397729731474e-01
5.062270382897926524e-01 9.310353976686087663e-01
5.072675871864580355e-01 9.581538930552007116e-01
5.083081360831234186e-01 9.595823584679799012e-01
5.093486849797888016e-01 8.440586431451144733e-01
5.103892338764541847e-01 8.666381673851084599e-01
5.114297827731195678e-01 6.874427559322242587e-01
5.124703316697849509e-01 7.613822983578621972e-01
5.135108805664503340e-01 7.676255362428108242e-01
5.145514294631157171e-01 6.442862308243455516e-01
5.155919783597811001e-01 7.907279107582709798e-01
5.166325272564464832e-01 9.087670566852423804e-01
5.176730761531118663e-01 8.790259801222077840e-01
5.187136250497772494e-01 9.605862067226240697e-01
5.197541739464426325e-01 8.015268484202522359e-01
5.207947228431080156e-01 7.499139019294212005e-01
5.218352717397733986e-01 6.294273055475407830e-01
5.228758206364387817e-01 7.804050027345930118e-01
5.239163695331041648e-01 8.246995510344383717e-01
5.249569184297695479e-01 1.006987600415051531e+00
5.259974673264349310e-01 8.650586510579714172e-01
5.270380162231003141e-01 8.399200736751630814e-01
5.280785651197656971e-01 6.972474269490440690e-01
5.291191140164310802e-01 6.727078411680551540e-01
5.301596629130964633e-01 7.602686501596984670e-01
5.312002118097618464e-01 6.982749477580760811e-01
5.322407607064272295e-01 7.339080958912802544e-01
5.332813096030926125e-01 8.483550769864791619e-01
5.343218584997581067e-01 8.068817728430097702e-01
5.353624073964233787e-01 6.335264171777836850e-01
5.364029562930888728e-01 6.085609093634118949e-01
5.374435051897541449e-01 5.913449566973518756e-01
5.384840540864196390e-01 6.619318826657476507e-01
5.395246029830849110e-01 5.780642749669304692e-01
5.405651518797504052e-01 6.999901246644348873e-01
5.416057007764156772e-01 6.082940780025367644e-01
5.426462496730811713e-01 6.142127515216948552e-01
5.436867985697464434e-01 7.306933875243508680e-01
5.447273474664119375e-01 6.820263123662790861e-01
5.457678963630772095e-01 5.504666787304159925e-01
5.468084452597427036e-01 5.301605771187851701e-01
5.478489941564079757e-01 6.092168892614324704e-01
5.488895430530734698e-01 6.884392635930431936e-01
5.499300919497387419e-01 6.071683034967172432e-01
5.509706408464042360e-01 6.956355450841762433e-01
5.520111897430695080e-01 6.043062331768780382e-01
5.530517386397350021e-01 6.432841042836088263e-01
5.540922875364002742e-01 6.119386665241144385e-01
5.551328364330657683e-01 5.526628465481486785e-01
5.561733853297310404e-01 6.087354868493299875e-01
5.572139342263965345e-01 4.547299767396530967e-01
5.582544831230618065e-01 4.079130279841614026e-01
5.592950320197273006e-01 5.261052005766551076e-01
5.603355809163925727e-01 4.930768929164699443e-01
5.613761298130580668e-01 5.492046338335896394e-01
5.624166787097233389e-01 5.690361573640636550e-01
5.634572276063888330e-01 5.510017113829093205e-01
5.644977765030541050e-01 5.466534122094515169e-01
5.655383253997195991e-01 5.495465302282980247e-01
5.665788742963848712e-01 6.932602315533245019e-01
5.676194231930503653e-01 6.659099868191020732e-01
5.686599720897156374e-01 4.472613116523866950e-01
5.697005209863811315e-01 5.232603051960005303e-01
5.707410698830464035e-01 5.522777474648989937e-01
5.717816187797118976e-01 4.448931658728341176e-01
5.728221676763771697e-01 5.095786964266046937e-01
5.738627165730426638e-01 4.518370448254032112e-01
5.749032654697079359e-01 4.099256830427968623e-01
5.759438143663734300e-01 2.954876101388883569e-01
5.769843632630387020e-01 3.383286078812481890e-01
5.780249121597041961e-01 3.973730368021861636e-01
5.790654610563694682e-01 5.359645560220727134e-01
5.801060099530349623e-01 2.772953153436290563e-01
5.811465588497002344e-01 3.030843262918700987e-01
5.821871077463657285e-01 3.250859812019299966e-01
5.832276566430310005e-01 3.656464825725791457e-01
5.842682055396964946e-01 3.783396129595182344e-01
5.853087544363617667e-01 5.161668285479628082e-01
5.863493033330272608e-01 4.721360978744471026e-01
5.873898522296925329e-01 3.470906019725319425e-01
5.884304011263580270e-01 3.942984383070005094e-01
5.894709500230232990e-01 1.935414367673295999e-01
5.905114989196887931e-01 1.459570238646215046e-01
5.915520478163540652e-01 1.576717350178462596e-01
5.925925967130195593e-01 1.116279558259805071e-01
5.936331456096848314e-01 2.162242476516240686e-01
5.946736945063503255e-01 1.337420586430440039e-01
5.957142434030155975e-01 0.000000000000000000e+00
5.967547922996810916e-01 1.542079469838562034e-01
5.977953411963463637e-01 1.512111863819178836e-01
5.988358900930118578e-01 2.297316402735916085e-01
5.998764389896771299e-01 1.905591973205460476e-01
