# q (1/Angstrom), Intensity (arb)
2.029070354705860696e-02 3.389438624335177224e+02
2.133125244372399004e-02 2.947361778311850458e+02
2.237180134038937659e-02 2.609961042742696122e+02
2.341235023705475968e-02 2.341043813949546006e+02
2.445289913372014276e-02 2.134923797169762452e+02
2.549344803038552584e-02 1.966688491534141292e+02
2.653399692705091240e-02 1.776878527269697656e+02
2.757454582371629548e-02 1.664266377082550719e+02
2.861509472038167856e-02 1.559616897547550138e+02
2.965564361704706164e-02 1.461721970123532799e+02
3.069619251371244473e-02 1.377942391530384612e+02
3.173674141037782781e-02 1.297918853070718512e+02
3.277729030704321089e-02 1.242511768527956519e+02
3.381783920370859398e-02 1.210093680014189204e+02
3.485838810037397706e-02 1.166200024434342026e+02
3.589893699703936014e-02 1.119990389055065378e+02
3.693948589370474322e-02 1.100558142873245373e+02
3.798003479037012631e-02 1.085807432288115422e+02
3.902058368703550939e-02 1.063166851778734099e+02
4.006113258370089247e-02 1.054777398798313186e+02
4.110168148036627556e-02 1.051715925181329965e+02
4.214223037703165864e-02 1.034505898548979275e+02
4.318277927369704866e-02 1.030672490209310581e+02
4.422332817036243174e-02 1.036318931407320463e+02
4.526387706702781483e-02 1.044292256754730346e+02
4.630442596369319791e-02 1.065300578944272161e+02
4.734497486035858099e-02 1.087244312850527876e+02
4.838552375702396408e-02 1.102456959664395981e+02
4.942607265368934716e-02 1.149244612266468266e+02
5.046662155035473024e-02 1.201178948087114691e+02
5.150717044702011332e-02 1.266505032189188000e+02
5.254771934368549641e-02 1.357037662437670917e+02
5.358826824035087949e-02 1.474756343546743551e+02
5.462881713701626257e-02 1.644117247107111837e+02
5.566936603368164566e-02 1.934266615980521351e+02
5.670991493034702874e-02 2.500806770868938145e+02
5.775046382701241182e-02 3.610148385612343418e+02
5.879101272367779490e-02 5.493056509713089781e+02
5.983156162034317799e-02 8.119872793494484995e+02
6.087211051700856107e-02 1.241477767283581670e+03
6.191265941367394415e-02 1.797715166944547263e+03
6.295320831033933417e-02 1.949630039276337584e+03
6.399375720700471726e-02 1.495335485589246900e+03
6.503430610367010034e-02 1.046825106861270569e+03
6.607485500033548342e-02 8.536840058517863099e+02
6.711540389700086651e-02 7.881808819243494781e+02
6.815595279366624959e-02 7.700844598631587132e+02
6.919650169033163267e-02 7.785027116094427129e+02
7.023705058699701576e-02 8.038195535619405518e+02
7.127759948366239884e-02 8.319017313507830522e+02
7.231814838032778192e-02 8.316954020240366390e+02
7.335869727699316500e-02 7.959011627692088950e+02
7.439924617365854809e-02 7.550198809265967839e+02
7.543979507032393117e-02 7.227386809656449032e+02
7.648034396698931425e-02 6.976372929148965341e+02
7.752089286365469734e-02 6.742409348751972402e+02
7.856144176032008042e-02 6.452502011597663341e+02
7.960199065698546350e-02 6.100921983170724161e+02
8.064253955365084658e-02 5.735904444724238829e+02
8.168308845031622967e-02 5.346494668325022985e+02
8.272363734698161275e-02 4.966002557210365467e+02
8.376418624364699583e-02 4.575726332089189441e+02
8.480473514031239279e-02 4.204091422922922447e+02
8.584528403697777588e-02 3.834231398714620696e+02
8.688583293364315896e-02 3.477898916938057710e+02
8.792638183030854204e-02 3.143517043573353931e+02
8.896693072697392513e-02 2.842301719149668315e+02
9.000747962363930821e-02 2.548243728541958149e+02
9.104802852030469129e-02 2.278938172634728119e+02
9.208857741697007437e-02 2.024373249185610746e+02
9.312912631363545746e-02 1.796745377155349672e+02
9.416967521030084054e-02 1.597079827664934442e+02
9.521022410696622362e-02 1.421444961120185440e+02
9.625077300363160671e-02 1.279032503875806697e+02
9.729132190029698979e-02 1.154148718518176508e+02
9.833187079696237287e-02 1.075857677968309076e+02
9.937241969362775595e-02 1.078695507841710253e+02
1.004129685902931390e-01 1.184018684802510961e+02
1.014535174869585221e-01 1.357473759488944154e+02
1.024940663836239052e-01 1.365861992767099480e+02
1.035346152802892883e-01 1.121360937718458501e+02
1.045751641769546714e-01 8.557979268366831604e+01
1.056157130736200545e-01 6.810958684535316365e+01
1.066562619702854375e-01 5.899665419226320751e+01
1.076968108669508206e-01 5.284918049343031043e+01
1.087373597636162037e-01 4.917014387979859436e+01
1.097779086602815868e-01 4.685942525392764679e+01
1.108184575569469699e-01 4.650729278953910040e+01
1.118590064536123529e-01 4.534164899252093761e+01
1.128995553502777360e-01 4.531813577573971230e+01
1.139401042469431191e-01 4.738227602923115711e+01
1.149806531436085022e-01 5.149130092263628455e+01
1.160212020402738853e-01 5.906705685123353788e+01
1.170617509369392684e-01 7.488354557685529755e+01
1.181022998336046514e-01 9.969114894198537513e+01
1.191428487302700345e-01 1.241507314245028368e+02
1.201833976269354176e-01 1.270652354315801631e+02
1.212239465236008007e-01 1.055568623785238884e+02
1.222644954202661838e-01 8.073393258017836160e+01
1.233050443169315669e-01 6.829728464063904880e+01
1.243455932135969499e-01 6.384109551181584408e+01
1.253861421102623330e-01 5.824315254916146500e+01
1.264266910069277161e-01 5.072241743732588759e+01
1.274672399035930992e-01 4.284342793805063820e+01
1.285077888002584823e-01 3.870903437508605549e+01
1.295483376969238654e-01 3.767734919528447080e+01
1.305888865935892484e-01 3.615371879506241015e+01
1.316294354902546315e-01 3.581943604204592901e+01
1.326699843869200146e-01 3.567902756432889788e+01
1.337105332835853977e-01 3.598748543443252146e+01
1.347510821802507808e-01 3.640770215801023113e+01
1.357916310769161639e-01 3.563843181568553575e+01
1.368321799735815469e-01 3.600578946025697036e+01
1.378727288702469300e-01 3.622025529623440576e+01
1.389132777669123131e-01 3.636644827497188004e+01
1.399538266635776962e-01 3.587841521536121547e+01
1.409943755602430793e-01 3.535338658383979293e+01
1.420349244569084624e-01 3.480376098818479136e+01
1.430754733535738454e-01 3.390966014611449708e+01
1.441160222502392285e-01 3.324571007822258650e+01
1.451565711469046116e-01 3.192115293730827119e+01
1.461971200435699947e-01 3.133677768707634215e+01
1.472376689402353778e-01 3.076732036098625400e+01
1.482782178369007609e-01 2.967986179879000019e+01
1.493187667335661439e-01 2.857168809475167137e+01
1.503593156302315270e-01 2.808345472691898692e+01
1.513998645268969101e-01 2.694928869086080425e+01
1.524404134235622932e-01 2.597863694354384734e+01
1.534809623202276763e-01 2.590161719528637718e+01
1.545215112168930593e-01 2.585223839306016202e+01
1.555620601135584424e-01 2.618228922225774369e+01
1.566026090102238255e-01 2.725535230111001539e+01
1.576431579068892086e-01 2.801306721556405677e+01
1.586837068035545917e-01 2.859298885961955250e+01
1.597242557002199748e-01 2.963166263683332602e+01
1.607648045968853578e-01 2.965718626714470929e+01
1.618053534935507409e-01 2.806871378369102388e+01
1.628459023902161240e-01 2.474072810482595486e+01
1.638864512868815071e-01 2.070889985492431151e+01
1.649270001835468902e-01 1.785754069339652972e+01
1.659675490802122733e-01 1.578319664947465384e+01
1.670080979768776563e-01 1.485091160364671481e+01
1.680486468735430672e-01 1.431969552809572832e+01
1.690891957702084503e-01 1.359129631035071384e+01
1.701297446668738333e-01 1.324052070981249329e+01
1.711702935635392164e-01 1.304326700992729116e+01
1.722108424602045995e-01 1.304059216655894460e+01
1.732513913568699826e-01 1.358011212516085919e+01
1.742919402535353657e-01 1.374798842728213089e+01
1.753324891502007488e-01 1.452050430412034387e+01
1.763730380468661318e-01 1.514923737334476783e+01
1.774135869435315149e-01 1.466410895240710488e+01
1.784541358401968980e-01 1.410234525571946307e+01
1.794946847368622811e-01 1.258797878549227534e+01
1.805352336335276642e-01 1.117359720534890499e+01
1.815757825301930473e-01 1.022490129758287480e+01
1.826163314268584303e-01 1.006749658157998795e+01
1.836568803235238134e-01 9.921963417807887708e+00
1.846974292201891965e-01 9.659917516142243699e+00
1.857379781168545796e-01 1.009122088464935274e+01
1.867785270135199627e-01 1.028581010102799809e+01
1.878190759101853458e-01 1.015842884839611315e+01
1.888596248068507288e-01 9.721507161208940317e+00
1.899001737035161119e-01 8.439098633358732116e+00
1.909407226001814950e-01 7.108737760880615042e+00
1.919812714968468781e-01 6.801929742437067716e+00
1.930218203935122612e-01 6.592108432660815254e+00
1.940623692901776443e-01 6.267137135664221148e+00
1.951029181868430273e-01 6.179695988724951405e+00
1.961434670835084104e-01 5.923909528551703829e+00
1.971840159801737935e-01 5.729238425646727251e+00
1.982245648768391766e-01 5.756838321513292556e+00
1.992651137735045597e-01 5.541826713947521910e+00
2.003056626701699428e-01 5.715074968031366609e+00
2.013462115668353813e-01 5.346504649892484196e+00
2.023867604635007644e-01 5.288991970356057948e+00
2.034273093601661475e-01 5.451103085360827549e+00
2.044678582568315306e-01 5.317476866716301487e+00
2.055084071534969137e-01 5.381029915284987197e+00
2.065489560501622968e-01 5.528398386108296592e+00
2.075895049468276798e-01 5.845636581669321430e+00
2.086300538434930629e-01 5.233898171551167877e+00
2.096706027401584460e-01 5.149419294700479099e+00
2.107111516368238291e-01 5.547536135126232892e+00
2.117517005334892122e-01 5.697339033451548573e+00
2.127922494301545953e-01 5.867861809537991746e+00
2.138327983268199783e-01 6.339580761121215602e+00
2.148733472234853614e-01 6.589341380306947826e+00
2.159138961201507445e-01 6.521104800380832955e+00
2.169544450168161276e-01 5.866096738397768462e+00
2.179949939134815107e-01 5.372031916415735964e+00
2.190355428101468938e-01 5.450201284367405918e+00
2.200760917068122768e-01 5.481177299943052361e+00
2.211166406034776599e-01 5.240358959450663434e+00
2.221571895001430430e-01 5.173282983903693122e+00
2.231977383968084261e-01 4.539403128086963335e+00
2.242382872934738092e-01 4.896334510144658481e+00
2.252788361901391923e-01 5.000659189293820361e+00
2.263193850868045753e-01 4.918919394292046832e+00
2.273599339834699584e-01 4.958294736050259388e+00
2.284004828801353415e-01 4.925446749295922189e+00
2.294410317768007246e-01 4.803719244540268107e+00
2.304815806734661077e-01 4.791370227954562466e+00
2.315221295701314908e-01 4.825152524488096617e+00
2.325626784667968738e-01 4.786397913457498987e+00
2.336032273634622569e-01 4.685040271897221942e+00
2.346437762601276400e-01 4.871883878676520396e+00
2.356843251567930231e-01 5.012824453828560678e+00
2.367248740534584062e-01 5.095720851310641564e+00
2.377654229501237892e-01 5.069765294525634403e+00
2.388059718467891723e-01 4.774193053580969348e+00
2.398465207434545554e-01 4.527180971591594272e+00
2.408870696401199385e-01 4.504346625665380799e+00
2.419276185367853216e-01 4.201578820607394960e+00
2.429681674334507047e-01 3.832775529379880197e+00
2.440087163301160877e-01 3.527110683589224749e+00
2.450492652267814708e-01 3.235372415519506717e+00
2.460898141234468539e-01 3.167078805834197652e+00
2.471303630201122370e-01 3.173072003092105575e+00
2.481709119167776201e-01 3.442743480400380918e+00
2.492114608134430032e-01 3.300482661774729820e+00
2.502520097101083585e-01 3.128185078718232148e+00
2.512925586067737416e-01 3.327770040176972088e+00
2.523331075034391247e-01 3.385976957556934508e+00
2.533736564001045077e-01 3.425211211055511740e+00
2.544142052967698908e-01 2.999655532066366703e+00
2.554547541934352739e-01 3.142794145896257163e+00
2.564953030901006570e-01 3.009263783904074785e+00
2.575358519867660401e-01 3.054514910471858968e+00
2.585764008834314231e-01 3.130544322833674897e+00
2.596169497800968062e-01 2.920752769212334954e+00
2.606574986767621893e-01 2.711928053417196338e+00
2.616980475734275724e-01 2.700797961297425331e+00
2.627385964700929555e-01 2.890871750440975774e+00
2.637791453667583386e-01 2.703106926092843310e+00
2.648196942634237216e-01 2.999853436978071386e+00
2.658602431600891047e-01 2.817540343307605610e+00
2.669007920567544878e-01 2.769658762812259312e+00
2.679413409534198709e-01 2.719467857878200334e+00
2.689818898500852540e-01 2.830555086052370939e+00
2.700224387467506371e-01 2.812047886489196458e+00
2.710629876434160201e-01 2.740693695111414030e+00
2.721035365400814032e-01 2.614838418193791370e+00
2.731440854367467863e-01 2.799431606914286164e+00
2.741846343334121694e-01 2.817818306069824530e+00
2.752251832300775525e-01 2.910996136686467395e+00
2.762657321267429356e-01 3.001567656394421135e+00
2.773062810234083186e-01 3.021202256851964307e+00
2.783468299200737017e-01 2.992476714461449916e+00
2.793873788167390848e-01 2.869170975596084361e+00
2.804279277134044679e-01 2.775021902349820380e+00
2.814684766100698510e-01 2.558731038214599351e+00
2.825090255067352341e-01 2.512769360910112937e+00
2.835495744034006171e-01 2.713581284021163498e+00
2.845901233000660002e-01 2.626202475320024377e+00
2.856306721967313833e-01 2.790779456798627933e+00
2.866712210933967664e-01 2.823644858428853155e+00
2.877117699900621495e-01 2.814785362829780979e+00
2.887523188867275326e-01 2.722469774730257086e+00
2.897928677833929156e-01 2.808186945455478423e+00
2.908334166800582987e-01 2.561541327969710125e+00
2.918739655767236818e-01 2.687705637282942206e+00
2.929145144733890649e-01 2.288239775733597270e+00
2.939550633700544480e-01 2.562743717356717355e+00
2.949956122667198311e-01 2.598230946775622385e+00
2.960361611633852141e-01 2.486342007574826596e+00
2.970767100600505972e-01 2.693690318863829702e+00
2.981172589567159803e-01 2.735611790046359459e+00
2.991578078533813634e-01 2.894061758888881286e+00
3.001983567500468020e-01 2.764339581293601356e+00
3.012389056467121851e-01 2.641504517089057202e+00
3.022794545433775681e-01 2.959044730408404433e+00
3.033200034400429512e-01 2.811395807246832135e+00
3.043605523367083343e-01 2.736133810472750838e+00
3.054011012333737174e-01 2.736066948014975964e+00
3.064416501300391005e-01 2.767590303930180795e+00
3.074821990267044836e-01 2.864963834598604819e+00
3.085227479233698666e-01 2.712886487745219455e+00
3.095632968200352497e-01 2.723679853366608228e+00
3.106038457167006328e-01 2.629310156426274858e+00
3.116443946133660159e-01 2.592536589883490450e+00
3.126849435100313990e-01 2.616261135092983636e+00
3.137254924066967821e-01 2.648330760184069987e+00
3.147660413033621651e-01 2.475174219755061245e+00
3.158065902000275482e-01 2.180612755148523263e+00
3.168471390966929313e-01 2.195484452867663805e+00
3.178876879933583144e-01 2.366168880017667675e+00
3.189282368900236975e-01 2.379510535153777084e+00
3.199687857866890806e-01 2.277535008872828115e+00
3.210093346833544636e-01 2.339021279357677230e+00
3.220498835800198467e-01 2.383689148849448713e+00
3.230904324766852298e-01 2.013548116232200869e+00
3.241309813733506129e-01 1.893056797318916296e+00
3.251715302700159960e-01 2.079795642538165623e+00
3.262120791666813790e-01 2.086449014642930422e+00
3.272526280633467621e-01 2.471771660870988541e+00
3.282931769600121452e-01 2.654640433149651813e+00
3.293337258566775283e-01 2.519709837952149201e+00
3.303742747533429114e-01 2.093644112383337585e+00
3.314148236500082945e-01 2.177155871987956459e+00
3.324553725466736775e-01 2.191426565342997179e+00
3.334959214433390606e-01 2.341986633526236261e+00
3.345364703400044437e-01 2.259362274226010214e+00
3.355770192366698268e-01 2.227295391246311596e+00
3.366175681333352099e-01 2.409459726296883986e+00
3.376581170300005930e-01 2.082897157445163572e+00
3.386986659266659760e-01 2.131157616332231441e+00
3.397392148233313591e-01 2.271297382833843415e+00
3.407797637199967422e-01 2.460247406395325243e+00
3.418203126166621253e-01 2.487341113499248024e+00
3.428608615133275084e-01 2.248247983691722851e+00
3.439014104099928915e-01 2.253040307608717541e+00
3.449419593066582745e-01 2.262973424169931747e+00
3.459825082033236576e-01 2.317523012413605699e+00
3.470230570999890407e-01 2.402133823335368845e+00
3.480636059966544238e-01 2.240029275807181364e+00
3.491041548933198069e-01 2.035704640765992224e+00
3.501447037899851900e-01 2.227165548498557968e+00
3.511852526866505730e-01 2.297007876474111754e+00
3.522258015833159561e-01 2.071162292941352234e+00
3.532663504799813392e-01 2.237113487099225750e+00
3.543068993766467223e-01 2.380715367988340603e+00
3.553474482733121054e-01 2.077953197633515714e+00
3.563879971699774885e-01 2.120067966469264320e+00
3.574285460666428715e-01 2.231360027560093329e+00
3.584690949633082546e-01 1.944721016186672813e+00
3.595096438599736377e-01 2.128288336300894201e+00
3.605501927566390208e-01 2.174760151326321278e+00
3.615907416533044039e-01 2.090938793921445438e+00
3.626312905499697870e-01 2.011762475339260448e+00
3.636718394466351700e-01 2.197050280852682391e+00
3.647123883433005531e-01 2.232253671803839268e+00
3.657529372399659362e-01 2.265745289526375217e+00
3.667934861366313193e-01 2.346894720901040898e+00
3.678340350332967024e-01 2.242618224068738897e+00
3.688745839299620854e-01 2.043199145420121710e+00
3.699151328266274685e-01 1.972876194434324049e+00
3.709556817232928516e-01 2.038402977469768729e+00
3.719962306199582347e-01 1.901748641175700527e+00
3.730367795166236178e-01 1.770357733388681964e+00
3.740773284132890009e-01 2.071396245622263876e+00
3.751178773099543839e-01 2.092159874188382673e+00
3.761584262066197670e-01 2.034162862422377316e+00
3.771989751032851501e-01 2.038848196600483220e+00
3.782395239999505332e-01 2.009602698049100411e+00
3.792800728966159163e-01 2.014934382996120377e+00
3.803206217932812994e-01 1.842249089406703177e+00
3.813611706899466824e-01 1.961273556919287842e+00
3.824017195866120655e-01 1.827136018682519847e+00
3.834422684832774486e-01 1.713102558054064417e+00
3.844828173799428317e-01 1.945413408818829737e+00
3.855233662766082148e-01 2.084265286660929917e+00
3.865639151732735979e-01 1.902708707392594789e+00
3.876044640699389809e-01 2.045550095475419994e+00
3.886450129666043640e-01 2.065096659724279249e+00
3.896855618632697471e-01 2.050761125804939411e+00
3.907261107599351302e-01 1.731454947688117585e+00
3.917666596566005133e-01 1.851105642620943570e+00
3.928072085532658964e-01 2.014279213946295499e+00
3.938477574499312794e-01 2.086622053954616973e+00
3.948883063465966625e-01 2.133947477066683973e+00
3.959288552432620456e-01 1.979922537509388292e+00
3.969694041399274287e-01 1.807162799253127616e+00
3.980099530365928118e-01 1.810374848608546472e+00
3.990505019332581949e-01 1.836052143462140407e+00
4.000910508299235779e-01 1.982851791629574478e+00
4.011315997265889610e-01 1.846183701798956633e+00
4.021721486232543441e-01 1.717988162682207331e+00
4.032126975199197272e-01 1.848692087644675297e+00
4.042532464165851103e-01 1.710384991227353879e+00
4.052937953132504934e-01 1.796920452571093563e+00
4.063343442099158764e-01 1.746492096879059375e+00
4.073748931065812595e-01 1.807081043963208344e+00
4.084154420032466426e-01 1.937727698654981623e+00
4.094559908999120257e-01 1.883033105204741986e+00
4.104965397965774088e-01 1.580309122567378211e+00
4.115370886932427918e-01 1.671639707852254020e+00
4.125776375899081749e-01 1.722471146729695590e+00
4.136181864865735580e-01 1.606664317767872774e+00
4.146587353832389411e-01 1.656437649872010809e+00
4.156992842799043242e-01 1.696441657186170460e+00
4.167398331765697073e-01 1.787005635396717196e+00
4.177803820732350903e-01 1.649229670572637474e+00
4.188209309699004734e-01 1.676451141601209116e+00
4.198614798665658565e-01 1.786757755155157668e+00
4.209020287632312396e-01 1.846992965223567040e+00
4.219425776598966227e-01 1.784841814069700661e+00
4.229831265565620058e-01 1.643557062760443443e+00
4.240236754532273888e-01 1.551061830481760495e+00
4.250642243498927719e-01 1.454677786419019014e+00
4.261047732465581550e-01 1.339292008079119967e+00
4.271453221432235381e-01 1.417133910306286992e+00
4.281858710398889212e-01 1.393369249934796272e+00
4.292264199365543043e-01 1.427371045409898898e+00
4.302669688332196873e-01 1.405716569538821403e+00
4.313075177298850704e-01 1.462892950386603275e+00
4.323480666265504535e-01 1.553856305315115094e+00
4.333886155232158366e-01 1.636701115742045687e+00
4.344291644198812197e-01 1.511473518220395107e+00
4.354697133165466028e-01 1.268721642222899959e+00
4.365102622132119858e-01 1.315547445296434859e+00
4.375508111098773689e-01 1.257185548425944432e+00
4.385913600065427520e-01 1.253845651188814969e+00
4.396319089032081351e-01 1.286583426652249784e+00
4.406724577998735182e-01 1.353341150630626544e+00
4.417130066965389013e-01 1.296067003774908244e+00
4.427535555932042843e-01 1.284841177745335017e+00
4.437941044898696674e-01 1.247796208364711390e+00
4.448346533865350505e-01 1.352455120432637159e+00
4.458752022832004336e-01 1.416672548047461788e+00
4.469157511798658167e-01 1.355975585982800879e+00
4.479563000765311997e-01 1.487015431017987055e+00
4.489968489731965828e-01 1.292830448084437478e+00
4.500373978698619659e-01 1.073424395505401918e+00
4.510779467665273490e-01 1.128226257418482703e+00
4.521184956631927321e-01 1.237649680578918776e+00
4.531590445598581152e-01 1.186209255720566347e+00
4.541995934565234982e-01 1.017616210444352021e+00
4.552401423531888813e-01 1.278717120043324940e+00
4.562806912498542644e-01 1.254763659974418744e+00
4.573212401465196475e-01 1.194675080539365553e+00
4.583617890431850306e-01 1.005530262619206638e+00
4.594023379398504137e-01 1.185912230658420441e+00
4.604428868365157967e-01 1.276305361511976599e+00
4.614834357331811798e-01 1.082020248503376081e+00
4.625239846298465629e-01 1.142551076833932200e+00
4.635645335265119460e-01 1.354596486241305797e+00
4.646050824231773291e-01 1.326046064142385461e+00
4.656456313198427122e-01 1.186919721281668672e+00
4.666861802165080952e-01 1.189630251794199012e+00
4.677267291131734783e-01 1.224717237531855574e+00
4.687672780098388614e-01 1.281779004894300300e+00
4.698078269065042445e-01 1.195867309909289133e+00
4.708483758031696276e-01 1.107792914997233424e+00
4.718889246998350107e-01 9.280522860926474493e-01
4.729294735965003937e-01 9.748679865247318332e-01
4.739700224931657768e-01 1.023968105528467731e+00
4.750105713898311599e-01 9.874743848714082617e-01
4.760511202864965430e-01 1.008713262051692539e+00
4.770916691831619261e-01 9.184484572066580199e-01
4.781322180798273092e-01 1.052065502879155900e+00
4.791727669764926922e-01 8.556036030144049676e-01
4.802133158731580753e-01 6.553541897547461303e-01
4.812538647698234584e-01 8.740916195952479484e-01
4.822944136664888415e-01 9.774026576793808374e-01
4.833349625631542246e-01 1.071412978409135519e+00
4.843755114598196077e-01 1.019621407364514454e+00
4.854160603564849907e-01 9.526903920230509470e-01
4.864566092531503738e-01 1.041909048026624873e+00
4.874971581498157569e-01 9.020658340159286581e-01
4.885377070464811400e-01 8.038805209458566026e-01
4.895782559431465231e-01 8.311787044402585423e-01
4.906188048398119061e-01 7.655462674826800651e-01
4.916593537364772892e-01 9.904871651398536869e-01
4.926999026331426723e-01 1.042624474731653095e+00
4.937404515298080554e-01 8.041635178926078709e-01
4.947810004264734385e-01 7.965715313312422552e-01
4.958215493231388216e-01 6.678548338772216653e-01
4.968620982198042046e-01 7.749701053453676991e-01
4.979026471164695877e-01 9.139293839002178288e-01
4.989431960131349708e-01 9.026469253347961796e-01
4.999837449098003539e-01 1.007054720371531431e+00
5.010242938064657370e-01 8.984907407955802228e-01
5.020648427031311201e-01 8.141317226472537527e-01
5.031053915997965031e-01 7.616473631375733078e-01
5.041459404964618862e-01 6.818396104944035585e-01
5.051864893931272693e-01 6.162218593082933182e-01
5.062270382897926524e-01 5.103305606988541854e-01
5.072675871864580355e-01 5.407241408776535252e-01
5.083081360831234186e-01 6.708470966907640332e-01
5.093486849797888016e-01 6.371944190388099116e-01
5.103892338764541847e-01 6.440757322017027775e-01
5.114297827731195678e-01 6.469178412091096675e-01
5.124703316697849509e-01 7.953437178724875878e-01
5.135108805664503340e-01 7.095781142385035878e-01
5.145514294631157171e-01 5.324346258678360755e-01
5.155919783597811001e-01 4.356058618615641365e-01
5.166325272564464832e-01 4.995381827707952027e-01
5.176730761531118663e-01 6.428569855715053905e-01
5.187136250497772494e-01 5.271767581065027741e-01
5.197541739464426325e-01 4.346896754540345853e-01
5.207947228431080156e-01 3.920515749454551724e-01
5.218352717397733986e-01 4.699027419963321961e-01
5.228758206364387817e-01 3.664645901749743473e-01
5.239163695331041648e-01 3.447832221150761711e-01
5.249569184297695479e-01 3.578979490787581597e-01
5.259974673264349310e-01 4.685441838727371078e-01
5.270380162231003141e-01 4.240997812651876586e-01
5.280785651197656971e-01 4.343640138626376768e-01
5.291191140164310802e-01 4.476482253563887070e-01
5.301596629130964633e-01 5.188791029315851233e-01
5.312002118097618464e-01 7.644888144716404099e-01
5.322407607064272295e-01 7.073644247054637901e-01
5.332813096030926125e-01 5.353537173301994301e-01
5.343218584997581067e-01 4.563427689856567326e-01
5.353624073964233787e-01 3.641599222534637192e-01
5.364029562930888728e-01 3.572651932028350075e-01
5.374435051897541449e-01 5.176654323843621341e-01
5.384840540864196390e-01 6.105505797185557526e-01
5.395246029830849110e-01 6.212406486976860265e-01
5.405651518797504052e-01 5.367587060899943197e-01
5.416057007764156772e-01 4.212525169476037945e-01
5.426462496730811713e-01 3.266355020546285459e-01
5.436867985697464434e-01 4.494481260433502712e-01
5.447273474664119375e-01 4.375355755328307339e-01
5.457678963630772095e-01 5.451222960284667352e-01
5.468084452597427036e-01 7.344318250430958983e-01
5.478489941564079757e-01 5.880417146994467714e-01
5.488895430530734698e-01 6.215114734835900379e-01
5.499300919497387419e-01 7.074847646966127002e-01
5.509706408464042360e-01 7.175347637130577994e-01
5.520111897430695080e-01 5.940548745284743859e-01
5.530517386397350021e-01 4.878893633577519040e-01
5.540922875364002742e-01 5.017144302162002134e-01
5.551328364330657683e-01 4.795950394690429164e-01
5.561733853297310404e-01 5.035125849037314083e-01
5.572139342263965345e-01 3.915385284147703260e-01
5.582544831230618065e-01 5.223486001397859013e-01
5.592950320197273006e-01 4.918205732119993456e-01
5.603355809163925727e-01 4.614903749615741901e-01
5.613761298130580668e-01 4.909521747147813642e-01
5.624166787097233389e-01 5.909290111201457307e-01
5.634572276063888330e-01 6.281338533008558045e-01
5.644977765030541050e-01 5.297215453948922459e-01
5.655383253997195991e-01 3.463747501756557767e-01
5.665788742963848712e-01 4.180424977572201328e-01
5.676194231930503653e-01 5.512824501204569572e-01
5.686599720897156374e-01 5.995394857902418551e-01
5.697005209863811315e-01 5.527199129690600898e-01
5.707410698830464035e-01 4.427743561498225233e-01
5.717816187797118976e-01 4.093925185068947314e-01
5.728221676763771697e-01 5.182723567694793587e-01
5.738627165730426638e-01 5.789730358555864598e-01
5.749032654697079359e-01 5.299705423196634513e-01
5.759438143663734300e-01 4.869539631736792273e-01
5.769843632630387020e-01 5.429625906514914391e-01
5.780249121597041961e-01 4.612188603798124120e-01
5.790654610563694682e-01 2.720189156340353520e-01
5.801060099530349623e-01 3.255929252117581996e-01
5.811465588497002344e-01 3.740132762671457556e-01
5.821871077463657285e-01 4.367589551032295958e-01
5.832276566430310005e-01 4.680901827867067766e-01
5.842682055396964946e-01 3.621462579408145643e-01
5.853087544363617667e-01 1.200348116763301221e-01
5.863493033330272608e-01 8.864946335821599632e-02
5.873898522296925329e-01 2.765601564428870063e-01
5.884304011263580270e-01 3.270910750600393158e-01
5.894709500230232990e-01 1.848786183916679704e-01
5.905114989196887931e-01 7.228920239053238106e-02
5.915520478163540652e-01 2.233254056133446852e-01
5.925925967130195593e-01 2.900340133940453313e-01
5.936331456096848314e-01 2.665822044497012655e-01
5.946736945063503255e-01 2.116893328354727544e-01
5.957142434030155975e-01 1.181269814184950917e-01
5.967547922996810916e-01 0.000000000000000000e+00
5.977953411963463637e-01 1.588075588950097483e-01
5.988358900930118578e-01 2.795844270068563731e-01
5.998764389896771299e-01 2.635583802234862105e-01
