# q (1/Angstrom), Intensity (arb)
2.029070354705860696e-02 1.009122693651174245e+03
2.133125244372399004e-02 8.977607412586344253e+02
2.237180134038937659e-02 8.099279885356462501e+02
2.341235023705475968e-02 7.382000771267726122e+02
2.445289913372014276e-02 6.762132189103758719e+02
2.549344803038552584e-02 6.231276172195324534e+02
2.653399692705091240e-02 5.808612152654069405e+02
2.757454582371629548e-02 5.514231633019130641e+02
2.861509472038167856e-02 5.225423253047287062e+02
2.965564361704706164e-02 4.985010624582402556e+02
3.069619251371244473e-02 4.810671975842141137e+02
3.173674141037782781e-02 4.658571549527129605e+02
3.277729030704321089e-02 4.531243791128502494e+02
3.381783920370859398e-02 4.442509818307136129e+02
3.485838810037397706e-02 4.419885727016514352e+02
3.589893699703936014e-02 4.392263009546890657e+02
3.693948589370474322e-02 4.392374309595831505e+02
3.798003479037012631e-02 4.449712326346701161e+02
3.902058368703550939e-02 4.495681615950953756e+02
4.006113258370089247e-02 4.541874769052326428e+02
4.110168148036627556e-02 4.670346445140432934e+02
4.214223037703165864e-02 4.859306631588514165e+02
4.318277927369704866e-02 5.105991044117012052e+02
4.422332817036243174e-02 5.462387923132291689e+02
4.526387706702781483e-02 5.943263890942232592e+02
4.630442596369319791e-02 6.756435264088270287e+02
4.734497486035858099e-02 8.167403301191507126e+02
4.838552375702396408e-02 1.111192440300996395e+03
4.942607265368934716e-02 1.660430291733466220e+03
5.046662155035473024e-02 2.507291913840720554e+03
5.150717044702011332e-02 3.897019703999226749e+03
5.254771934368549641e-02 5.127334634073756206e+03
5.358826824035087949e-02 4.739842732451165830e+03
5.462881713701626257e-02 3.663423383638502855e+03
5.566936603368164566e-02 3.218201033567795548e+03
5.670991493034702874e-02 3.221039136498265179e+03
5.775046382701241182e-02 3.348635053784581487e+03
5.879101272367779490e-02 3.490746927430508094e+03
5.983156162034317799e-02 3.572549248652331698e+03
6.087211051700856107e-02 3.506816299671358593e+03
6.191265941367394415e-02 3.292941074226730052e+03
6.295320831033933417e-02 3.022962748819651097e+03
6.399375720700471726e-02 2.744945679024256606e+03
6.503430610367010034e-02 2.456526364703523541e+03
6.607485500033548342e-02 2.167181573845165531e+03
6.711540389700086651e-02 1.890116319799714120e+03
6.815595279366624959e-02 1.620257052597849452e+03
6.919650169033163267e-02 1.370040480276197286e+03
7.023705058699701576e-02 1.145887112884040562e+03
7.127759948366239884e-02 9.536157992776218180e+02
7.231814838032778192e-02 7.913185778062737654e+02
7.335869727699316500e-02 6.558237098647247194e+02
7.439924617365854809e-02 5.434139378691148750e+02
7.543979507032393117e-02 4.504575061046626843e+02
7.648034396698931425e-02 3.784467383165485899e+02
7.752089286365469734e-02 3.195405751142527606e+02
7.856144176032008042e-02 2.735911440583186049e+02
7.960199065698546350e-02 2.376599220335055520e+02
8.064253955365084658e-02 2.113054530642554880e+02
8.168308845031622967e-02 1.961575415645838518e+02
8.272363734698161275e-02 1.960704117612700657e+02
8.376418624364699583e-02 2.270436861141364204e+02
8.480473514031239279e-02 3.032038641524094942e+02
8.584528403697777588e-02 3.746547499293913006e+02
8.688583293364315896e-02 3.459630760991699390e+02
8.792638183030854204e-02 2.540173862952218258e+02
8.896693072697392513e-02 1.963663935057771539e+02
9.000747962363930821e-02 1.735185514209977669e+02
9.104802852030469129e-02 1.679952406917250585e+02
9.208857741697007437e-02 1.676707340135121740e+02
9.312912631363545746e-02 1.708173287803759877e+02
9.416967521030084054e-02 1.773012607141828880e+02
9.521022410696622362e-02 1.856437301318946140e+02
9.625077300363160671e-02 1.956889022915651424e+02
9.729132190029698979e-02 2.143787978060103683e+02
9.833187079696237287e-02 2.518970083202758588e+02
9.937241969362775595e-02 3.209220121801677124e+02
1.004129685902931390e-01 3.908002808932050698e+02
1.014535174869585221e-01 3.867409305546103724e+02
1.024940663836239052e-01 3.166856901509466411e+02
1.035346152802892883e-01 2.609904469708793613e+02
1.045751641769546714e-01 2.403705739938253032e+02
1.056157130736200545e-01 2.279972370551703591e+02
1.066562619702854375e-01 2.087472321662515924e+02
1.076968108669508206e-01 1.933535586337903567e+02
1.087373597636162037e-01 1.874364559574782447e+02
1.097779086602815868e-01 1.864349615687203823e+02
1.108184575569469699e-01 1.872963957611446233e+02
1.118590064536123529e-01 1.867265591555576805e+02
1.128995553502777360e-01 1.861550866218417752e+02
1.139401042469431191e-01 1.844607418676061457e+02
1.149806531436085022e-01 1.803642128283636907e+02
1.160212020402738853e-01 1.755464830667457079e+02
1.170617509369392684e-01 1.697110396505256631e+02
1.181022998336046514e-01 1.617608147528321183e+02
1.191428487302700345e-01 1.538789206596023291e+02
1.201833976269354176e-01 1.450815283461040792e+02
1.212239465236008007e-01 1.353093676858722745e+02
1.222644954202661838e-01 1.253584687272947065e+02
1.233050443169315669e-01 1.158450444509436750e+02
1.243455932135969499e-01 1.058893457358915811e+02
1.253861421102623330e-01 9.675368153539756122e+01
1.264266910069277161e-01 8.898449209418893702e+01
1.274672399035930992e-01 8.310827389431571532e+01
1.285077888002584823e-01 7.840731540644443953e+01
1.295483376969238654e-01 7.530847153641940395e+01
1.305888865935892484e-01 7.588335605944270412e+01
1.316294354902546315e-01 8.010744230578234237e+01
1.326699843869200146e-01 8.506700312652543516e+01
1.337105332835853977e-01 8.609971730007586643e+01
1.347510821802507808e-01 8.685902818861873698e+01
1.357916310769161639e-01 8.549591170981712196e+01
1.368321799735815469e-01 7.509963886846475134e+01
1.378727288702469300e-01 5.849014322998408488e+01
1.389132777669123131e-01 4.674957328237027809e+01
1.399538266635776962e-01 4.091539149574558110e+01
1.409943755602430793e-01 3.713521749813114781e+01
1.420349244569084624e-01 3.508598810082657593e+01
1.430754733535738454e-01 3.483655971724376599e+01
1.441160222502392285e-01 3.403893642993691770e+01
1.451565711469046116e-01 3.484032522275440158e+01
1.461971200435699947e-01 3.735194468494340470e+01
1.472376689402353778e-01 4.077740097231967553e+01
1.482782178369007609e-01 4.471801284819406419e+01
1.493187667335661439e-01 4.534944708874063934e+01
1.503593156302315270e-01 4.275398119170520772e+01
1.513998645268969101e-01 3.925513479957580643e+01
1.524404134235622932e-01 3.650599378252681504e+01
1.534809623202276763e-01 3.507927726497891996e+01
1.545215112168930593e-01 3.393840432615846225e+01
1.555620601135584424e-01 3.405536212972220511e+01
1.566026090102238255e-01 3.430757735176826628e+01
1.576431579068892086e-01 3.404852897133198297e+01
1.586837068035545917e-01 3.345423186623432343e+01
1.597242557002199748e-01 3.125580610920686553e+01
1.607648045968853578e-01 2.933042599411242435e+01
1.618053534935507409e-01 2.826812944354187351e+01
1.628459023902161240e-01 2.690683259719359199e+01
1.638864512868815071e-01 2.618276173104150217e+01
1.649270001835468902e-01 2.542291502224568234e+01
1.659675490802122733e-01 2.478156187780168551e+01
1.670080979768776563e-01 2.389731147389154131e+01
1.680486468735430672e-01 2.390704698024452313e+01
1.690891957702084503e-01 2.353645819050498744e+01
1.701297446668738333e-01 2.283231190425708945e+01
1.711702935635392164e-01 2.280695814794907506e+01
1.722108424602045995e-01 2.214210820849316264e+01
1.732513913568699826e-01 2.140050560826114179e+01
1.742919402535353657e-01 2.095140851847741459e+01
1.753324891502007488e-01 2.078775530662711191e+01
1.763730380468661318e-01 2.096575351641343588e+01
1.774135869435315149e-01 2.159571479507030745e+01
1.784541358401968980e-01 2.372656283332565863e+01
1.794946847368622811e-01 2.548349424665485685e+01
1.805352336335276642e-01 2.610909842622077548e+01
1.815757825301930473e-01 2.521075248598560137e+01
1.826163314268584303e-01 2.300407958498836081e+01
1.836568803235238134e-01 2.086489939282516559e+01
1.846974292201891965e-01 1.885998084965731891e+01
1.857379781168545796e-01 1.674032798776768516e+01
1.867785270135199627e-01 1.574166436056675877e+01
1.878190759101853458e-01 1.517042926082376653e+01
1.888596248068507288e-01 1.477692241684464136e+01
1.899001737035161119e-01 1.445144872516625156e+01
1.909407226001814950e-01 1.425200436418484884e+01
1.919812714968468781e-01 1.439926458907865481e+01
1.930218203935122612e-01 1.405066178627900086e+01
1.940623692901776443e-01 1.320453947549280116e+01
1.951029181868430273e-01 1.223220206047857772e+01
1.961434670835084104e-01 1.169935507483780412e+01
1.971840159801737935e-01 1.183506816173562726e+01
1.982245648768391766e-01 1.180658968025567646e+01
1.992651137735045597e-01 1.241118979468889449e+01
2.003056626701699428e-01 1.227842680358438798e+01
2.013462115668353813e-01 1.188493372861697139e+01
2.023867604635007644e-01 1.086375467758399083e+01
2.034273093601661475e-01 9.947183497123511131e+00
2.044678582568315306e-01 9.414566699275837891e+00
2.055084071534969137e-01 8.925312610750694375e+00
2.065489560501622968e-01 8.558196218648987497e+00
2.075895049468276798e-01 8.363184273818596637e+00
2.086300538434930629e-01 8.010954935960491241e+00
2.096706027401584460e-01 7.904131603166192122e+00
2.107111516368238291e-01 7.703739307504051226e+00
2.117517005334892122e-01 7.463152660082116086e+00
2.127922494301545953e-01 6.950329686728061063e+00
2.138327983268199783e-01 7.002075447556435961e+00
2.148733472234853614e-01 7.164875743801498942e+00
2.159138961201507445e-01 6.963862981615264403e+00
2.169544450168161276e-01 6.605655237922761103e+00
2.179949939134815107e-01 6.860680581656531274e+00
2.190355428101468938e-01 6.805245816813311421e+00
2.200760917068122768e-01 6.694706123208398196e+00
2.211166406034776599e-01 6.697566181403210805e+00
2.221571895001430430e-01 6.781406659751901600e+00
2.231977383968084261e-01 6.802683824681899694e+00
2.242382872934738092e-01 6.707957914735011684e+00
2.252788361901391923e-01 6.841192398214467119e+00
2.263193850868045753e-01 6.981237994858989993e+00
2.273599339834699584e-01 7.201843685131599671e+00
2.284004828801353415e-01 7.272729088515401230e+00
2.294410317768007246e-01 7.277876515979226468e+00
2.304815806734661077e-01 7.519226137797524245e+00
2.315221295701314908e-01 7.470657023310518952e+00
2.325626784667968738e-01 7.596853446217867400e+00
2.336032273634622569e-01 7.472441982379947945e+00
2.346437762601276400e-01 7.172917691574099308e+00
2.356843251567930231e-01 6.427700303890784284e+00
2.367248740534584062e-01 5.900489189323874228e+00
2.377654229501237892e-01 5.498196211569055691e+00
2.388059718467891723e-01 5.111133691542381285e+00
2.398465207434545554e-01 4.864093006597549618e+00
2.408870696401199385e-01 5.044757257298257969e+00
2.419276185367853216e-01 4.871400011946580122e+00
2.429681674334507047e-01 4.608352935290355390e+00
2.440087163301160877e-01 4.534509513951842763e+00
2.450492652267814708e-01 4.383560852692742316e+00
2.460898141234468539e-01 4.283195878926846945e+00
2.471303630201122370e-01 4.438346515593902808e+00
2.481709119167776201e-01 4.339069793472603465e+00
2.492114608134430032e-01 4.585408455314603060e+00
2.502520097101083585e-01 4.552718598751301471e+00
2.512925586067737416e-01 4.350910279319109009e+00
2.523331075034391247e-01 4.041813696268224732e+00
2.533736564001045077e-01 3.801200399010006947e+00
2.544142052967698908e-01 3.821964611754602004e+00
2.554547541934352739e-01 3.683259169176611891e+00
2.564953030901006570e-01 3.416060747785675034e+00
2.575358519867660401e-01 3.334099751796717470e+00
2.585764008834314231e-01 3.416476473731208330e+00
2.596169497800968062e-01 3.153543238891472811e+00
2.606574986767621893e-01 3.132360170899609386e+00
2.616980475734275724e-01 2.958410462250604667e+00
2.627385964700929555e-01 2.910982990815313087e+00
2.637791453667583386e-01 2.812067506736664058e+00
2.648196942634237216e-01 2.641652847006351834e+00
2.658602431600891047e-01 2.659568098455565632e+00
2.669007920567544878e-01 2.947783422637620276e+00
2.679413409534198709e-01 2.826560005697913880e+00
2.689818898500852540e-01 2.802434530956102066e+00
2.700224387467506371e-01 2.937948151442697053e+00
2.710629876434160201e-01 3.153208112112110939e+00
2.721035365400814032e-01 2.808261849095195828e+00
2.731440854367467863e-01 2.901300999416584148e+00
2.741846343334121694e-01 3.272030317048400860e+00
2.752251832300775525e-01 3.352433058785592834e+00
2.762657321267429356e-01 3.409542761956554813e+00
2.773062810234083186e-01 3.474767712133012054e+00
2.783468299200737017e-01 3.231419406017199236e+00
2.793873788167390848e-01 3.288246076498296588e+00
2.804279277134044679e-01 3.223694966408579887e+00
2.814684766100698510e-01 2.991349809747315902e+00
2.825090255067352341e-01 2.931581499929130530e+00
2.835495744034006171e-01 3.152716123095370193e+00
2.845901233000660002e-01 3.189664188024355695e+00
2.856306721967313833e-01 2.992186931255076843e+00
2.866712210933967664e-01 2.498011218649846654e+00
2.877117699900621495e-01 2.711016312102241699e+00
2.887523188867275326e-01 2.939028514809162829e+00
2.897928677833929156e-01 2.760557304012486668e+00
2.908334166800582987e-01 2.791122615444120214e+00
2.918739655767236818e-01 2.687511205109956336e+00
2.929145144733890649e-01 2.628637535976732664e+00
2.939550633700544480e-01 2.399722200465500777e+00
2.949956122667198311e-01 2.472988867691036319e+00
2.960361611633852141e-01 2.378459965450691271e+00
2.970767100600505972e-01 2.560109134289653809e+00
2.981172589567159803e-01 2.226086533431750780e+00
2.991578078533813634e-01 2.290778169994553082e+00
3.001983567500468020e-01 2.313123653858873752e+00
3.012389056467121851e-01 2.406947037152516344e+00
3.022794545433775681e-01 2.510340533326250068e+00
3.033200034400429512e-01 2.188347616364957560e+00
3.043605523367083343e-01 2.011047612003743268e+00
3.054011012333737174e-01 2.067586345699371719e+00
3.064416501300391005e-01 2.013170233975433376e+00
3.074821990267044836e-01 1.846961428304602748e+00
3.085227479233698666e-01 1.979944617764200387e+00
3.095632968200352497e-01 2.241564276613129181e+00
3.106038457167006328e-01 1.881865988211156804e+00
3.116443946133660159e-01 1.801771178599004486e+00
3.126849435100313990e-01 1.823953205406766642e+00
3.137254924066967821e-01 1.684411389005752824e+00
3.147660413033621651e-01 1.918062973855082731e+00
3.158065902000275482e-01 1.834175323727201601e+00
3.168471390966929313e-01 1.866172672905726415e+00
3.178876879933583144e-01 1.594314389796881670e+00
3.189282368900236975e-01 1.607880352730209239e+00
3.199687857866890806e-01 1.503377994678622542e+00
3.210093346833544636e-01 1.681100251668514289e+00
3.220498835800198467e-01 1.876553181836630557e+00
3.230904324766852298e-01 1.774081264408572167e+00
3.241309813733506129e-01 1.717301921083365102e+00
3.251715302700159960e-01 1.897445698100408862e+00
3.262120791666813790e-01 1.818547205231357822e+00
3.272526280633467621e-01 1.790007255099165917e+00
3.282931769600121452e-01 1.845393753352336574e+00
3.293337258566775283e-01 1.834584125771375085e+00
3.303742747533429114e-01 1.790078284594368796e+00
3.314148236500082945e-01 1.783637499727767306e+00
3.324553725466736775e-01 1.685623030601842487e+00
3.334959214433390606e-01 1.776323663943941256e+00
3.345364703400044437e-01 1.884032269256419312e+00
3.355770192366698268e-01 1.839280833831899997e+00
3.366175681333352099e-01 1.923260667767983989e+00
3.376581170300005930e-01 1.770576116622621043e+00
3.386986659266659760e-01 1.941595766701400549e+00
3.397392148233313591e-01 1.855789199058126115e+00
3.407797637199967422e-01 1.694841655131085645e+00
3.418203126166621253e-01 1.711247697605863038e+00
3.428608615133275084e-01 1.798599817713004256e+00
3.439014104099928915e-01 1.633805883273012682e+00
3.449419593066582745e-01 1.754577281007133394e+00
3.459825082033236576e-01 1.835052629129833690e+00
3.470230570999890407e-01 1.781520193906658278e+00
3.480636059966544238e-01 1.922452027118946916e+00
3.491041548933198069e-01 1.643939735543369807e+00
3.501447037899851900e-01 1.522515417465520216e+00
3.511852526866505730e-01 1.454096232432004143e+00
3.522258015833159561e-01 1.471259351451667641e+00
3.532663504799813392e-01 1.595770742046962454e+00
3.543068993766467223e-01 1.354912972181701036e+00
3.553474482733121054e-01 1.438525442328966619e+00
3.563879971699774885e-01 1.478245663631632567e+00
3.574285460666428715e-01 1.530830159902123455e+00
3.584690949633082546e-01 1.547835644796073495e+00
3.595096438599736377e-01 1.497122699484794595e+00
3.605501927566390208e-01 1.378188019520919738e+00
3.615907416533044039e-01 1.388135632166967781e+00
3.626312905499697870e-01 1.300988733208466641e+00
3.636718394466351700e-01 1.393891041101355199e+00
3.647123883433005531e-01 1.388718894204050258e+00
3.657529372399659362e-01 1.389415840646357481e+00
3.667934861366313193e-01 1.202042118020518302e+00
3.678340350332967024e-01 1.074744882306724492e+00
3.688745839299620854e-01 1.100578206905062473e+00
3.699151328266274685e-01 1.287646968671396053e+00
3.709556817232928516e-01 1.408365596675960063e+00
3.719962306199582347e-01 1.621228470187542570e+00
3.730367795166236178e-01 1.670959364794182278e+00
3.740773284132890009e-01 1.519821119323292891e+00
3.751178773099543839e-01 1.464987832109287069e+00
3.761584262066197670e-01 1.434184955976235187e+00
3.771989751032851501e-01 1.271059944640100525e+00
3.782395239999505332e-01 1.137240043489622821e+00
3.792800728966159163e-01 1.109997232638246345e+00
3.803206217932812994e-01 1.119070982997854458e+00
3.813611706899466824e-01 1.239373137419264026e+00
3.824017195866120655e-01 1.318239597730730850e+00
3.834422684832774486e-01 1.196008039378970267e+00
3.844828173799428317e-01 1.040917957832849794e+00
3.855233662766082148e-01 8.794106139373454312e-01
3.865639151732735979e-01 1.106913499064262396e+00
3.876044640699389809e-01 1.164964563948924337e+00
3.886450129666043640e-01 1.221885344056982348e+00
3.896855618632697471e-01 1.422312365186655825e+00
3.907261107599351302e-01 1.337627860201507701e+00
3.917666596566005133e-01 1.225929615584533394e+00
3.928072085532658964e-01 1.245790794848502969e+00
3.938477574499312794e-01 1.210460275185816670e+00
3.948883063465966625e-01 1.054315575561915352e+00
3.959288552432620456e-01 1.060434160582797603e+00
3.969694041399274287e-01 8.793361604530645081e-01
3.980099530365928118e-01 9.546525905374991794e-01
3.990505019332581949e-01 1.133419128341007109e+00
4.000910508299235779e-01 1.129672482795019306e+00
4.011315997265889610e-01 9.995641318261085928e-01
4.021721486232543441e-01 1.260925766825987893e+00
4.032126975199197272e-01 1.061380323515649593e+00
4.042532464165851103e-01 1.120752356382052284e+00
4.052937953132504934e-01 1.285203202798602007e+00
4.063343442099158764e-01 1.315333247356935686e+00
4.073748931065812595e-01 1.346707726768958224e+00
4.084154420032466426e-01 1.077232874225085624e+00
4.094559908999120257e-01 7.747698080292373390e-01
4.104965397965774088e-01 8.765874655326335585e-01
4.115370886932427918e-01 9.242040856587223630e-01
4.125776375899081749e-01 1.001562818247638376e+00
4.136181864865735580e-01 8.038198693077944768e-01
4.146587353832389411e-01 8.887383214870112624e-01
4.156992842799043242e-01 1.051768819713792880e+00
4.167398331765697073e-01 1.000059168433857337e+00
4.177803820732350903e-01 8.337884956290686489e-01
4.188209309699004734e-01 9.135379024317096253e-01
4.198614798665658565e-01 1.054695233449830738e+00
4.209020287632312396e-01 1.048183238451819932e+00
4.219425776598966227e-01 1.068896811146046844e+00
4.229831265565620058e-01 1.180532333634722875e+00
4.240236754532273888e-01 1.054621651191919085e+00
4.250642243498927719e-01 9.553851436511351380e-01
4.261047732465581550e-01 8.044087175386742672e-01
4.271453221432235381e-01 8.065173031142265359e-01
4.281858710398889212e-01 7.637835797715446517e-01
4.292264199365543043e-01 6.922837281813514210e-01
4.302669688332196873e-01 7.977193406695093358e-01
4.313075177298850704e-01 1.102952762225417160e+00
4.323480666265504535e-01 1.117213410923589834e+00
4.333886155232158366e-01 9.811361913695151316e-01
4.344291644198812197e-01 9.448409786666402965e-01
4.354697133165466028e-01 8.089655929617372010e-01
4.365102622132119858e-01 7.967029799254738975e-01
4.375508111098773689e-01 8.598233409191067267e-01
4.385913600065427520e-01 6.736001170547147865e-01
4.396319089032081351e-01 6.489806370015713810e-01
4.406724577998735182e-01 8.478956511418687114e-01
4.417130066965389013e-01 7.785126716022361393e-01
4.427535555932042843e-01 7.253955875219872951e-01
4.437941044898696674e-01 6.076824602745034554e-01
4.448346533865350505e-01 6.642071469811945406e-01
4.458752022832004336e-01 8.551104146326728994e-01
4.469157511798658167e-01 9.268489898785787773e-01
4.479563000765311997e-01 7.862748119180977824e-01
4.489968489731965828e-01 7.075004192772240685e-01
4.500373978698619659e-01 7.894242128840467387e-01
4.510779467665273490e-01 7.009463907872657273e-01
4.521184956631927321e-01 7.083182203950038058e-01
4.531590445598581152e-01 6.759952044900785495e-01
4.541995934565234982e-01 6.224961737704752807e-01
4.552401423531888813e-01 6.563918033919549089e-01
4.562806912498542644e-01 5.261302323515089086e-01
4.573212401465196475e-01 5.505340185515805729e-01
4.583617890431850306e-01 6.056940027475654631e-01
4.594023379398504137e-01 6.013124834761107707e-01
4.604428868365157967e-01 5.826939125707575329e-01
4.614834357331811798e-01 6.096858725355964737e-01
4.625239846298465629e-01 6.469393072988722793e-01
4.635645335265119460e-01 6.219145821182472389e-01
4.646050824231773291e-01 5.369952934715023218e-01
4.656456313198427122e-01 5.528327056976252152e-01
4.666861802165080952e-01 6.765241646395097064e-01
4.677267291131734783e-01 6.952397367666982575e-01
4.687672780098388614e-01 6.135916249951804957e-01
4.698078269065042445e-01 6.581895238223047784e-01
4.708483758031696276e-01 6.712401143335711140e-01
4.718889246998350107e-01 5.418371859258002132e-01
4.729294735965003937e-01 5.708108575311854338e-01
4.739700224931657768e-01 7.339403702803011242e-01
4.750105713898311599e-01 6.177800571094920201e-01
4.760511202864965430e-01 6.483572727078801279e-01
4.770916691831619261e-01 6.127620550040617786e-01
4.781322180798273092e-01 6.519484450605226300e-01
4.791727669764926922e-01 6.993697373977418863e-01
4.802133158731580753e-01 5.956387281725739058e-01
4.812538647698234584e-01 4.616045860300381776e-01
4.822944136664888415e-01 5.442671058405359474e-01
4.833349625631542246e-01 4.444444299068557314e-01
4.843755114598196077e-01 5.415588996320934712e-01
4.854160603564849907e-01 6.646314345637662768e-01
4.864566092531503738e-01 6.520896659989396937e-01
4.874971581498157569e-01 4.838295157490009046e-01
4.885377070464811400e-01 3.880218238219015348e-01
4.895782559431465231e-01 3.287639663815404845e-01
4.906188048398119061e-01 6.666907065316713954e-01
4.916593537364772892e-01 6.081899453411239165e-01
4.926999026331426723e-01 5.420736482798389488e-01
4.937404515298080554e-01 6.008558371392815900e-01
4.947810004264734385e-01 4.504967618702693244e-01
4.958215493231388216e-01 4.762607113481713839e-01
4.968620982198042046e-01 4.445805580612969266e-01
4.979026471164695877e-01 4.410716775387300004e-01
4.989431960131349708e-01 5.109667224343610314e-01
4.999837449098003539e-01 2.949114137687303128e-01
5.010242938064657370e-01 1.751289665831450293e-01
5.020648427031311201e-01 3.831640268475737798e-01
5.031053915997965031e-01 4.113461894429804033e-01
5.041459404964618862e-01 4.611706630143963537e-01
5.051864893931272693e-01 4.821897307359748197e-01
5.062270382897926524e-01 2.667804209775290758e-01
5.072675871864580355e-01 1.737662813040721232e-01
5.083081360831234186e-01 3.252724334510510573e-01
5.093486849797888016e-01 4.902519965719207562e-01
5.103892338764541847e-01 4.342688156779921371e-01
5.114297827731195678e-01 2.142769180263108808e-01
5.124703316697849509e-01 1.252779606660006095e-01
5.135108805664503340e-01 3.975261004495251882e-01
5.145514294631157171e-01 2.920918049088143675e-01
5.155919783597811001e-01 1.155293254066691588e-01
5.166325272564464832e-01 1.532970800860766758e-01
5.176730761531118663e-01 1.572398877118352800e-01
5.187136250497772494e-01 2.430370783603201801e-01
5.197541739464426325e-01 3.085884709030324302e-01
5.207947228431080156e-01 4.628528245859264700e-01
5.218352717397733986e-01 4.418104369352029437e-01
5.228758206364387817e-01 1.560871892706430231e-01
5.239163695331041648e-01 2.029407031081014168e-01
5.249569184297695479e-01 2.749497498341852975e-01
5.259974673264349310e-01 3.522208377057189921e-01
5.270380162231003141e-01 4.323037281156167921e-01
5.280785651197656971e-01 5.412097344978405999e-01
5.291191140164310802e-01 4.222261384949099750e-01
5.301596629130964633e-01 2.553893222105685368e-01
5.312002118097618464e-01 3.046554495070594726e-01
5.322407607064272295e-01 2.988235051266521225e-01
5.332813096030926125e-01 3.844617268608523375e-01
5.343218584997581067e-01 3.818646267001177819e-01
5.353624073964233787e-01 3.632654709380211955e-01
5.364029562930888728e-01 2.935379081858044970e-01
5.374435051897541449e-01 3.708994813500190446e-01
5.384840540864196390e-01 3.796053215797741132e-01
5.395246029830849110e-01 3.149694961594597942e-01
5.405651518797504052e-01 3.248539305840836278e-02
5.416057007764156772e-01 9.930846926964420618e-02
5.426462496730811713e-01 4.338075871313051834e-01
5.436867985697464434e-01 4.632065961807541044e-01
5.447273474664119375e-01 4.138870181444787022e-01
5.457678963630772095e-01 4.213353539652722191e-01
5.468084452597427036e-01 5.210129822321434290e-01
5.478489941564079757e-01 4.499405715126947314e-01
5.488895430530734698e-01 4.176763550100375255e-01
5.499300919497387419e-01 4.477292644860995097e-01
5.509706408464042360e-01 5.271455617984059927e-01
5.520111897430695080e-01 4.914795766279880240e-01
5.530517386397350021e-01 1.958682421238471250e-01
5.540922875364002742e-01 1.083021843412588225e-01
5.551328364330657683e-01 3.613936775506196852e-01
5.561733853297310404e-01 4.362668058646157476e-01
5.572139342263965345e-01 4.359554987689904237e-01
5.582544831230618065e-01 4.147227120076806273e-01
5.592950320197273006e-01 4.324216048591118522e-01
5.603355809163925727e-01 4.137799520859140046e-01
5.613761298130580668e-01 5.048694905383968035e-01
5.624166787097233389e-01 6.148016170791770207e-01
5.634572276063888330e-01 5.348219343344311483e-01
5.644977765030541050e-01 5.102551870330387374e-01
5.655383253997195991e-01 6.530033958292236207e-01
5.665788742963848712e-01 5.516160496058546414e-01
5.676194231930503653e-01 0.000000000000000000e+00
5.686599720897156374e-01 2.377425252837426228e-01
5.697005209863811315e-01 4.416077374606324213e-01
5.707410698830464035e-01 6.398831639816435768e-01
5.717816187797118976e-01 5.092505647225564758e-01
5.728221676763771697e-01 5.021824976245241601e-01
5.738627165730426638e-01 5.613674219015400979e-01
5.749032654697079359e-01 4.998098409893430016e-01
5.759438143663734300e-01 5.480984399243382654e-01
5.769843632630387020e-01 6.216608069582392204e-01
5.780249121597041961e-01 5.712254326967958207e-01
5.790654610563694682e-01 4.281581341673330598e-01
5.801060099530349623e-01 3.068342499248757349e-01
5.811465588497002344e-01 3.423540883265552282e-01
5.821871077463657285e-01 3.442431528097920079e-01
5.832276566430310005e-01 3.545099177146191494e-01
5.842682055396964946e-01 2.234727822087307914e-01
5.853087544363617667e-01 2.352507512024963887e-01
5.863493033330272608e-01 3.576904592947087735e-01
5.873898522296925329e-01 4.195043710942982784e-01
5.884304011263580270e-01 3.782149216807866310e-01
5.894709500230232990e-01 3.999512371739797345e-01
5.905114989196887931e-01 4.355842471167790109e-01
5.915520478163540652e-01 5.163764634920582353e-01
5.925925967130195593e-01 5.038901679894820518e-01
5.936331456096848314e-01 4.748121351061307394e-01
5.946736945063503255e-01 4.080097765654677744e-01
5.957142434030155975e-01 3.191231323173120416e-01
5.967547922996810916e-01 2.928181581642661513e-01
5.977953411963463637e-01 1.708357914178328940e-01
5.988358900930118578e-01 1.786482109569789145e-01
5.998764389896771299e-01 1.838228437054709730e-01
