# q (1/Angstrom), Intensity (arb)
2.029070354705860696e-02 0.000000000000000000e+00
2.133125244372399004e-02 2.613453189031901047e+00
2.237180134038937659e-02 3.617901760796058852e+00
2.341235023705475968e-02 2.588977773049379039e+00
2.445289913372014276e-02 4.817815019437873048e+00
2.549344803038552584e-02 6.889880425124644603e+00
2.653399692705091240e-02 6.785576289907851333e+00
2.757454582371629548e-02 5.846471765994948555e+00
2.861509472038167856e-02 4.654570539278140018e+00
2.965564361704706164e-02 4.247834768465182265e+00
3.069619251371244473e-02 4.304217419543682865e+00
3.173674141037782781e-02 3.736683879939711517e+00
3.277729030704321089e-02 5.797288960014718384e+00
3.381783920370859398e-02 4.656901568334006924e+00
3.485838810037397706e-02 4.499297750808800345e+00
3.589893699703936014e-02 4.315762038597213746e+00
3.693948589370474322e-02 3.501645580371771871e+00
3.798003479037012631e-02 3.736071304850106856e+00
3.902058368703550939e-02 4.235230062701091924e+00
4.006113258370089247e-02 4.814806628281324663e+00
4.110168148036627556e-02 4.027862270018765400e+00
4.214223037703165864e-02 3.711545010968819724e+00
4.318277927369704866e-02 3.851217694148509452e+00
4.422332817036243174e-02 4.446920523974476680e+00
4.526387706702781483e-02 4.600229859024416612e+00
4.630442596369319791e-02 4.311621932325703455e+00
4.734497486035858099e-02 4.560194946184044085e+00
4.838552375702396408e-02 5.292729898565639246e+00
4.942607265368934716e-02 4.944847997088107405e+00
5.046662155035473024e-02 4.828089556738575538e+00
5.150717044702011332e-02 5.543210009356734247e+00
5.254771934368549641e-02 5.040568343516259375e+00
5.358826824035087949e-02 4.359374616094868315e+00
5.462881713701626257e-02 4.574911543869149000e+00
5.566936603368164566e-02 4.795839001802530532e+00
5.670991493034702874e-02 5.008961485649393808e+00
5.775046382701241182e-02 5.482392377938637651e+00
5.879101272367779490e-02 5.773796711198631471e+00
5.983156162034317799e-02 5.593198976964181668e+00
6.087211051700856107e-02 5.998736442120360834e+00
6.191265941367394415e-02 5.671229745242182929e+00
6.295320831033933417e-02 5.158900489245436205e+00
6.399375720700471726e-02 5.502589100989634829e+00
6.503430610367010034e-02 5.619873072848687201e+00
6.607485500033548342e-02 5.339325584734751828e+00
6.711540389700086651e-02 5.277433661920781560e+00
6.815595279366624959e-02 5.084456934652013871e+00
6.919650169033163267e-02 4.942969915375353906e+00
7.023705058699701576e-02 5.070824112125968952e+00
7.127759948366239884e-02 5.400778635589066567e+00
7.231814838032778192e-02 6.034870357424875209e+00
7.335869727699316500e-02 6.115510854464712764e+00
7.439924617365854809e-02 5.776379313549661276e+00
7.543979507032393117e-02 6.056359213989122026e+00
7.648034396698931425e-02 6.163199223487847433e+00
7.752089286365469734e-02 5.577854851720505991e+00
7.856144176032008042e-02 5.180591219415127568e+00
7.960199065698546350e-02 5.184469139575380581e+00
8.064253955365084658e-02 5.286685876426268749e+00
8.168308845031622967e-02 5.683239363510317332e+00
8.272363734698161275e-02 6.001000616356709116e+00
8.376418624364699583e-02 5.955534756481913661e+00
8.480473514031239279e-02 5.779500321861618772e+00
8.584528403697777588e-02 5.880375428566882334e+00
8.688583293364315896e-02 5.921213546187516386e+00
8.792638183030854204e-02 5.563209256468965691e+00
8.896693072697392513e-02 5.329794761445505458e+00
9.000747962363930821e-02 5.383401256227347886e+00
9.104802852030469129e-02 5.811839960779288106e+00
9.208857741697007437e-02 6.601621098413374966e+00
9.312912631363545746e-02 6.307588844948522677e+00
9.416967521030084054e-02 5.475934413958523095e+00
9.521022410696622362e-02 6.176991762337770808e+00
9.625077300363160671e-02 6.213806525334195641e+00
9.729132190029698979e-02 5.998384553349456638e+00
9.833187079696237287e-02 6.135067550923572810e+00
9.937241969362775595e-02 6.271404158071455015e+00
1.004129685902931390e-01 6.103565167359601418e+00
1.014535174869585221e-01 5.996315929042800974e+00
1.024940663836239052e-01 6.347059452358060128e+00
1.035346152802892883e-01 6.275612129149639173e+00
1.045751641769546714e-01 6.073319217749329368e+00
1.056157130736200545e-01 6.178948838036134816e+00
1.066562619702854375e-01 6.030895658263805359e+00
1.076968108669508206e-01 6.451531438684181552e+00
1.087373597636162037e-01 6.723626772257841111e+00
1.097779086602815868e-01 6.499836071116817493e+00
1.108184575569469699e-01 6.455771342119483336e+00
1.118590064536123529e-01 6.174013161240221592e+00
1.128995553502777360e-01 6.060694672283737816e+00
1.139401042469431191e-01 6.081080729308062871e+00
1.149806531436085022e-01 6.320699803712191311e+00
1.160212020402738853e-01 6.643739034514073438e+00
1.170617509369392684e-01 6.734042665021366503e+00
1.181022998336046514e-01 6.424649457322082924e+00
1.191428487302700345e-01 6.669256047547865052e+00
1.201833976269354176e-01 6.790310717949889607e+00
1.212239465236008007e-01 6.509138878697608988e+00
1.222644954202661838e-01 6.699614808106886699e+00
1.233050443169315669e-01 7.047355992231029376e+00
1.243455932135969499e-01 7.132101610060121999e+00
1.253861421102623330e-01 7.102639724505223739e+00
1.264266910069277161e-01 6.802956610436172724e+00
1.274672399035930992e-01 6.658549306121766875e+00
1.285077888002584823e-01 7.313902719510672057e+00
1.295483376969238654e-01 7.330149467425677301e+00
1.305888865935892484e-01 7.033851205322747546e+00
1.316294354902546315e-01 6.921727406660675541e+00
1.326699843869200146e-01 7.200596735111325586e+00
1.337105332835853977e-01 7.595827887443533655e+00
1.347510821802507808e-01 7.582780526943277977e+00
1.357916310769161639e-01 7.565885181906914170e+00
1.368321799735815469e-01 7.615867367271288657e+00
1.378727288702469300e-01 7.616794508933448782e+00
1.389132777669123131e-01 7.890041220723098547e+00
1.399538266635776962e-01 7.670635143678747880e+00
1.409943755602430793e-01 7.447453065505563075e+00
1.420349244569084624e-01 7.799195205397438713e+00
1.430754733535738454e-01 7.848255580038358659e+00
1.441160222502392285e-01 7.873606323106997706e+00
1.451565711469046116e-01 7.903307442066996202e+00
1.461971200435699947e-01 7.973183817429902120e+00
1.472376689402353778e-01 8.017308513366678824e+00
1.482782178369007609e-01 8.233966927540357972e+00
1.493187667335661439e-01 8.220591157650325442e+00
1.503593156302315270e-01 7.963607785513833193e+00
1.513998645268969101e-01 8.533362774901259939e+00
1.524404134235622932e-01 8.790346109434814537e+00
1.534809623202276763e-01 8.676234174359318985e+00
1.545215112168930593e-01 8.399504272221701484e+00
1.555620601135584424e-01 8.385108831482639857e+00
1.566026090102238255e-01 8.724983882672390223e+00
1.576431579068892086e-01 8.915402691494939802e+00
1.586837068035545917e-01 9.054740869441562978e+00
1.597242557002199748e-01 9.093819775695425989e+00
1.607648045968853578e-01 8.847805416387831912e+00
1.618053534935507409e-01 9.007715949304198944e+00
1.628459023902161240e-01 9.064924230429710406e+00
1.638864512868815071e-01 8.992062884032392844e+00
1.649270001835468902e-01 8.998698621532842168e+00
1.659675490802122733e-01 9.018031041694509753e+00
1.670080979768776563e-01 8.993699261921886290e+00
1.680486468735430672e-01 8.721126619322316031e+00
1.690891957702084503e-01 9.093893509463782721e+00
1.701297446668738333e-01 9.461662113674989882e+00
1.711702935635392164e-01 9.190601893219820795e+00
1.722108424602045995e-01 9.077383822903730248e+00
1.732513913568699826e-01 9.340120473137773160e+00
1.742919402535353657e-01 9.496420024498927859e+00
1.753324891502007488e-01 9.547878965082656322e+00
1.763730380468661318e-01 9.381404646386997115e+00
1.774135869435315149e-01 9.535505925785670911e+00
1.784541358401968980e-01 9.418266848900476162e+00
1.794946847368622811e-01 9.575198008891440793e+00
1.805352336335276642e-01 1.000440676313207078e+01
1.815757825301930473e-01 9.728431817933874015e+00
1.826163314268584303e-01 9.558678240359917311e+00
1.836568803235238134e-01 9.907542860334981327e+00
1.846974292201891965e-01 9.972415588467281822e+00
1.857379781168545796e-01 1.007742620439505643e+01
1.867785270135199627e-01 1.033788305556430487e+01
1.878190759101853458e-01 1.065810244807067875e+01
1.888596248068507288e-01 1.072628234043124706e+01
1.899001737035161119e-01 1.040032247149697398e+01
1.909407226001814950e-01 1.068496826000228950e+01
1.919812714968468781e-01 1.082660685417372548e+01
1.930218203935122612e-01 1.045467771725514439e+01
1.940623692901776443e-01 1.064767425775626819e+01
1.951029181868430273e-01 1.098455835629399857e+01
1.961434670835084104e-01 1.087094563778378031e+01
1.971840159801737935e-01 1.068913187311007107e+01
1.982245648768391766e-01 1.060064968186324919e+01
1.992651137735045597e-01 1.102917373963308734e+01
2.003056626701699428e-01 1.128919866209824363e+01
2.013462115668353813e-01 1.111404369075245668e+01
2.023867604635007644e-01 1.116933821816381922e+01
2.034273093601661475e-01 1.145942188290493391e+01
2.044678582568315306e-01 1.139793522780943036e+01
2.055084071534969137e-01 1.123533145540010025e+01
2.065489560501622968e-01 1.126839282281155974e+01
2.075895049468276798e-01 1.121431828672730902e+01
2.086300538434930629e-01 1.130074064322136707e+01
2.096706027401584460e-01 1.147984804334375042e+01
2.107111516368238291e-01 1.186787850370093267e+01
2.117517005334892122e-01 1.189833509841265879e+01
2.127922494301545953e-01 1.159562752922515827e+01
2.138327983268199783e-01 1.163784654223228898e+01
2.148733472234853614e-01 1.174844754786629863e+01
2.159138961201507445e-01 1.193145349341770967e+01
2.169544450168161276e-01 1.190608845690322681e+01
2.179949939134815107e-01 1.196895863408127880e+01
2.190355428101468938e-01 1.205924262658887258e+01
2.200760917068122768e-01 1.230400751451855257e+01
2.211166406034776599e-01 1.252472148517968620e+01
2.221571895001430430e-01 1.250696017978957642e+01
2.231977383968084261e-01 1.233809287964005819e+01
2.242382872934738092e-01 1.255975238366186986e+01
2.252788361901391923e-01 1.263429994893985864e+01
2.263193850868045753e-01 1.267253403570224890e+01
2.273599339834699584e-01 1.231889755772163042e+01
2.284004828801353415e-01 1.257365808467966417e+01
2.294410317768007246e-01 1.254370522439472779e+01
2.304815806734661077e-01 1.256468311481164335e+01
2.315221295701314908e-01 1.273189689233003463e+01
2.325626784667968738e-01 1.282230327914547985e+01
2.336032273634622569e-01 1.266784979333804984e+01
2.346437762601276400e-01 1.257777758646363964e+01
2.356843251567930231e-01 1.278738671917941971e+01
2.367248740534584062e-01 1.285451465893383372e+01
2.377654229501237892e-01 1.273222548716566749e+01
2.388059718467891723e-01 1.271208160020817957e+01
2.398465207434545554e-01 1.263269132495351954e+01
2.408870696401199385e-01 1.276410325051011085e+01
2.419276185367853216e-01 1.284778345201441496e+01
2.429681674334507047e-01 1.293038254495441208e+01
2.440087163301160877e-01 1.303114229250251910e+01
2.450492652267814708e-01 1.298545914030809811e+01
2.460898141234468539e-01 1.296356975058064975e+01
2.471303630201122370e-01 1.309677002348297137e+01
2.481709119167776201e-01 1.331196058369627266e+01
2.492114608134430032e-01 1.341481410061325619e+01
2.502520097101083585e-01 1.354984579516387200e+01
2.512925586067737416e-01 1.341441672381260020e+01
2.523331075034391247e-01 1.317041611032744441e+01
2.533736564001045077e-01 1.321190263184267266e+01
2.544142052967698908e-01 1.329192926305954003e+01
2.554547541934352739e-01 1.345546233919577261e+01
2.564953030901006570e-01 1.375248023823172971e+01
2.575358519867660401e-01 1.374081125077042387e+01
2.585764008834314231e-01 1.340699618195725051e+01
2.596169497800968062e-01 1.368183007450713973e+01
2.606574986767621893e-01 1.369591107401105035e+01
2.616980475734275724e-01 1.344744377834492610e+01
2.627385964700929555e-01 1.355715015290380165e+01
2.637791453667583386e-01 1.369182720078801196e+01
2.648196942634237216e-01 1.375464582416768167e+01
2.658602431600891047e-01 1.370440320005506862e+01
2.669007920567544878e-01 1.355808525138640874e+01
2.679413409534198709e-01 1.353979529652758274e+01
2.689818898500852540e-01 1.373694075995114972e+01
2.700224387467506371e-01 1.361960390422087386e+01
2.710629876434160201e-01 1.375384600377209665e+01
2.721035365400814032e-01 1.391862942478747556e+01
2.731440854367467863e-01 1.392035730649637415e+01
2.741846343334121694e-01 1.368135487884766022e+01
2.752251832300775525e-01 1.364272136175519989e+01
2.762657321267429356e-01 1.391433979021589451e+01
2.773062810234083186e-01 1.381123897408591361e+01
2.783468299200737017e-01 1.368378519600383214e+01
2.793873788167390848e-01 1.379669024994698034e+01
2.804279277134044679e-01 1.389580534494698583e+01
2.814684766100698510e-01 1.380704507882532539e+01
2.825090255067352341e-01 1.358679018366870750e+01
2.835495744034006171e-01 1.335286986742663728e+01
2.845901233000660002e-01 1.356972637511336899e+01
2.856306721967313833e-01 1.362854574523181839e+01
2.866712210933967664e-01 1.374915055437984890e+01
2.877117699900621495e-01 1.375619589834493439e+01
2.887523188867275326e-01 1.384524773643285300e+01
2.897928677833929156e-01 1.404803557691287708e+01
2.908334166800582987e-01 1.384878046203156998e+01
2.918739655767236818e-01 1.393325139763623355e+01
2.929145144733890649e-01 1.372236736017067926e+01
2.939550633700544480e-01 1.379469316185199190e+01
2.949956122667198311e-01 1.385032608633559548e+01
2.960361611633852141e-01 1.378231434696418489e+01
2.970767100600505972e-01 1.389886232424799317e+01
2.981172589567159803e-01 1.400768782172138316e+01
2.991578078533813634e-01 1.361038520685736941e+01
3.001983567500468020e-01 1.359625607391734547e+01
3.012389056467121851e-01 1.362512993414307871e+01
3.022794545433775681e-01 1.350023401472824958e+01
3.033200034400429512e-01 1.363477608455752943e+01
3.043605523367083343e-01 1.381185340498638681e+01
3.054011012333737174e-01 1.388158147157058409e+01
3.064416501300391005e-01 1.366483784585573957e+01
3.074821990267044836e-01 1.344397315804221549e+01
3.085227479233698666e-01 1.350504385393156070e+01
3.095632968200352497e-01 1.370764070165262538e+01
3.106038457167006328e-01 1.364162063049219142e+01
3.116443946133660159e-01 1.354676884976765194e+01
3.126849435100313990e-01 1.350663604112416749e+01
3.137254924066967821e-01 1.333238934968607481e+01
3.147660413033621651e-01 1.324698620562498164e+01
3.158065902000275482e-01 1.338344658896439654e+01
3.168471390966929313e-01 1.322629734901478571e+01
3.178876879933583144e-01 1.336560185123351019e+01
3.189282368900236975e-01 1.326701072740378962e+01
3.199687857866890806e-01 1.313331865398005149e+01
3.210093346833544636e-01 1.306706780509179211e+01
3.220498835800198467e-01 1.299723854227296371e+01
3.230904324766852298e-01 1.310780545619293846e+01
3.241309813733506129e-01 1.317705111757804914e+01
3.251715302700159960e-01 1.319369329361806464e+01
3.262120791666813790e-01 1.318443981618591465e+01
3.272526280633467621e-01 1.304877623181614865e+01
3.282931769600121452e-01 1.289161037552905498e+01
3.293337258566775283e-01 1.298712194977037981e+01
3.303742747533429114e-01 1.292902243899768067e+01
3.314148236500082945e-01 1.280055728996059017e+01
3.324553725466736775e-01 1.295694887769860415e+01
3.334959214433390606e-01 1.293014273825840377e+01
3.345364703400044437e-01 1.303186776500318800e+01
3.355770192366698268e-01 1.302634932218539277e+01
3.366175681333352099e-01 1.294407481015923622e+01
3.376581170300005930e-01 1.283163838062853657e+01
3.386986659266659760e-01 1.271393496129943657e+01
3.397392148233313591e-01 1.268024751383693172e+01
3.407797637199967422e-01 1.284878577325107329e+01
3.418203126166621253e-01 1.262186143815660344e+01
3.428608615133275084e-01 1.250587866055339603e+01
3.439014104099928915e-01 1.258242460898391357e+01
3.449419593066582745e-01 1.258045215305484987e+01
3.459825082033236576e-01 1.247215196339629628e+01
3.470230570999890407e-01 1.229077129590164219e+01
3.480636059966544238e-01 1.227348171524144149e+01
3.491041548933198069e-01 1.240436648010907561e+01
3.501447037899851900e-01 1.231512444252862437e+01
3.511852526866505730e-01 1.219404287419822808e+01
3.522258015833159561e-01 1.224681424063657076e+01
3.532663504799813392e-01 1.235979998638547528e+01
3.543068993766467223e-01 1.222496222967743762e+01
3.553474482733121054e-01 1.208752935859428135e+01
3.563879971699774885e-01 1.205125134084612171e+01
3.574285460666428715e-01 1.217034880722820844e+01
3.584690949633082546e-01 1.211626476525379559e+01
3.595096438599736377e-01 1.204903803690587694e+01
3.605501927566390208e-01 1.206850035718950309e+01
3.615907416533044039e-01 1.198258512842752666e+01
3.626312905499697870e-01 1.179297126450695643e+01
3.636718394466351700e-01 1.184298028691291904e+01
3.647123883433005531e-01 1.189654457231865692e+01
3.657529372399659362e-01 1.163267252671681362e+01
3.667934861366313193e-01 1.156888645211269662e+01
3.678340350332967024e-01 1.171233586871828436e+01
3.688745839299620854e-01 1.177074232793034980e+01
3.699151328266274685e-01 1.166464793873948480e+01
3.709556817232928516e-01 1.150372448320175778e+01
3.719962306199582347e-01 1.168202298022250574e+01
3.730367795166236178e-01 1.168701149973187015e+01
3.740773284132890009e-01 1.153396269213183345e+01
3.751178773099543839e-01 1.164605273201708613e+01
3.761584262066197670e-01 1.158515703000495733e+01
3.771989751032851501e-01 1.151495616876366412e+01
3.782395239999505332e-01 1.134913711147205007e+01
3.792800728966159163e-01 1.146647318372559710e+01
3.803206217932812994e-01 1.159497436708674911e+01
3.813611706899466824e-01 1.137168587319921897e+01
3.824017195866120655e-01 1.136320810398880354e+01
3.834422684832774486e-01 1.123545437278475490e+01
3.844828173799428317e-01 1.119160396344155473e+01
3.855233662766082148e-01 1.111341701684837702e+01
3.865639151732735979e-01 1.103029171743375159e+01
3.876044640699389809e-01 1.096423385478509260e+01
3.886450129666043640e-01 1.087092409722482600e+01
3.896855618632697471e-01 1.101164792104129475e+01
3.907261107599351302e-01 1.114345962645795041e+01
3.917666596566005133e-01 1.098698439784649139e+01
3.928072085532658964e-01 1.097322489354665009e+01
3.938477574499312794e-01 1.099667397511854716e+01
3.948883063465966625e-01 1.105279669251678243e+01
3.959288552432620456e-01 1.076629401831163335e+01
3.969694041399274287e-01 1.059361324914060631e+01
3.980099530365928118e-01 1.070518586410756257e+01
3.990505019332581949e-01 1.089735950320253721e+01
4.000910508299235779e-01 1.082335243013687887e+01
4.011315997265889610e-01 1.068728114884304148e+01
4.021721486232543441e-01 1.078207641048561527e+01
4.032126975199197272e-01 1.072466324986682196e+01
4.042532464165851103e-01 1.061612939869812067e+01
4.052937953132504934e-01 1.063783778612884845e+01
4.063343442099158764e-01 1.030005017240819143e+01
4.073748931065812595e-01 1.028374852176119703e+01
4.084154420032466426e-01 1.037418764278068295e+01
4.094559908999120257e-01 1.020190494248900137e+01
4.104965397965774088e-01 1.015729275497947626e+01
4.115370886932427918e-01 1.010467652452079790e+01
4.125776375899081749e-01 1.010263008832639287e+01
4.136181864865735580e-01 1.001856373932198352e+01
4.146587353832389411e-01 9.866480274431477682e+00
4.156992842799043242e-01 1.014410905262219842e+01
4.167398331765697073e-01 1.020053109026956406e+01
4.177803820732350903e-01 1.010632950124012197e+01
4.188209309699004734e-01 1.005286742699680502e+01
4.198614798665658565e-01 1.013359456852505502e+01
4.209020287632312396e-01 1.001024293274721444e+01
4.219425776598966227e-01 9.875950845045387894e+00
4.229831265565620058e-01 9.791738812825968807e+00
4.240236754532273888e-01 9.738756629508603879e+00
4.250642243498927719e-01 9.731454471989859911e+00
4.261047732465581550e-01 9.732871384269621728e+00
4.271453221432235381e-01 9.512777626950281729e+00
4.281858710398889212e-01 9.529753628266117715e+00
4.292264199365543043e-01 9.498576629949170069e+00
4.302669688332196873e-01 9.649963340930494127e+00
4.313075177298850704e-01 9.614055241462356349e+00
4.323480666265504535e-01 9.478922830850606829e+00
4.333886155232158366e-01 9.391497961151380025e+00
4.344291644198812197e-01 9.483913661168603682e+00
4.354697133165466028e-01 9.470900444713201694e+00
4.365102622132119858e-01 9.448896357839153382e+00
4.375508111098773689e-01 9.432644659724903846e+00
4.385913600065427520e-01 9.332204899628358419e+00
4.396319089032081351e-01 9.448415799496803658e+00
4.406724577998735182e-01 9.375812399163603317e+00
4.417130066965389013e-01 9.126982091815200704e+00
4.427535555932042843e-01 9.076396710223221476e+00
4.437941044898696674e-01 9.084093217089492356e+00
4.448346533865350505e-01 8.838897871809585638e+00
4.458752022832004336e-01 8.956495751749496748e+00
4.469157511798658167e-01 9.126893205653505703e+00
4.479563000765311997e-01 9.079824885469424345e+00
4.489968489731965828e-01 9.087567596194002562e+00
4.500373978698619659e-01 8.975634902444003416e+00
4.510779467665273490e-01 9.018758634905111649e+00
4.521184956631927321e-01 8.828610613928418616e+00
4.531590445598581152e-01 8.713000687480761286e+00
4.541995934565234982e-01 8.761823126009385732e+00
4.552401423531888813e-01 8.751715532441195933e+00
4.562806912498542644e-01 8.637213113697253419e+00
4.573212401465196475e-01 8.589441011511468105e+00
4.583617890431850306e-01 8.560503585967513374e+00
4.594023379398504137e-01 8.584573912998603618e+00
4.604428868365157967e-01 8.597726102935443038e+00
4.614834357331811798e-01 8.396397894737987144e+00
4.625239846298465629e-01 8.278601882294648107e+00
4.635645335265119460e-01 8.313474374181140547e+00
4.646050824231773291e-01 8.466165255663163691e+00
4.656456313198427122e-01 8.561240733432196492e+00
4.666861802165080952e-01 8.422247865264516520e+00
4.677267291131734783e-01 8.286908927340050468e+00
4.687672780098388614e-01 8.063741520350834691e+00
4.698078269065042445e-01 8.103541451809153529e+00
4.708483758031696276e-01 8.319639306289694503e+00
4.718889246998350107e-01 8.278457601462491766e+00
4.729294735965003937e-01 8.263635274782490825e+00
4.739700224931657768e-01 8.218259422912883139e+00
4.750105713898311599e-01 8.086323309838910234e+00
4.760511202864965430e-01 8.097207497777208829e+00
4.770916691831619261e-01 7.855156638211031606e+00
4.781322180798273092e-01 7.803796412884732803e+00
4.791727669764926922e-01 7.871227500304627256e+00
4.802133158731580753e-01 7.950818366387235159e+00
4.812538647698234584e-01 7.822060260335355508e+00
4.822944136664888415e-01 7.808450944321005949e+00
4.833349625631542246e-01 7.619166305069150269e+00
4.843755114598196077e-01 7.528499802200048663e+00
4.854160603564849907e-01 7.610425126107148941e+00
4.864566092531503738e-01 7.641986026767209950e+00
4.874971581498157569e-01 7.678264225654221065e+00
4.885377070464811400e-01 7.502473756354323342e+00
4.895782559431465231e-01 7.482880247834089005e+00
4.906188048398119061e-01 7.485872893785860072e+00
4.916593537364772892e-01 7.567617142734672342e+00
4.926999026331426723e-01 7.442692839053819398e+00
4.937404515298080554e-01 7.359420519461600918e+00
4.947810004264734385e-01 7.308172372824600416e+00
4.958215493231388216e-01 7.258447705666945637e+00
4.968620982198042046e-01 7.289183624252711269e+00
4.979026471164695877e-01 7.467331900969099934e+00
4.989431960131349708e-01 7.315809670058250447e+00
4.999837449098003539e-01 7.296335338509869928e+00
5.010242938064657370e-01 7.424949144766653575e+00
5.020648427031311201e-01 7.416930767078163456e+00
5.031053915997965031e-01 7.283753106493360718e+00
5.041459404964618862e-01 7.119390177326671676e+00
5.051864893931272693e-01 7.242376714327093623e+00
5.062270382897926524e-01 7.207595705509834971e+00
5.072675871864580355e-01 7.157390832892723154e+00
5.083081360831234186e-01 7.232719469456313277e+00
5.093486849797888016e-01 7.080948270550290857e+00
5.103892338764541847e-01 7.025416651891323028e+00
5.114297827731195678e-01 6.885957695302511894e+00
5.124703316697849509e-01 6.806202082264935171e+00
5.135108805664503340e-01 6.878821898993258799e+00
5.145514294631157171e-01 6.695726635833580076e+00
5.155919783597811001e-01 6.764410535654100443e+00
5.166325272564464832e-01 6.889515223886508721e+00
5.176730761531118663e-01 6.726837762157355627e+00
5.187136250497772494e-01 6.661009005732626775e+00
5.197541739464426325e-01 6.576280773346326214e+00
5.207947228431080156e-01 6.683127135730469348e+00
5.218352717397733986e-01 6.771173206078987761e+00
5.228758206364387817e-01 6.746584944577197263e+00
5.239163695331041648e-01 6.660675488448038806e+00
5.249569184297695479e-01 6.544910939557180285e+00
5.259974673264349310e-01 6.518375862711280888e+00
5.270380162231003141e-01 6.393433518017967998e+00
5.280785651197656971e-01 6.440405138678961805e+00
5.291191140164310802e-01 6.597683451518573605e+00
5.301596629130964633e-01 6.600430542331245931e+00
5.312002118097618464e-01 6.527708303316103411e+00
5.322407607064272295e-01 6.421872519646612432e+00
5.332813096030926125e-01 6.499560562271167186e+00
5.343218584997581067e-01 6.530707758348818004e+00
5.353624073964233787e-01 6.471123500029648312e+00
5.364029562930888728e-01 6.016375890053186737e+00
5.374435051897541449e-01 5.968039566725753531e+00
5.384840540864196390e-01 6.236743795763256770e+00
5.395246029830849110e-01 6.227311158347831110e+00
5.405651518797504052e-01 6.169959234865878273e+00
5.416057007764156772e-01 6.170801345210033872e+00
5.426462496730811713e-01 6.151099355184797446e+00
5.436867985697464434e-01 6.153223966714993054e+00
5.447273474664119375e-01 6.189445495969291500e+00
5.457678963630772095e-01 6.092805890902237564e+00
5.468084452597427036e-01 5.987622184986705065e+00
5.478489941564079757e-01 5.992508348362068915e+00
5.488895430530734698e-01 5.973680873536984848e+00
5.499300919497387419e-01 6.048697844160653148e+00
5.509706408464042360e-01 5.932384828314859249e+00
5.520111897430695080e-01 5.860665505020580923e+00
5.530517386397350021e-01 5.814073592533219426e+00
5.540922875364002742e-01 5.857973957781688057e+00
5.551328364330657683e-01 5.872173293251737647e+00
5.561733853297310404e-01 5.824633496130594779e+00
5.572139342263965345e-01 5.875749382984988500e+00
5.582544831230618065e-01 5.939132574516520435e+00
5.592950320197273006e-01 5.781656370587569427e+00
5.603355809163925727e-01 5.820953423497403634e+00
5.613761298130580668e-01 5.844795750620583874e+00
5.624166787097233389e-01 5.678737855208076724e+00
5.634572276063888330e-01 5.761980196273661647e+00
5.644977765030541050e-01 5.752048687139858174e+00
5.655383253997195991e-01 5.765451022657121172e+00
5.665788742963848712e-01 5.693625603096471366e+00
5.676194231930503653e-01 5.711112284325835731e+00
5.686599720897156374e-01 5.585063479809956988e+00
5.697005209863811315e-01 5.552164907821200757e+00
5.707410698830464035e-01 5.577820473455446404e+00
5.717816187797118976e-01 5.556710494686829094e+00
5.728221676763771697e-01 5.454860119015958020e+00
5.738627165730426638e-01 5.448985177433517180e+00
5.749032654697079359e-01 5.461055811364353474e+00
5.759438143663734300e-01 5.507682674233638664e+00
5.769843632630387020e-01 5.343733273087327262e+00
5.780249121597041961e-01 5.440001602123174962e+00
5.790654610563694682e-01 5.437606582122864296e+00
5.801060099530349623e-01 5.390546633757733019e+00
5.811465588497002344e-01 5.327843509862951521e+00
5.821871077463657285e-01 5.412112322162727196e+00
5.832276566430310005e-01 5.353079872009249840e+00
5.842682055396964946e-01 5.255364947516003582e+00
5.853087544363617667e-01 5.205957646428128527e+00
5.863493033330272608e-01 5.292629476239600450e+00
5.873898522296925329e-01 5.183099124312633421e+00
5.884304011263580270e-01 5.153537181835819325e+00
5.894709500230232990e-01 5.191471663136432824e+00
5.905114989196887931e-01 5.137167115192049494e+00
5.915520478163540652e-01 5.095645882237445079e+00
5.925925967130195593e-01 5.176172527954392422e+00
5.936331456096848314e-01 5.062598583455422130e+00
5.946736945063503255e-01 4.924867918014466994e+00
5.957142434030155975e-01 4.915574124679700674e+00
5.967547922996810916e-01 4.826145817371770619e+00
5.977953411963463637e-01 4.797381963516311743e+00
5.988358900930118578e-01 4.868107179143802199e+00
5.998764389896771299e-01 4.769104518144200000e+00
