# q (1/Angstrom), Intensity (arb)
2.029070354705860696e-02 -2.842170943040400743e-14
2.133125244372399004e-02 1.883561834693608716e+00
2.237180134038937659e-02 4.105879198264204888e+00
2.341235023705475968e-02 5.192295739434030111e+00
2.445289913372014276e-02 6.370407739699487593e+00
2.549344803038552584e-02 6.645575118510947732e+00
2.653399692705091240e-02 4.865049425102270675e+00
2.757454582371629548e-02 4.500374688526349587e+00
2.861509472038167856e-02 5.904877409224653206e+00
2.965564361704706164e-02 5.810750844548024929e+00
3.069619251371244473e-02 5.283704755471305248e+00
3.173674141037782781e-02 5.075302734854162168e+00
3.277729030704321089e-02 4.675027455726045389e+00
3.381783920370859398e-02 5.716775276886927770e+00
3.485838810037397706e-02 5.068683365455839862e+00
3.589893699703936014e-02 4.027717865243701567e+00
3.693948589370474322e-02 3.507782475143791601e+00
3.798003479037012631e-02 4.609432099016402162e+00
3.902058368703550939e-02 5.154268889551232746e+00
4.006113258370089247e-02 4.100654370810218552e+00
4.110168148036627556e-02 4.789755740654875638e+00
4.214223037703165864e-02 5.151890866244535516e+00
4.318277927369704866e-02 5.218560911736105368e+00
4.422332817036243174e-02 4.982887309393461805e+00
4.526387706702781483e-02 4.894900205374263180e+00
4.630442596369319791e-02 5.366313362162642875e+00
4.734497486035858099e-02 5.143163130820724405e+00
4.838552375702396408e-02 5.713447613806927450e+00
4.942607265368934716e-02 5.011835521096912771e+00
5.046662155035473024e-02 5.067205325703756813e+00
5.150717044702011332e-02 5.144110007502472826e+00
5.254771934368549641e-02 5.396719640443929933e+00
5.358826824035087949e-02 5.253571984858400157e+00
5.462881713701626257e-02 5.141197430460231033e+00
5.566936603368164566e-02 5.284631204380389136e+00
5.670991493034702874e-02 5.550220397051631949e+00
5.775046382701241182e-02 4.973456557974518688e+00
5.879101272367779490e-02 5.612153677093218107e+00
5.983156162034317799e-02 5.998646505764149595e+00
6.087211051700856107e-02 5.452787563417189176e+00
6.191265941367394415e-02 5.254119625831716434e+00
6.295320831033933417e-02 5.952643946982512091e+00
6.399375720700471726e-02 5.673009292057802355e+00
6.503430610367010034e-02 5.413150226340540883e+00
6.607485500033548342e-02 5.331684320283688550e+00
6.711540389700086651e-02 5.348338845930182828e+00
6.815595279366624959e-02 5.622372961426837179e+00
6.919650169033163267e-02 5.690787790597422457e+00
7.023705058699701576e-02 5.431881123049183913e+00
7.127759948366239884e-02 5.791390618508312826e+00
7.231814838032778192e-02 5.989908617502482713e+00
7.335869727699316500e-02 5.958144321744704541e+00
7.439924617365854809e-02 6.039589213232499532e+00
7.543979507032393117e-02 5.398811639188913603e+00
7.648034396698931425e-02 5.226082488751313093e+00
7.752089286365469734e-02 5.754382267525983252e+00
7.856144176032008042e-02 5.964835506690430833e+00
7.960199065698546350e-02 6.201432311206616532e+00
8.064253955365084658e-02 5.691629945192950402e+00
8.168308845031622967e-02 5.587923157501951010e+00
8.272363734698161275e-02 5.411852107639440135e+00
8.376418624364699583e-02 5.425189325007213625e+00
8.480473514031239279e-02 5.526543499888319388e+00
8.584528403697777588e-02 5.541433088509712945e+00
8.688583293364315896e-02 5.762344154016620479e+00
8.792638183030854204e-02 5.880950187440806332e+00
8.896693072697392513e-02 5.981320043383476559e+00
9.000747962363930821e-02 6.304873933328252633e+00
9.104802852030469129e-02 6.333636386292980092e+00
9.208857741697007437e-02 6.210247596405864101e+00
9.312912631363545746e-02 6.468512189956399538e+00
9.416967521030084054e-02 6.242740075887205364e+00
9.521022410696622362e-02 6.125494339544584221e+00
9.625077300363160671e-02 6.266985897333910316e+00
9.729132190029698979e-02 6.224163697270356010e+00
9.833187079696237287e-02 6.331291115300295758e+00
9.937241969362775595e-02 6.603737808954399213e+00
1.004129685902931390e-01 6.578377030433038897e+00
1.014535174869585221e-01 6.421137496077076179e+00
1.024940663836239052e-01 6.410582430009412747e+00
1.035346152802892883e-01 6.003222097810283486e+00
1.045751641769546714e-01 6.147735612647085901e+00
1.056157130736200545e-01 6.184114797541674591e+00
1.066562619702854375e-01 6.179796805123142889e+00
1.076968108669508206e-01 6.125923420281676357e+00
1.087373597636162037e-01 6.066442347952541780e+00
1.097779086602815868e-01 6.111931850672043254e+00
1.108184575569469699e-01 6.164606063288957216e+00
1.118590064536123529e-01 6.176610716396286449e+00
1.128995553502777360e-01 6.141337641289169369e+00
1.139401042469431191e-01 6.418453981715298795e+00
1.149806531436085022e-01 6.258068122954249191e+00
1.160212020402738853e-01 6.324455687650527125e+00
1.170617509369392684e-01 6.348253853680109415e+00
1.181022998336046514e-01 6.525325930429779930e+00
1.191428487302700345e-01 6.390998892025844924e+00
1.201833976269354176e-01 6.408309339968678131e+00
1.212239465236008007e-01 6.573643600296342981e+00
1.222644954202661838e-01 6.514501085937041580e+00
1.233050443169315669e-01 6.672487153087470091e+00
1.243455932135969499e-01 6.765481953035624940e+00
1.253861421102623330e-01 6.790786993906294811e+00
1.264266910069277161e-01 6.812438839231919729e+00
1.274672399035930992e-01 6.500447528232818684e+00
1.285077888002584823e-01 6.750937537839387659e+00
1.295483376969238654e-01 6.677306064964120935e+00
1.305888865935892484e-01 6.529267788364617076e+00
1.316294354902546315e-01 6.650377958365691455e+00
1.326699843869200146e-01 6.779036249237993417e+00
1.337105332835853977e-01 6.795145819168997292e+00
1.347510821802507808e-01 6.795413601010874771e+00
1.357916310769161639e-01 6.911288338075479487e+00
1.368321799735815469e-01 7.268182488580311684e+00
1.378727288702469300e-01 7.408166727620834280e+00
1.389132777669123131e-01 7.374915278029234855e+00
1.399538266635776962e-01 7.342883339087560302e+00
1.409943755602430793e-01 7.275397058595448385e+00
1.420349244569084624e-01 7.301223119095187286e+00
1.430754733535738454e-01 6.913834702346076000e+00
1.441160222502392285e-01 7.079228311438583887e+00
1.451565711469046116e-01 7.385872698079548826e+00
1.461971200435699947e-01 7.178024513402352369e+00
1.472376689402353778e-01 7.305689261440225124e+00
1.482782178369007609e-01 7.400180379404929454e+00
1.493187667335661439e-01 7.627386885333763189e+00
1.503593156302315270e-01 7.436014924787357927e+00
1.513998645268969101e-01 7.209685128792244768e+00
1.524404134235622932e-01 7.284185137614759498e+00
1.534809623202276763e-01 7.195219041747879629e+00
1.545215112168930593e-01 7.087623984277154676e+00
1.555620601135584424e-01 7.480243757793065384e+00
1.566026090102238255e-01 7.661766425378296219e+00
1.576431579068892086e-01 7.672438470491389495e+00
1.586837068035545917e-01 7.571043412658603700e+00
1.597242557002199748e-01 7.465625336749727836e+00
1.607648045968853578e-01 7.733989177497125667e+00
1.618053534935507409e-01 7.583858890311887535e+00
1.628459023902161240e-01 7.372012312512545407e+00
1.638864512868815071e-01 7.438566949970724096e+00
1.649270001835468902e-01 7.788492901730187157e+00
1.659675490802122733e-01 8.189226227792968160e+00
1.670080979768776563e-01 8.187879894082968235e+00
1.680486468735430672e-01 8.174922907763491509e+00
1.690891957702084503e-01 7.994680325141711563e+00
1.701297446668738333e-01 7.737099631401889610e+00
1.711702935635392164e-01 7.860581604336033479e+00
1.722108424602045995e-01 7.511837063880143717e+00
1.732513913568699826e-01 7.876237737047212306e+00
1.742919402535353657e-01 7.879378682715341142e+00
1.753324891502007488e-01 8.133803312255285078e+00
1.763730380468661318e-01 7.991823577677138246e+00
1.774135869435315149e-01 8.000770990617038336e+00
1.784541358401968980e-01 8.001028482486315596e+00
1.794946847368622811e-01 8.037816250006084573e+00
1.805352336335276642e-01 8.254229996709565143e+00
1.815757825301930473e-01 8.187659070185109300e+00
1.826163314268584303e-01 7.925306716274057806e+00
1.836568803235238134e-01 7.706529019292620575e+00
1.846974292201891965e-01 7.749737221955996347e+00
1.857379781168545796e-01 8.208749220080463260e+00
1.867785270135199627e-01 8.254987108998381728e+00
1.878190759101853458e-01 8.203486009253062150e+00
1.888596248068507288e-01 8.201287922846603351e+00
1.899001737035161119e-01 8.422386846388747017e+00
1.909407226001814950e-01 8.475052014537578060e+00
1.919812714968468781e-01 8.466066568901538858e+00
1.930218203935122612e-01 8.355521007989384685e+00
1.940623692901776443e-01 8.679932825613331460e+00
1.951029181868430273e-01 8.904556198153208868e+00
1.961434670835084104e-01 8.548864606968745505e+00
1.971840159801737935e-01 8.619265946923764687e+00
1.982245648768391766e-01 8.367354534716120895e+00
1.992651137735045597e-01 8.236190018314395900e+00
2.003056626701699428e-01 8.244082656801804632e+00
2.013462115668353813e-01 8.758994990974084516e+00
2.023867604635007644e-01 8.994100847012283850e+00
2.034273093601661475e-01 9.018276882160215280e+00
2.044678582568315306e-01 9.110057215005205933e+00
2.055084071534969137e-01 9.163187383518202722e+00
2.065489560501622968e-01 8.793942217214240742e+00
2.075895049468276798e-01 8.652810362969002966e+00
2.086300538434930629e-01 8.985697604116825943e+00
2.096706027401584460e-01 9.188798342472825453e+00
2.107111516368238291e-01 9.245166607719617957e+00
2.117517005334892122e-01 9.087588125569968867e+00
2.127922494301545953e-01 9.154453707423925835e+00
2.138327983268199783e-01 9.031571172576388307e+00
2.148733472234853614e-01 9.082599937194487438e+00
2.159138961201507445e-01 9.068803992811076853e+00
2.169544450168161276e-01 8.829095831592663757e+00
2.179949939134815107e-01 9.157528740982428417e+00
2.190355428101468938e-01 8.963740364637700964e+00
2.200760917068122768e-01 9.160365315458449231e+00
2.211166406034776599e-01 9.419490743330918292e+00
2.221571895001430430e-01 9.273770073063406727e+00
2.231977383968084261e-01 9.037114421005984610e+00
2.242382872934738092e-01 9.353089387938396726e+00
2.252788361901391923e-01 9.551821733504851863e+00
2.263193850868045753e-01 9.481297493762106399e+00
2.273599339834699584e-01 9.487223479272987703e+00
2.284004828801353415e-01 9.441444168364277800e+00
2.294410317768007246e-01 9.538727685933199751e+00
2.304815806734661077e-01 9.379200389153972139e+00
2.315221295701314908e-01 9.548349700183273114e+00
2.325626784667968738e-01 9.526825148004014920e+00
2.336032273634622569e-01 9.582028170685173762e+00
2.346437762601276400e-01 9.537740595075547390e+00
2.356843251567930231e-01 9.410503206200914406e+00
2.367248740534584062e-01 9.591858634036931619e+00
2.377654229501237892e-01 9.660760501227876773e+00
2.388059718467891723e-01 9.534832240750180432e+00
2.398465207434545554e-01 9.643162712633763789e+00
2.408870696401199385e-01 9.638836170369138756e+00
2.419276185367853216e-01 9.556788916243121434e+00
2.429681674334507047e-01 9.687149162721418350e+00
2.440087163301160877e-01 9.798820656527528428e+00
2.450492652267814708e-01 9.977686505366477832e+00
2.460898141234468539e-01 9.970943399614824898e+00
2.471303630201122370e-01 9.822179261326734689e+00
2.481709119167776201e-01 9.906014891516424115e+00
2.492114608134430032e-01 9.816463873613447078e+00
2.502520097101083585e-01 9.838172162293410850e+00
2.512925586067737416e-01 9.871137786315966167e+00
2.523331075034391247e-01 9.840253247983699936e+00
2.533736564001045077e-01 9.969307471491312356e+00
2.544142052967698908e-01 1.015443962770038056e+01
2.554547541934352739e-01 9.611946666880470502e+00
2.564953030901006570e-01 9.914891553450900119e+00
2.575358519867660401e-01 1.030997781763715793e+01
2.585764008834314231e-01 1.022281822881910429e+01
2.596169497800968062e-01 1.040719569750391216e+01
2.606574986767621893e-01 1.022960425628362913e+01
2.616980475734275724e-01 1.043392396081480911e+01
2.627385964700929555e-01 1.052841705533810313e+01
2.637791453667583386e-01 1.025462091406355825e+01
2.648196942634237216e-01 1.005156628420382958e+01
2.658602431600891047e-01 1.010121137046533946e+01
2.669007920567544878e-01 9.971673158187606134e+00
2.679413409534198709e-01 9.990020327206462269e+00
2.689818898500852540e-01 1.010456629535230633e+01
2.700224387467506371e-01 1.012264588871243021e+01
2.710629876434160201e-01 1.034792976290832911e+01
2.721035365400814032e-01 1.016171034433116915e+01
2.731440854367467863e-01 1.010339236443683575e+01
2.741846343334121694e-01 1.026349844344863627e+01
2.752251832300775525e-01 1.018625419712385494e+01
2.762657321267429356e-01 1.005371825645287132e+01
2.773062810234083186e-01 1.017856911280303223e+01
2.783468299200737017e-01 1.027063684545260003e+01
2.793873788167390848e-01 1.012946541102929388e+01
2.804279277134044679e-01 1.007190531636934594e+01
2.814684766100698510e-01 1.015816468063305322e+01
2.825090255067352341e-01 1.036361932675373865e+01
2.835495744034006171e-01 1.046426849980419505e+01
2.845901233000660002e-01 1.046059154703742067e+01
2.856306721967313833e-01 1.040625019587986699e+01
2.866712210933967664e-01 1.034678265745170123e+01
2.877117699900621495e-01 1.053653665006700635e+01
2.887523188867275326e-01 1.039449124788650991e+01
2.897928677833929156e-01 1.031304015127612672e+01
2.908334166800582987e-01 1.025473088498478802e+01
2.918739655767236818e-01 1.020087551147242522e+01
2.929145144733890649e-01 1.016664093471343833e+01
2.939550633700544480e-01 1.025355017725079421e+01
2.949956122667198311e-01 1.017798215479012569e+01
2.960361611633852141e-01 1.025910327997471327e+01
2.970767100600505972e-01 1.018138279397068047e+01
2.981172589567159803e-01 1.027138846023191121e+01
2.991578078533813634e-01 1.044044144507747518e+01
3.001983567500468020e-01 1.031049689879533204e+01
3.012389056467121851e-01 1.042227464843853824e+01
3.022794545433775681e-01 1.025258708688663845e+01
3.033200034400429512e-01 1.022299830624401906e+01
3.043605523367083343e-01 1.033762516710415369e+01
3.054011012333737174e-01 1.044015660079970687e+01
3.064416501300391005e-01 1.040428337254807545e+01
3.074821990267044836e-01 1.035143140255486927e+01
3.085227479233698666e-01 1.057037904522518801e+01
3.095632968200352497e-01 1.046230607869247464e+01
3.106038457167006328e-01 1.043398367516121894e+01
3.116443946133660159e-01 1.036683167844515552e+01
3.126849435100313990e-01 1.052022163521473885e+01
3.137254924066967821e-01 1.045228561494463548e+01
3.147660413033621651e-01 1.028943407817758171e+01
3.158065902000275482e-01 1.026011622484213603e+01
3.168471390966929313e-01 1.023468850867983804e+01
3.178876879933583144e-01 1.028314451434500754e+01
3.189282368900236975e-01 1.043625352490117564e+01
3.199687857866890806e-01 1.062813295915098877e+01
3.210093346833544636e-01 1.044028994553770673e+01
3.220498835800198467e-01 1.023729026417409571e+01
3.230904324766852298e-01 1.041965182066865481e+01
3.241309813733506129e-01 1.038012366066485015e+01
3.251715302700159960e-01 1.038543308589642322e+01
3.262120791666813790e-01 1.022547092569389804e+01
3.272526280633467621e-01 1.007921231373268256e+01
3.282931769600121452e-01 1.022495607697555542e+01
3.293337258566775283e-01 1.047164665943965289e+01
3.303742747533429114e-01 1.030515129688665965e+01
3.314148236500082945e-01 1.020051140399661094e+01
3.324553725466736775e-01 1.017122137606282806e+01
3.334959214433390606e-01 1.025871015477802572e+01
3.345364703400044437e-01 1.013471826412249044e+01
3.355770192366698268e-01 1.036353756812265914e+01
3.366175681333352099e-01 1.024512640397273344e+01
3.376581170300005930e-01 1.014799041032913607e+01
3.386986659266659760e-01 1.013171474724108023e+01
3.397392148233313591e-01 1.042124952690812023e+01
3.407797637199967422e-01 1.018142438966510355e+01
3.418203126166621253e-01 1.007100423356604324e+01
3.428608615133275084e-01 1.012063709839141268e+01
3.439014104099928915e-01 1.001371766831033483e+01
3.449419593066582745e-01 1.015809584954912381e+01
3.459825082033236576e-01 1.021960518002054741e+01
3.470230570999890407e-01 1.031740705568331862e+01
3.480636059966544238e-01 1.024472272307470533e+01
3.491041548933198069e-01 1.002474279167162408e+01
3.501447037899851900e-01 9.922404327795803169e+00
3.511852526866505730e-01 1.015298487300867336e+01
3.522258015833159561e-01 1.007917504428072064e+01
3.532663504799813392e-01 1.017781282870184256e+01
3.543068993766467223e-01 9.955924033359071501e+00
3.553474482733121054e-01 9.889007212276126779e+00
3.563879971699774885e-01 1.002319349559532213e+01
3.574285460666428715e-01 1.004148479041271713e+01
3.584690949633082546e-01 9.886649632026092149e+00
3.595096438599736377e-01 9.916133916743035570e+00
3.605501927566390208e-01 9.840556877466443808e+00
3.615907416533044039e-01 1.008483085762492593e+01
3.626312905499697870e-01 1.004954691565409064e+01
3.636718394466351700e-01 9.941893620466053960e+00
3.647123883433005531e-01 9.870052204359488712e+00
3.657529372399659362e-01 9.871643186263334258e+00
3.667934861366313193e-01 9.845613623698568517e+00
3.678340350332967024e-01 9.687503314296517232e+00
3.688745839299620854e-01 9.615511751747398250e+00
3.699151328266274685e-01 9.781296828180845893e+00
3.709556817232928516e-01 9.869059078749572222e+00
3.719962306199582347e-01 9.794345613907786685e+00
3.730367795166236178e-01 9.830549592037694850e+00
3.740773284132890009e-01 9.833936734251665257e+00
3.751178773099543839e-01 9.932675817154887454e+00
3.761584262066197670e-01 1.002487526658688211e+01
3.771989751032851501e-01 9.963592097460654884e+00
3.782395239999505332e-01 9.666759567611403980e+00
3.792800728966159163e-01 9.676900062308664729e+00
3.803206217932812994e-01 9.764842423657530190e+00
3.813611706899466824e-01 9.697458952964609580e+00
3.824017195866120655e-01 9.680060457158326415e+00
3.834422684832774486e-01 9.615668444150454519e+00
3.844828173799428317e-01 9.634694798809707805e+00
3.855233662766082148e-01 9.587305210666844602e+00
3.865639151732735979e-01 9.588809984785456209e+00
3.876044640699389809e-01 9.516608378928228973e+00
3.886450129666043640e-01 9.552761603222631237e+00
3.896855618632697471e-01 9.431716576105589667e+00
3.907261107599351302e-01 9.472509158289359021e+00
3.917666596566005133e-01 9.514429729202468877e+00
3.928072085532658964e-01 9.581743245868239001e+00
3.938477574499312794e-01 9.555514048723829035e+00
3.948883063465966625e-01 9.544224758314502566e+00
3.959288552432620456e-01 9.551918959500223849e+00
3.969694041399274287e-01 9.498962808886112441e+00
3.980099530365928118e-01 9.404321116525384383e+00
3.990505019332581949e-01 9.366723356628927633e+00
4.000910508299235779e-01 9.100428345786266249e+00
4.011315997265889610e-01 9.093470409093153961e+00
4.021721486232543441e-01 9.039474269976683019e+00
4.032126975199197272e-01 9.074297475693615667e+00
4.042532464165851103e-01 9.138024525730699565e+00
4.052937953132504934e-01 9.178767847351284814e+00
4.063343442099158764e-01 9.217281432761840421e+00
4.073748931065812595e-01 9.351768070761391272e+00
4.084154420032466426e-01 9.397676873988590529e+00
4.094559908999120257e-01 9.301165283378622917e+00
4.104965397965774088e-01 8.976328372500855579e+00
4.115370886932427918e-01 8.926992530411737903e+00
4.125776375899081749e-01 8.864786376883959207e+00
4.136181864865735580e-01 8.889367389668393571e+00
4.146587353832389411e-01 9.160414621207024766e+00
4.156992842799043242e-01 9.083795119355674075e+00
4.167398331765697073e-01 9.121373138682958626e+00
4.177803820732350903e-01 9.008796549942250209e+00
4.188209309699004734e-01 8.938456680357425910e+00
4.198614798665658565e-01 8.834380381919583414e+00
4.209020287632312396e-01 8.849220109883749075e+00
4.219425776598966227e-01 8.875027858017443094e+00
4.229831265565620058e-01 8.823255945663884603e+00
4.240236754532273888e-01 8.847441778018140468e+00
4.250642243498927719e-01 8.826737788312115640e+00
4.261047732465581550e-01 8.893634276515260950e+00
4.271453221432235381e-01 8.946256164740820083e+00
4.281858710398889212e-01 8.768847020033117445e+00
4.292264199365543043e-01 8.618875696764526140e+00
4.302669688332196873e-01 8.501238909980326497e+00
4.313075177298850704e-01 8.573578221982156577e+00
4.323480666265504535e-01 8.716859561036390147e+00
4.333886155232158366e-01 8.755160691971447307e+00
4.344291644198812197e-01 8.825715513248493238e+00
4.354697133165466028e-01 8.691040606213565667e+00
4.365102622132119858e-01 8.738492400597003495e+00
4.375508111098773689e-01 8.820953080919498035e+00
4.385913600065427520e-01 8.764310469277390325e+00
4.396319089032081351e-01 8.481527288864413094e+00
4.406724577998735182e-01 8.434792619563051375e+00
4.417130066965389013e-01 8.514812905852927827e+00
4.427535555932042843e-01 8.553791405776095758e+00
4.437941044898696674e-01 8.580623434773318792e+00
4.448346533865350505e-01 8.279226043850965056e+00
4.458752022832004336e-01 8.198139807286970893e+00
4.469157511798658167e-01 8.333209112465681301e+00
4.479563000765311997e-01 8.372806492044492899e+00
4.489968489731965828e-01 8.408493332501208783e+00
4.500373978698619659e-01 8.388143031289722273e+00
4.510779467665273490e-01 8.404018366194410561e+00
4.521184956631927321e-01 8.246946032923311520e+00
4.531590445598581152e-01 8.088852535423281864e+00
4.541995934565234982e-01 8.180004831804318144e+00
4.552401423531888813e-01 8.156186382258123757e+00
4.562806912498542644e-01 8.274601139993851717e+00
4.573212401465196475e-01 8.358954711126528991e+00
4.583617890431850306e-01 8.203449918546343866e+00
4.594023379398504137e-01 8.025165920051335888e+00
4.604428868365157967e-01 8.180802052552003545e+00
4.614834357331811798e-01 8.246329211773481660e+00
4.625239846298465629e-01 8.199407845342054912e+00
4.635645335265119460e-01 8.069458660196545452e+00
4.646050824231773291e-01 7.853885234821568417e+00
4.656456313198427122e-01 7.993533943359441452e+00
4.666861802165080952e-01 7.960529904682513092e+00
4.677267291131734783e-01 7.868316019462444189e+00
4.687672780098388614e-01 7.942204190837991007e+00
4.698078269065042445e-01 7.893475071839791468e+00
4.708483758031696276e-01 7.840072098205720152e+00
4.718889246998350107e-01 7.786134523951670161e+00
4.729294735965003937e-01 7.760920719990927807e+00
4.739700224931657768e-01 7.633777335171050282e+00
4.750105713898311599e-01 7.676871731192246529e+00
4.760511202864965430e-01 7.685271813033605071e+00
4.770916691831619261e-01 7.641653483956236670e+00
4.781322180798273092e-01 7.791743921891935543e+00
4.791727669764926922e-01 7.687646999900863420e+00
4.802133158731580753e-01 7.528273071965884355e+00
4.812538647698234584e-01 7.435097872755203952e+00
4.822944136664888415e-01 7.559122382272938978e+00
4.833349625631542246e-01 7.572490526731971983e+00
4.843755114598196077e-01 7.468748815494315352e+00
4.854160603564849907e-01 7.392036730728634097e+00
4.864566092531503738e-01 7.266427420328163578e+00
4.874971581498157569e-01 7.390645313391555504e+00
4.885377070464811400e-01 7.451572656378189663e+00
4.895782559431465231e-01 7.431516868089765637e+00
4.906188048398119061e-01 7.391518150961733369e+00
4.916593537364772892e-01 7.521209224821717498e+00
4.926999026331426723e-01 7.481578166104426941e+00
4.937404515298080554e-01 7.342668440526519902e+00
4.947810004264734385e-01 7.419591934659429455e+00
4.958215493231388216e-01 7.362547570379287976e+00
4.968620982198042046e-01 7.244561635950120149e+00
4.979026471164695877e-01 7.408410769545913155e+00
4.989431960131349708e-01 7.703003661180673589e+00
4.999837449098003539e-01 7.081347073666073300e+00
5.010242938064657370e-01 6.764479661326220139e+00
5.020648427031311201e-01 6.991634646693466237e+00
5.031053915997965031e-01 7.260865628582120479e+00
5.041459404964618862e-01 7.247217279580382865e+00
5.051864893931272693e-01 7.196138798315708129e+00
5.062270382897926524e-01 7.090180790870725502e+00
5.072675871864580355e-01 7.061084499467700226e+00
5.083081360831234186e-01 7.162515841067282452e+00
5.093486849797888016e-01 7.134913730765010342e+00
5.103892338764541847e-01 7.126760989421338621e+00
5.114297827731195678e-01 6.975711372245012143e+00
5.124703316697849509e-01 6.834441080871506813e+00
5.135108805664503340e-01 6.949579025860224135e+00
5.145514294631157171e-01 6.941066508716453143e+00
5.155919783597811001e-01 6.930356945275459424e+00
5.166325272564464832e-01 6.917729147265600176e+00
5.176730761531118663e-01 7.004697950521155292e+00
5.187136250497772494e-01 6.955007054565726321e+00
5.197541739464426325e-01 6.843006258131566710e+00
5.207947228431080156e-01 6.757959351481261479e+00
5.218352717397733986e-01 6.580504543687069940e+00
5.228758206364387817e-01 6.710140137536477312e+00
5.239163695331041648e-01 6.802903802857048987e+00
5.249569184297695479e-01 6.799357515332111745e+00
5.259974673264349310e-01 6.845261861623374244e+00
5.270380162231003141e-01 6.755395548281530438e+00
5.280785651197656971e-01 6.766291225643090712e+00
5.291191140164310802e-01 6.744904743828737281e+00
5.301596629130964633e-01 6.722390391578205282e+00
5.312002118097618464e-01 6.626664118942329651e+00
5.322407607064272295e-01 6.592122643917878833e+00
5.332813096030926125e-01 6.606063505395450619e+00
5.343218584997581067e-01 6.652272395733607624e+00
5.353624073964233787e-01 6.669632824142325944e+00
5.364029562930888728e-01 6.616533958021857842e+00
5.374435051897541449e-01 6.832702183758328829e+00
5.384840540864196390e-01 6.755233344045791455e+00
5.395246029830849110e-01 6.800435007517297237e+00
5.405651518797504052e-01 6.698580904427114291e+00
5.416057007764156772e-01 6.641118462264397948e+00
5.426462496730811713e-01 6.592323817481833714e+00
5.436867985697464434e-01 6.628706771640054285e+00
5.447273474664119375e-01 6.615003535640774146e+00
5.457678963630772095e-01 6.406083542332488889e+00
5.468084452597427036e-01 6.494245135101124333e+00
5.478489941564079757e-01 6.503559023795283167e+00
5.488895430530734698e-01 6.564341000008205640e+00
5.499300919497387419e-01 6.508386076960423594e+00
5.509706408464042360e-01 6.312957359528102330e+00
5.520111897430695080e-01 6.253956593301325029e+00
5.530517386397350021e-01 6.212557928089317727e+00
5.540922875364002742e-01 6.186863572731070349e+00
5.551328364330657683e-01 6.307504423907303703e+00
5.561733853297310404e-01 6.374879708875543116e+00
5.572139342263965345e-01 6.268625156321064651e+00
5.582544831230618065e-01 6.288051157432512639e+00
5.592950320197273006e-01 6.317201787479245212e+00
5.603355809163925727e-01 6.251054524360981191e+00
5.613761298130580668e-01 6.249178920819755234e+00
5.624166787097233389e-01 6.319645900694847995e+00
5.634572276063888330e-01 6.277584283996706205e+00
5.644977765030541050e-01 6.056798128343942267e+00
5.655383253997195991e-01 6.172094784623283203e+00
5.665788742963848712e-01 6.166202263390644589e+00
5.676194231930503653e-01 6.150348136792672449e+00
5.686599720897156374e-01 6.083920426336067777e+00
5.697005209863811315e-01 5.938271909633268564e+00
5.707410698830464035e-01 5.945300994751470114e+00
5.717816187797118976e-01 5.950166345892217379e+00
5.728221676763771697e-01 5.888293573131818448e+00
5.738627165730426638e-01 5.994603218528396837e+00
5.749032654697079359e-01 5.948827967975912401e+00
5.759438143663734300e-01 5.911484023052810954e+00
5.769843632630387020e-01 6.009625600989270566e+00
5.780249121597041961e-01 5.983038825433201424e+00
5.790654610563694682e-01 5.932954667701828555e+00
5.801060099530349623e-01 5.797375600508665627e+00
5.811465588497002344e-01 5.805788694203112499e+00
5.821871077463657285e-01 5.846819490273109210e+00
5.832276566430310005e-01 5.851361897801535150e+00
5.842682055396964946e-01 5.820425633822498668e+00
5.853087544363617667e-01 5.816932959927214597e+00
5.863493033330272608e-01 5.779920315328379132e+00
5.873898522296925329e-01 5.629055283044454683e+00
5.884304011263580270e-01 5.585733622299997592e+00
5.894709500230232990e-01 5.641429305110754910e+00
5.905114989196887931e-01 5.512220289822980845e+00
5.915520478163540652e-01 5.588140185461927700e+00
5.925925967130195593e-01 5.572845394627350402e+00
5.936331456096848314e-01 5.575872974779887414e+00
5.946736945063503255e-01 5.535781912996835530e+00
5.957142434030155975e-01 5.471307097974698053e+00
5.967547922996810916e-01 5.383070549077629607e+00
5.977953411963463637e-01 5.349663666027169029e+00
5.988358900930118578e-01 5.382214091454422089e+00
5.998764389896771299e-01 5.448783741563310912e+00
