# q (1/angstrom), Intensity (arb)
2.004886800316986462e-02 1.617542853675353740e+02
2.113259059444069429e-02 1.965242959803436520e+02
2.221631318571152050e-02 2.180084166904414928e+02
2.330003577698234671e-02 2.286936231418739283e+02
2.438375836825317292e-02 2.341982532417836751e+02
2.546748095952399912e-02 2.402705772926134955e+02
2.655120355079482186e-02 2.462581062560348926e+02
2.763492614206565501e-02 2.507140839772506808e+02
2.871864873333647775e-02 2.540331281047252787e+02
2.980237132460730742e-02 2.524205576608721344e+02
3.088609391587813363e-02 2.533969906747031189e+02
3.196981650714896678e-02 2.528311957042034237e+02
3.305353909841978605e-02 2.523114522812026621e+02
3.413726168969061919e-02 2.525499518350325729e+02
3.522098428096144540e-02 2.522805812188951222e+02
3.630470687223227161e-02 2.475336980367191586e+02
3.738842946350309782e-02 2.460961999997200564e+02
3.847215205477392402e-02 2.463414602408056453e+02
3.955587464604475717e-02 2.466802429271942287e+02
4.063959723731558338e-02 2.448663121619087519e+02
4.172331982858640959e-02 2.428027958820430854e+02
4.280704241985723579e-02 2.438321371084148268e+02
4.389076501112806894e-02 2.419707493150320374e+02
4.497448760239888821e-02 2.384561530425672515e+02
4.605821019366971442e-02 2.378334471819069620e+02
4.714193278494054756e-02 2.355207617003829341e+02
4.822565537621137377e-02 2.348685731275514286e+02
4.930937796748219998e-02 2.338890707312468180e+02
5.039310055875302619e-02 2.348156586459442678e+02
5.147682315002385933e-02 2.316881236960031458e+02
5.256054574129467860e-02 2.302439003694771600e+02
5.364426833256550481e-02 2.288557432312253468e+02
5.472799092383633796e-02 2.281427015586291702e+02
5.581171351510716416e-02 2.274571109835679010e+02
5.689543610637798343e-02 2.237542467822802905e+02
5.797915869764881658e-02 2.224886476589763618e+02
5.906288128891964972e-02 2.189368998870097300e+02
6.014660388019047593e-02 2.156868408343390513e+02
6.123032647146129520e-02 2.150017303398560102e+02
6.231404906273212835e-02 2.143163168186879659e+02
6.339777165400295456e-02 2.127710510562679929e+02
6.448149424527377382e-02 2.129605987244581797e+02
6.556521683654460697e-02 2.110048790296223444e+02
6.664893942781544012e-02 2.083574450957250406e+02
6.773266201908627326e-02 2.053382784978305438e+02
6.881638461035709253e-02 2.026173255732869052e+02
6.990010720162791180e-02 2.019424569935301008e+02
7.098382979289874495e-02 2.007214094160289619e+02
7.206755238416956422e-02 1.982648884748839180e+02
7.315127497544039736e-02 1.955426327850154848e+02
7.423499756671123051e-02 1.943913790283205003e+02
7.531872015798206366e-02 1.927201921339236321e+02
7.640244274925288293e-02 1.903408036790334563e+02
7.748616534052371607e-02 1.905829933071993878e+02
7.856988793179453534e-02 1.885306300884370216e+02
7.965361052306535461e-02 1.852960266962343781e+02
8.073733311433618776e-02 1.826832173203271736e+02
8.182105570560702090e-02 1.789281218417207810e+02
8.290477829687785405e-02 1.766892618955070020e+02
8.398850088814867332e-02 1.760741907210222053e+02
8.507222347941950646e-02 1.741658677831775321e+02
8.615594607069032573e-02 1.710228010095534046e+02
8.723966866196115888e-02 1.687372509875402216e+02
8.832339125323197815e-02 1.669533582554469433e+02
8.940711384450281130e-02 1.659476567777560376e+02
9.049083643577364444e-02 1.639847047879332820e+02
9.157455902704446371e-02 1.625986967660228686e+02
9.265828161831529686e-02 1.585964776911312129e+02
9.374200420958611613e-02 1.569383975494641845e+02
9.482572680085694927e-02 1.551041540698332994e+02
9.590944939212776854e-02 1.538284631355815293e+02
9.699317198339860169e-02 1.510440918461281115e+02
9.807689457466943483e-02 1.500369698450124645e+02
9.916061716594025410e-02 1.473927341912227291e+02
1.002443397572110872e-01 1.455832159780601387e+02
1.013280623484819065e-01 1.425963091674112206e+02
1.024117849397527397e-01 1.383117942401054279e+02
1.034955075310235728e-01 1.376384548996426531e+02
1.045792301222943782e-01 1.357410907323024389e+02
1.056629527135652113e-01 1.339533445136308387e+02
1.067466753048360445e-01 1.307519179409628407e+02
1.078303978961068776e-01 1.298186100130511136e+02
1.089141204873776969e-01 1.287146672403622460e+02
1.099978430786485301e-01 1.265381712160726977e+02
1.110815656699193632e-01 1.244041038789358993e+02
1.121652882611901964e-01 1.216025494902460196e+02
1.132490108524610017e-01 1.188217250710958979e+02
1.143327334437318349e-01 1.163098807840834183e+02
1.154164560350026680e-01 1.150416298009739080e+02
1.165001786262734873e-01 1.147099907705669182e+02
1.175839012175443204e-01 1.123149530976133406e+02
1.186676238088151536e-01 1.095650829191970956e+02
1.197513464000859867e-01 1.075858580506209989e+02
1.208350689913567921e-01 1.060904826404141943e+02
1.219187915826276253e-01 1.054606768931859619e+02
1.230025141738984584e-01 1.041584469352654878e+02
1.240862367651692777e-01 1.000882016180437120e+02
1.251699593564401247e-01 9.897006107121700325e+01
1.262536819477109440e-01 9.801688384958771394e+01
1.273374045389817633e-01 9.492418935230378452e+01
1.284211271302525825e-01 9.358461155016877342e+01
1.295048497215234018e-01 9.135432437354947410e+01
1.305885723127942488e-01 9.058768446585492029e+01
1.316722949040650681e-01 8.757401754755019851e+01
1.327560174953359151e-01 8.529877533676622647e+01
1.338397400866067344e-01 8.416081166627574817e+01
1.349234626778775537e-01 8.240638784548372087e+01
1.360071852691483729e-01 8.123951198645386285e+01
1.370909078604191922e-01 7.832087203727613200e+01
1.381746304516900392e-01 7.615899576921515290e+01
1.392583530429608585e-01 7.544865679931973546e+01
1.403420756342317055e-01 7.477823943269359575e+01
1.414257982255025248e-01 7.317279475693658242e+01
1.425095208167733440e-01 7.053065429985812784e+01
1.435932434080441633e-01 6.815059137580033166e+01
1.446769659993149826e-01 6.640433887696562465e+01
1.457606885905858296e-01 6.590134701939572892e+01
1.468444111818566489e-01 6.478027614630022413e+01
1.479281337731274959e-01 6.253115958799779150e+01
1.490118563643983152e-01 6.053404225584540654e+01
1.500955789556691622e-01 5.961300572004375908e+01
1.511793015469399537e-01 5.809540620305153880e+01
1.522630241382108007e-01 5.566714393280690842e+01
1.533467467294816200e-01 5.421272274812611158e+01
1.544304693207524393e-01 5.296441635274896953e+01
1.555141919120232863e-01 5.213349779000202489e+01
1.565979145032941056e-01 5.166504897935061535e+01
1.576816370945649526e-01 5.027121223682701157e+01
1.587653596858357441e-01 4.830903416555875651e+01
1.598490822771065911e-01 4.692236485766176202e+01
1.609328048683774104e-01 4.565175392651687503e+01
1.620165274596482297e-01 4.457851758484565607e+01
1.631002500509190767e-01 4.315111790579967987e+01
1.641839726421898960e-01 4.129304985253966720e+01
1.652676952334607430e-01 4.059702412253088255e+01
1.663514178247315345e-01 3.990939651602309368e+01
1.674351404160023815e-01 3.889378516385374951e+01
1.685188630072732008e-01 3.749582093840695052e+01
1.696025855985440201e-01 3.622534976469486878e+01
1.706863081898148671e-01 3.513476667905419504e+01
1.717700307810856863e-01 3.455750303195097217e+01
1.728537533723565334e-01 3.375080703852097486e+01
1.739374759636273526e-01 3.294778990295125709e+01
1.750211985548981719e-01 3.172374063518731191e+01
1.761049211461689912e-01 3.062746824553835268e+01
1.771886437374398104e-01 2.902321948039329413e+01
1.782723663287106575e-01 2.828082954817492123e+01
1.793560889199814767e-01 2.741901573716594953e+01
1.804398115112523238e-01 2.550300722284111998e+01
1.815235341025231430e-01 2.465924375321569073e+01
1.826072566937939623e-01 2.380289156314603360e+01
1.836909792850647816e-01 2.347212536048323273e+01
1.847747018763356008e-01 2.277213463600878640e+01
1.858584244676064479e-01 2.138282639600686252e+01
1.869421470588772671e-01 2.128881775369981710e+01
1.880258696501481142e-01 2.066535148563770008e+01
1.891095922414189334e-01 2.087563593274805385e+01
1.901933148326897527e-01 1.988192669509120947e+01
1.912770374239605720e-01 1.847044817368214353e+01
1.923607600152313912e-01 1.805854412165535905e+01
1.934444826065022383e-01 1.670416181055279026e+01
1.945282051977730575e-01 1.639490675961619104e+01
1.956119277890439045e-01 1.540235039589643407e+01
1.966956503803147238e-01 1.530271196221721652e+01
1.977793729715855431e-01 1.529512937703972852e+01
1.988630955628563624e-01 1.401818503425130302e+01
1.999468181541271816e-01 1.340957062394443255e+01
2.010305407453980286e-01 1.338936759018363887e+01
2.021142633366688757e-01 1.305556222179481551e+01
2.031979859279396949e-01 1.220386061462568250e+01
2.042817085192105420e-01 1.130862181200771488e+01
2.053654311104813335e-01 1.019055732115378987e+01
2.064491537017522083e-01 9.796424602454266051e+00
2.075328762930229998e-01 9.168071028517715604e+00
2.086165988842938190e-01 9.178741834349153805e+00
2.097003214755646661e-01 9.090425343882174047e+00
2.107840440668354853e-01 8.580534517416850804e+00
2.118677666581063324e-01 8.505279816100824064e+00
2.129514892493771239e-01 7.990580255207248683e+00
2.140352118406479986e-01 7.599338604661198815e+00
2.151189344319187902e-01 6.903796679604369047e+00
2.162026570231896372e-01 6.040869055166325552e+00
2.172863796144604565e-01 6.277513183487968718e+00
2.183701022057312757e-01 6.237824720313483340e+00
2.194538247970021227e-01 5.709191966340938507e+00
2.205375473882729143e-01 5.308674258021000014e+00
2.216212699795437890e-01 4.897840691819197900e+00
2.227049925708145806e-01 5.008934815962732046e+00
2.237887151620854276e-01 5.336182732716935107e+00
2.248724377533562468e-01 5.172188238881034295e+00
2.259561603446270661e-01 5.252336885087004248e+00
2.270398829358979131e-01 4.693731785787207400e+00
2.281236055271687047e-01 4.547606829121519922e+00
2.292073281184395794e-01 4.606130880172031539e+00
2.302910507097103709e-01 4.133466553818777811e+00
2.313747733009812180e-01 3.384249466830056008e+00
2.324584958922520372e-01 3.384719359167860375e+00
2.335422184835228565e-01 2.530658971003049373e+00
2.346259410747937035e-01 2.678279988462975325e+00
2.357096636660644950e-01 2.380720585672378320e+00
2.367933862573353698e-01 2.344788357688884162e+00
2.378771088486061613e-01 1.873926868902884735e+00
2.389608314398770084e-01 1.790192885039573412e+00
2.400445540311478276e-01 2.026591296229668160e+00
2.411282766224186469e-01 2.169581827336998003e+00
2.422119992136894939e-01 2.318675467060614892e+00
2.432957218049602854e-01 1.931042354032001640e+00
2.443794443962311602e-01 2.169807061044650709e+00
2.454631669875019517e-01 2.149418034016974843e+00
2.465468895787727988e-01 1.313408536337220767e+00
2.476306121700436180e-01 1.338394328926824528e+00
2.487143347613144373e-01 1.327695256174450833e+00
2.497980573525852843e-01 8.454064395253340081e-01
2.508817799438560758e-01 1.386318165916094358e+00
2.519655025351269506e-01 1.368609815579389988e+00
2.530492251263977699e-01 1.105237754184855703e+00
2.541329477176685891e-01 1.506150837237271389e+00
2.552166703089394084e-01 8.186171457157058740e-01
2.563003929002102277e-01 8.244655747700733173e-01
2.573841154914810470e-01 8.036605966629508657e-01
2.584678380827518662e-01 9.122028015165994930e-01
2.595515606740227410e-01 1.020621821875067781e+00
2.606352832652935603e-01 8.674002118209784840e-01
2.617190058565643795e-01 9.099702220491678872e-01
2.628027284478351988e-01 8.890862047229006748e-01
2.638864510391060181e-01 8.217981069073800882e-01
2.649701736303768373e-01 3.320163090508287951e-01
2.660538962216476566e-01 5.880082755259934402e-01
2.671376188129185314e-01 9.853903784242277197e-01
2.682213414041893507e-01 7.063457049539749733e-01
2.693050639954601699e-01 1.682345523840353962e-01
2.703887865867309892e-01 4.015141257407606190e-01
2.714725091780018085e-01 3.880707134749457055e-01
2.725562317692726277e-01 0.000000000000000000e+00
2.736399543605434470e-01 6.022917626821424619e-01
2.747236769518143218e-01 9.127564517619930484e-01
2.758073995430851411e-01 6.789956943089237029e-01
2.768911221343559603e-01 5.049113233067714646e-01
2.779748447256267796e-01 9.104879491191013585e-01
2.790585673168975989e-01 1.337171348631102319e+00
2.801422899081684181e-01 6.908192489613043108e-01
2.812260124994392374e-01 6.412015648247688659e-01
2.823097350907101122e-01 1.047622949566289208e+00
2.833934576819809315e-01 1.204465053711203382e+00
2.844771802732517507e-01 8.998061315943743921e-01
2.855609028645225700e-01 6.714161903838942180e-01
2.866446254557933893e-01 1.069653527427277595e+00
2.877283480470642085e-01 7.326658372857366430e-01
2.888120706383350278e-01 1.418434917689523900e-01
2.898957932296059026e-01 7.428655142051070470e-01
2.909795158208767218e-01 9.294941317386076207e-01
2.920632384121475411e-01 1.143145460285126092e+00
2.931469610034183604e-01 1.479422303931841043e+00
2.942306835946891796e-01 1.208532512437727746e+00
2.953144061859599989e-01 3.894694437778127849e-01
2.963981287772308182e-01 1.173588674313919000e-01
2.974818513685016930e-01 6.839710162500693968e-01
2.985655739597725122e-01 6.459168223375968410e-01
2.996492965510433315e-01 8.610522783937142322e-01
3.007330191423141508e-01 8.778957866751682104e-01
3.018167417335849700e-01 1.510595152281211995e+00
3.029004643248558448e-01 1.524921409568463559e+00
3.039841869161266086e-01 1.128470373665919624e+00
3.050679095073974834e-01 5.167083224935993258e-01
3.061516320986683026e-01 5.473501348776323994e-01
3.072353546899391219e-01 1.039307201551508797e+00
3.083190772812099412e-01 1.060998814003880852e+00
3.094027998724807604e-01 1.240717638489684305e+00
3.104865224637516352e-01 1.264747669776056682e+00
3.115702450550223990e-01 1.565759791838161163e+00
3.126539676462932738e-01 1.606664588483567968e+00
3.137376902375640930e-01 1.517065362030876940e+00
3.148214128288349123e-01 7.709127974324303523e-01
3.159051354201057316e-01 7.973633162640965111e-01
3.169888580113765508e-01 8.148577826243865729e-01
3.180725806026474256e-01 7.165837992911008314e-01
3.191563031939181894e-01 1.194198591983990809e+00
3.202400257851890641e-01 9.493624191122194134e-01
3.213237483764598834e-01 1.361732339037473594e+00
3.224074709677307027e-01 1.899427276043553547e+00
3.234911935590015220e-01 1.978126923200420606e+00
3.245749161502723412e-01 1.361887077452820449e+00
3.256586387415432160e-01 8.824831151560914577e-01
3.267423613328139798e-01 1.028732789833526340e+00
3.278260839240848545e-01 1.180719860693031364e+00
3.289098065153556738e-01 1.261388523298066389e+00
3.299935291066264931e-01 1.169303471267070904e+00
3.310772516978973123e-01 1.460372706047976976e+00
3.321609742891681316e-01 1.329902970848436894e+00
3.332446968804390064e-01 1.250181555088317964e+00
3.343284194717097701e-01 1.621294444961336012e+00
3.354121420629806449e-01 2.054554667276107693e+00
3.364958646542514642e-01 1.940911053568910916e+00
3.375795872455222835e-01 1.888761834430113140e+00
3.386633098367931027e-01 1.462813384957726726e+00
3.397470324280639220e-01 1.701222633191605382e+00
3.408307550193347968e-01 1.394208609685406941e+00
3.419144776106055605e-01 1.701908294831923740e+00
3.429982002018764353e-01 1.886470177441523788e+00
3.440819227931472546e-01 1.653635218429300835e+00
3.451656453844180739e-01 1.537710020941304379e+00
3.462493679756888931e-01 1.198878335870787737e+00
3.473330905669597679e-01 9.823204981730100371e-01
3.484168131582305872e-01 1.488728834929062828e+00
3.495005357495013509e-01 1.496623365533992001e+00
3.505842583407722257e-01 1.742629479913446744e+00
3.516679809320430450e-01 1.140415704078066028e+00
3.527517035233138643e-01 9.645921605735736648e-01
3.538354261145846835e-01 1.135162697164574297e+00
3.549191487058555583e-01 1.132825523608957496e+00
3.560028712971263776e-01 1.079843229424426454e+00
3.570865938883971413e-01 9.734178275592171303e-01
3.581703164796680161e-01 1.872990051520119437e+00
3.592540390709388354e-01 1.691674968433062531e+00
3.603377616622096546e-01 1.412835776241408325e+00
3.614214842534804739e-01 1.086841636810120804e+00
3.625052068447513487e-01 8.900284490868273224e-01
3.635889294360221680e-01 1.097476726491834143e+00
3.646726520272929317e-01 6.488076112192970868e-01
3.657563746185638065e-01 8.815895650830327668e-01
3.668400972098346258e-01 1.168468638799694759e+00
3.679238198011054450e-01 1.228069586236216537e+00
3.690075423923762643e-01 9.216636919074261414e-01
3.700912649836471391e-01 1.070472981897026443e+00
3.711749875749179584e-01 1.384920088211657685e+00
3.722587101661887221e-01 1.486751380918278187e+00
3.733424327574595969e-01 1.478404276375798077e+00
3.744261553487304162e-01 1.227583579496894117e+00
3.755098779400012354e-01 5.909896370100398144e-01
3.765936005312720547e-01 7.264534414183430044e-01
3.776773231225429295e-01 8.606179907900042281e-01
3.787610457138137487e-01 1.100535812303647276e+00
3.798447683050845125e-01 1.034617469119666566e+00
3.809284908963553873e-01 7.748375380518552902e-01
3.820122134876262066e-01 2.295999468054787940e-01
3.830959360788970258e-01 9.207911250420863780e-01
3.841796586701678451e-01 8.798412033563494106e-01
3.852633812614387199e-01 7.973449668998426887e-01
3.863471038527095391e-01 6.889903347100982955e-01
3.874308264439803029e-01 9.236183884298299063e-01
3.885145490352511777e-01 1.495343890067545090e+00
3.895982716265219969e-01 6.935825205522405668e-01
3.906819942177928162e-01 3.666199511367977948e-01
3.917657168090636355e-01 1.214158343236150017e+00
3.928494394003345103e-01 9.409698402245680882e-01
3.939331619916053295e-01 8.936366327998825909e-01
3.950168845828760933e-01 9.340143922876222859e-01
3.961006071741469681e-01 9.054712062217333823e-01
3.971843297654177873e-01 1.041913123108386685e+00
3.982680523566886066e-01 9.973913726763612431e-01
3.993517749479594259e-01 1.086630710513745157e+00
4.004354975392302451e-01 8.337341168295466787e-01
4.015192201305010089e-01 4.231183014025106104e-01
4.026029427217718837e-01 1.204761356474406853e+00
4.036866653130427030e-01 7.647277020936229519e-01
4.047703879043135777e-01 2.546186249381321431e-01
4.058541104955843415e-01 6.059769341204912507e-01
4.069378330868551608e-01 6.784927276334400403e-01
4.080215556781260355e-01 6.477773896174596757e-01
4.091052782693967993e-01 6.945513249695522973e-01
4.101890008606676741e-01 9.016185880451956791e-01
4.112727234519384933e-01 1.230556214833114836e+00
4.123564460432093681e-01 9.152214252895163327e-01
4.134401686344801319e-01 9.517363501551869831e-01
4.145238912257509512e-01 6.207609058436815985e-01
4.156076138170218259e-01 6.058817117129962071e-01
4.166913364082925897e-01 7.172458643733392591e-01
4.177750589995634645e-01 7.671558833182814396e-01
4.188587815908342837e-01 5.180352381017598873e-01
4.199425041821051585e-01 6.937410580406719873e-01
4.210262267733759223e-01 4.479564794073098710e-01
4.221099493646467415e-01 5.010066153876380213e-01
4.231936719559176163e-01 4.100582277103796969e-01
4.242773945471884911e-01 5.194310701756279514e-01
4.253611171384592549e-01 4.066588208950747685e-01
4.264448397297300741e-01 3.329671757101948515e-01
4.275285623210009489e-01 3.420829007675081357e-01
4.286122849122717127e-01 1.154981324011870925e+00
4.296960075035425319e-01 8.042323246841931450e-01
4.307797300948134067e-01 7.256638830933184181e-01
4.318634526860842815e-01 6.382996947544512523e-01
4.329471752773550453e-01 5.707722881259797987e-01
4.340308978686258645e-01 6.397958265452530213e-01
4.351146204598967393e-01 8.346187501165474032e-01
4.361983430511675031e-01 1.197855603462485874e+00
4.372820656424383223e-01 7.060193814569970527e-01
4.383657882337091971e-01 2.429200069994550404e-01
4.394495108249800719e-01 5.971467925627536033e-01
4.405332334162508356e-01 8.598393182608532470e-01
4.416169560075216549e-01 7.857779407043921083e-01
4.427006785987925297e-01 1.024701774191640880e+00
4.437844011900632935e-01 1.493737401529500630e+00
4.448681237813341127e-01 1.317738280090736680e+00
4.459518463726049875e-01 8.384601081114624321e-01
4.470355689638758623e-01 7.506297960938468350e-01
4.481192915551466260e-01 8.092800841712630699e-01
4.492030141464174453e-01 3.364431262863263328e-01
4.502867367376883201e-01 6.063190618763769635e-01
4.513704593289590838e-01 4.710891709658540094e-01
4.524541819202299031e-01 4.316153221807326190e-01
4.535379045115007779e-01 4.293606695939473639e-01
4.546216271027716527e-01 5.748735059816709736e-01
4.557053496940424164e-01 5.251482811378593851e-01
4.567890722853132357e-01 4.390656514628830109e-01
4.578727948765841105e-01 4.077527840034207429e-01
4.589565174678548742e-01 3.210371442659436525e-01
4.600402400591256935e-01 1.249520643614943083e-01
4.611239626503965683e-01 6.585683701008804292e-01
4.622076852416674431e-01 9.705295842592818190e-01
4.632914078329382068e-01 8.054778877958170824e-01
4.643751304242090261e-01 9.337756149318323651e-01
4.654588530154799009e-01 8.915319884909536086e-01
4.665425756067506646e-01 5.601068362794450195e-01
4.676262981980214839e-01 6.366730454670062045e-01
4.687100207892923587e-01 2.164528723218808182e-01
4.697937433805632335e-01 2.751968651865865922e-01
4.708774659718339972e-01 4.449639750934721860e-01
4.719611885631048165e-01 2.234605487649190536e-01
4.730449111543756913e-01 7.653732263496095811e-01
4.741286337456464550e-01 1.214659557564829129e+00
4.752123563369172743e-01 6.212858585535911971e-01
4.762960789281881491e-01 6.930759500705931941e-01
4.773798015194590239e-01 9.941037635948646312e-01
4.784635241107297876e-01 8.690956088199044416e-01
4.795472467020006069e-01 7.106217486774397685e-01
4.806309692932714817e-01 6.748556228442623706e-01
4.817146918845422454e-01 9.374851254023752745e-01
4.827984144758130647e-01 1.099696858966396462e+00
4.838821370670839395e-01 9.692121926012902122e-01
4.849658596583548142e-01 7.436548066058321638e-01
4.860495822496255780e-01 1.010755365919976612e+00
4.871333048408963973e-01 1.068956491909645479e+00
4.882170274321672720e-01 7.744938211749854418e-01
4.893007500234380358e-01 8.125457339982347094e-01
4.903844726147088551e-01 1.003925796489454569e+00
4.914681952059797299e-01 1.037899619489436986e+00
4.925519177972506046e-01 1.193157008020122589e+00
4.936356403885213684e-01 1.121343346809922537e+00
4.947193629797921877e-01 8.213925147544216543e-01
4.958030855710630624e-01 7.500721555757507986e-01
4.968868081623338262e-01 7.822494271349285100e-01
4.979705307536046455e-01 5.600216501018877580e-01
4.990542533448755202e-01 6.657064970777639701e-01
5.001379759361463950e-01 7.200729535225889322e-01
5.012216985274171588e-01 6.983541743618388864e-01
5.023054211186880336e-01 9.856958894093992285e-01
5.033891437099587973e-01 5.646668413082664983e-01
5.044728663012295611e-01 5.387876964875317753e-01
5.055565888925004359e-01 1.042621313294702645e+00
5.066403114837713106e-01 1.214157780475829895e+00
5.077240340750421854e-01 7.153595432785095909e-01
5.088077566663129492e-01 7.054205184767141645e-01
5.098914792575838240e-01 8.026157634695323395e-01
5.109752018488545877e-01 9.984013071263859729e-01
5.120589244401253515e-01 6.614524239721077947e-01
5.131426470313962263e-01 5.575051306663851847e-01
5.142263696226671010e-01 5.848857726596037310e-01
5.153100922139379758e-01 5.576485845824663556e-01
5.163938148052087396e-01 5.540729483066400007e-01
5.174775373964796144e-01 6.284603383226397000e-01
5.185612599877503781e-01 1.014743986157270683e+00
5.196449825790211419e-01 1.007334570284044162e+00
5.207287051702920166e-01 9.008804150378182385e-01
5.218124277615628914e-01 1.067282597688517853e+00
5.228961503528337662e-01 9.352176931202649257e-01
5.239798729441045300e-01 8.966781320349070938e-01
5.250635955353754047e-01 7.370556254504094795e-01
5.261473181266461685e-01 8.653237197231504751e-01
5.272310407179169323e-01 1.140245200239959900e+00
5.283147633091878070e-01 9.310399217675211503e-01
5.293984859004586818e-01 5.817861824726122677e-01
5.304822084917295566e-01 4.288753618034490955e-01
5.315659310830003204e-01 7.489367045393748867e-01
5.326496536742711951e-01 9.739442714224111342e-01
5.337333762655419589e-01 9.906887199166760638e-01
5.348170988568127227e-01 1.037985400529692015e+00
5.359008214480835974e-01 6.582624467943531954e-01
5.369845440393544722e-01 9.114842204158293271e-01
5.380682666306253470e-01 8.138283567933086715e-01
5.391519892218961107e-01 6.887725337800389980e-01
5.402357118131669855e-01 5.345522167610852193e-01
5.413194344044377493e-01 4.244330429962559492e-01
5.424031569957085130e-01 4.060511843860723502e-01
5.434868795869793878e-01 6.616325072733246770e-01
5.445706021782502626e-01 6.715897337118974519e-01
5.456543247695211374e-01 7.013591798453262527e-01
5.467380473607919011e-01 8.377684313700370922e-01
5.478217699520627759e-01 1.306876489874696290e+00
5.489054925433335397e-01 1.177345720084446157e+00
5.499892151346043034e-01 1.070147070260503597e+00
5.510729377258751782e-01 8.094589840681862825e-01
5.521566603171460530e-01 6.725634977819510141e-01
5.532403829084169278e-01 8.357795946552784017e-01
5.543241054996876915e-01 6.854699061938873683e-01
5.554078280909585663e-01 7.345029537034122313e-01
5.564915506822293301e-01 1.012385826022139668e+00
5.575752732735000938e-01 6.482869741002730279e-01
5.586589958647709686e-01 9.238519459919416477e-01
5.597427184560418434e-01 9.345198080121832618e-01
5.608264410473127182e-01 8.879670279755345064e-01
5.619101636385834819e-01 7.508416535110313816e-01
5.629938862298543567e-01 4.483032418295778143e-01
5.640776088211251205e-01 7.882755028360008964e-01
5.651613314123958842e-01 1.201382918424314994e+00
5.662450540036667590e-01 1.060074896310325698e+00
5.673287765949376338e-01 1.009188696624818249e+00
5.684124991862085086e-01 7.626330299594457074e-01
5.694962217774792723e-01 4.979770652240631534e-01
5.705799443687501471e-01 4.353935520489642386e-01
5.716636669600209109e-01 3.888217755772416240e-01
5.727473895512916746e-01 7.408876886565423092e-01
5.738311121425625494e-01 8.428814276944649464e-01
5.749148347338334242e-01 8.198623258592618868e-01
5.759985573251042990e-01 5.811085404067597437e-01
5.770822799163750627e-01 8.409309774865931786e-01
5.781660025076459375e-01 7.782098075365837531e-01
5.792497250989167012e-01 1.115078603401926216e+00
5.803334476901874650e-01 1.322764476651897780e+00
5.814171702814583398e-01 1.205859695809621712e+00
5.825008928727292146e-01 1.024479606781540042e+00
5.835846154640000893e-01 1.120398873225767034e+00
5.846683380552708531e-01 8.803201340635666838e-01
5.857520606465417279e-01 8.990356833151196270e-01
5.868357832378124916e-01 9.244745699900960290e-01
5.879195058290832554e-01 8.088875875644419011e-01
5.890032284203541302e-01 9.637455477873544396e-01
5.900869510116250050e-01 9.325116527697190349e-01
5.911706736028958797e-01 6.878903435389389642e-01
5.922543961941666435e-01 6.702285053645056223e-01
5.933381187854375183e-01 8.508804999457169060e-01
5.944218413767082820e-01 1.157162160995270028e+00
5.955055639679790458e-01 1.025466571573986130e+00
5.965892865592499206e-01 9.159443226365624469e-01
5.976730091505207954e-01 1.197378994595354129e+00
5.987567317417916701e-01 1.059551886298606860e+00
5.998404543330624339e-01 7.095215656667477333e-01
