# q (1/angstrom), Intensity (arb)
2.004886800316986462e-02 6.455890525650282541e+01
2.113259059444069429e-02 7.892393709189768458e+01
2.221631318571152050e-02 8.847996205746716214e+01
2.330003577698234671e-02 9.246891263125307603e+01
2.438375836825317292e-02 9.721516160627761849e+01
2.546748095952399912e-02 1.008815783728681197e+02
2.655120355079482186e-02 1.057945245889544594e+02
2.763492614206565501e-02 1.129861919377835875e+02
2.871864873333647775e-02 1.162569202093144867e+02
2.980237132460730742e-02 1.163413952843500283e+02
3.088609391587813363e-02 1.158523965046475297e+02
3.196981650714896678e-02 1.180850025407446253e+02
3.305353909841978605e-02 1.179866250079727337e+02
3.413726168969061919e-02 1.181914694790893634e+02
3.522098428096144540e-02 1.204344151633121669e+02
3.630470687223227161e-02 1.192364668353374384e+02
3.738842946350309782e-02 1.206897390499304379e+02
3.847215205477392402e-02 1.208020872057494444e+02
3.955587464604475717e-02 1.226231994821611408e+02
4.063959723731558338e-02 1.238525990052592221e+02
4.172331982858640959e-02 1.249038300605870262e+02
4.280704241985723579e-02 1.256730559514780339e+02
4.389076501112806894e-02 1.259766914413479668e+02
4.497448760239888821e-02 1.246193895275101795e+02
4.605821019366971442e-02 1.229837924060313412e+02
4.714193278494054756e-02 1.241010566261690116e+02
4.822565537621137377e-02 1.252130414390868793e+02
4.930937796748219998e-02 1.250504674213123195e+02
5.039310055875302619e-02 1.250467395134137973e+02
5.147682315002385933e-02 1.270142275302015236e+02
5.256054574129467860e-02 1.278529627442875380e+02
5.364426833256550481e-02 1.270169254189345907e+02
5.472799092383633796e-02 1.265882156103408391e+02
5.581171351510716416e-02 1.250653403045149190e+02
5.689543610637798343e-02 1.245926118012130388e+02
5.797915869764881658e-02 1.233874794958037739e+02
5.906288128891964972e-02 1.212399290055568599e+02
6.014660388019047593e-02 1.208859213566251327e+02
6.123032647146129520e-02 1.212029301634272827e+02
6.231404906273212835e-02 1.199904436158333709e+02
6.339777165400295456e-02 1.186386132661046418e+02
6.448149424527377382e-02 1.189242223480030276e+02
6.556521683654460697e-02 1.177716199844527694e+02
6.664893942781544012e-02 1.167811884273967422e+02
6.773266201908627326e-02 1.158867186155425770e+02
6.881638461035709253e-02 1.149052348998550741e+02
6.990010720162791180e-02 1.127242528548834457e+02
7.098382979289874495e-02 1.103782076838304818e+02
7.206755238416956422e-02 1.092688921839369840e+02
7.315127497544039736e-02 1.087134050992283392e+02
7.423499756671123051e-02 1.078206711050959967e+02
7.531872015798206366e-02 1.061576068651830411e+02
7.640244274925288293e-02 1.057705736900644240e+02
7.748616534052371607e-02 1.046668763130138302e+02
7.856988793179453534e-02 1.024473332259638596e+02
7.965361052306535461e-02 1.018403780304313244e+02
8.073733311433618776e-02 1.011014327911149877e+02
8.182105570560702090e-02 9.952659198096051796e+01
8.290477829687785405e-02 9.756149427381514272e+01
8.398850088814867332e-02 9.472230768973557247e+01
8.507222347941950646e-02 9.327619702045969063e+01
8.615594607069032573e-02 9.225185214829041058e+01
8.723966866196115888e-02 9.162785877316987637e+01
8.832339125323197815e-02 9.052962632884033667e+01
8.940711384450281130e-02 8.793913204356526592e+01
9.049083643577364444e-02 8.701955492810614601e+01
9.157455902704446371e-02 8.625951432082300130e+01
9.265828161831529686e-02 8.510806406941027547e+01
9.374200420958611613e-02 8.271801989670352384e+01
9.482572680085694927e-02 8.194198632285673511e+01
9.590944939212776854e-02 8.059756950417154542e+01
9.699317198339860169e-02 8.056293952890139565e+01
9.807689457466943483e-02 7.878502262027177494e+01
9.916061716594025410e-02 7.808165886159699198e+01
1.002443397572110872e-01 7.622089990289568107e+01
1.013280623484819065e-01 7.565774564518719103e+01
1.024117849397527397e-01 7.293071595532993001e+01
1.034955075310235728e-01 7.121279113218994894e+01
1.045792301222943782e-01 7.067087386462502252e+01
1.056629527135652113e-01 6.922919808800781993e+01
1.067466753048360445e-01 6.804947925753300808e+01
1.078303978961068776e-01 6.616561993191305646e+01
1.089141204873776969e-01 6.470470870509981864e+01
1.099978430786485301e-01 6.379463417068282638e+01
1.110815656699193632e-01 6.238455492001921243e+01
1.121652882611901964e-01 6.176890076088670867e+01
1.132490108524610017e-01 6.056077929361794077e+01
1.143327334437318349e-01 5.967402876794942301e+01
1.154164560350026680e-01 5.882808396897330283e+01
1.165001786262734873e-01 5.767658928226180137e+01
1.175839012175443204e-01 5.664909070169096594e+01
1.186676238088151536e-01 5.460549905017671790e+01
1.197513464000859867e-01 5.233438099209558914e+01
1.208350689913567921e-01 5.220636378215590412e+01
1.219187915826276253e-01 5.187440397995536046e+01
1.230025141738984584e-01 5.072786377781685019e+01
1.240862367651692777e-01 4.850069507796757762e+01
1.251699593564401247e-01 4.777902420937220995e+01
1.262536819477109440e-01 4.618472922915984213e+01
1.273374045389817633e-01 4.508270744024375176e+01
1.284211271302525825e-01 4.402006986943047195e+01
1.295048497215234018e-01 4.314456932882370666e+01
1.305885723127942488e-01 4.290631115140203633e+01
1.316722949040650681e-01 4.195792825975524920e+01
1.327560174953359151e-01 4.103946916369301334e+01
1.338397400866067344e-01 3.973557632728176259e+01
1.349234626778775537e-01 3.880090831601728496e+01
1.360071852691483729e-01 3.726603446816295673e+01
1.370909078604191922e-01 3.605553517003207276e+01
1.381746304516900392e-01 3.530476164393678573e+01
1.392583530429608585e-01 3.429181306661763529e+01
1.403420756342317055e-01 3.371372525652958529e+01
1.414257982255025248e-01 3.314952778476421713e+01
1.425095208167733440e-01 3.319314863809734106e+01
1.435932434080441633e-01 3.208073994476323776e+01
1.446769659993149826e-01 3.089805149085701430e+01
1.457606885905858296e-01 2.929877009553848666e+01
1.468444111818566489e-01 2.860043210782529854e+01
1.479281337731274959e-01 2.763267202364551167e+01
1.490118563643983152e-01 2.751607178084577754e+01
1.500955789556691622e-01 2.621372386888370443e+01
1.511793015469399537e-01 2.387607006401486842e+01
1.522630241382108007e-01 2.337660469990646561e+01
1.533467467294816200e-01 2.433517893475315930e+01
1.544304693207524393e-01 2.461896096790302124e+01
1.555141919120232863e-01 2.357683078370226326e+01
1.565979145032941056e-01 2.194160632037312553e+01
1.576816370945649526e-01 2.054194817648016169e+01
1.587653596858357441e-01 2.054314418641592965e+01
1.598490822771065911e-01 2.051333397527669433e+01
1.609328048683774104e-01 2.027681757627821924e+01
1.620165274596482297e-01 1.890642826093471740e+01
1.631002500509190767e-01 1.820693212662800420e+01
1.641839726421898960e-01 1.869330815543173685e+01
1.652676952334607430e-01 1.799111950375507263e+01
1.663514178247315345e-01 1.665942759735639811e+01
1.674351404160023815e-01 1.623521379677301013e+01
1.685188630072732008e-01 1.585751977688487102e+01
1.696025855985440201e-01 1.613668211551321008e+01
1.706863081898148671e-01 1.506972615962003204e+01
1.717700307810856863e-01 1.518839763287205358e+01
1.728537533723565334e-01 1.472547907062327965e+01
1.739374759636273526e-01 1.373861642208734679e+01
1.750211985548981719e-01 1.308912922835320103e+01
1.761049211461689912e-01 1.249456936120544981e+01
1.771886437374398104e-01 1.223026984242029869e+01
1.782723663287106575e-01 1.147953966661778225e+01
1.793560889199814767e-01 1.085192410207326930e+01
1.804398115112523238e-01 1.095105758256262618e+01
1.815235341025231430e-01 1.045344626145613631e+01
1.826072566937939623e-01 9.973913425544211009e+00
1.836909792850647816e-01 9.593488118443133317e+00
1.847747018763356008e-01 9.029210779332586867e+00
1.858584244676064479e-01 8.803163886681602435e+00
1.869421470588772671e-01 8.699954675266013737e+00
1.880258696501481142e-01 8.701231701435617083e+00
1.891095922414189334e-01 8.386665813234728262e+00
1.901933148326897527e-01 8.199136911140172401e+00
1.912770374239605720e-01 7.833338765837581263e+00
1.923607600152313912e-01 8.172037706040640614e+00
1.934444826065022383e-01 8.716581036382024195e+00
1.945282051977730575e-01 7.409000853398737263e+00
1.956119277890439045e-01 7.138577637317013114e+00
1.966956503803147238e-01 7.006554098506157402e+00
1.977793729715855431e-01 5.592251708009570166e+00
1.988630955628563624e-01 5.212694705312017618e+00
1.999468181541271816e-01 5.618227942870902325e+00
2.010305407453980286e-01 5.340704165267254666e+00
2.021142633366688757e-01 4.889871118656301974e+00
2.031979859279396949e-01 4.503939090119729372e+00
2.042817085192105420e-01 5.778748151561046598e+00
2.053654311104813335e-01 5.462628664322778604e+00
2.064491537017522083e-01 4.921920168932402362e+00
2.075328762930229998e-01 4.692779374123929870e+00
2.086165988842938190e-01 4.035129843644952530e+00
2.097003214755646661e-01 4.196720080147201770e+00
2.107840440668354853e-01 5.052983377949061605e+00
2.118677666581063324e-01 4.249130224169917369e+00
2.129514892493771239e-01 3.275965713948735925e+00
2.140352118406479986e-01 3.834534027814925139e+00
2.151189344319187902e-01 4.254615576033913271e+00
2.162026570231896372e-01 2.931000813706006625e+00
2.172863796144604565e-01 2.329254453638569089e+00
2.183701022057312757e-01 3.385310829703200852e+00
2.194538247970021227e-01 3.502015363824128258e+00
2.205375473882729143e-01 2.990928025295332304e+00
2.216212699795437890e-01 2.476756148427938342e+00
2.227049925708145806e-01 2.806167072411739127e+00
2.237887151620854276e-01 2.892169337919455074e+00
2.248724377533562468e-01 2.277673937511281110e+00
2.259561603446270661e-01 2.220398444169745744e+00
2.270398829358979131e-01 2.299693798567702174e+00
2.281236055271687047e-01 2.096422108582245869e+00
2.292073281184395794e-01 1.839658380589270337e+00
2.302910507097103709e-01 2.113087284633351715e+00
2.313747733009812180e-01 1.924240748750648322e+00
2.324584958922520372e-01 1.795757533289446428e+00
2.335422184835228565e-01 1.984501667015095450e+00
2.346259410747937035e-01 1.982514021432990603e+00
2.357096636660644950e-01 1.776843642900402642e+00
2.367933862573353698e-01 1.908183667364085068e+00
2.378771088486061613e-01 1.889415490308195444e+00
2.389608314398770084e-01 1.782353698959099120e+00
2.400445540311478276e-01 1.886841563615448081e+00
2.411282766224186469e-01 1.660811809932653205e+00
2.422119992136894939e-01 1.962545192176378350e+00
2.432957218049602854e-01 1.567611208773712406e+00
2.443794443962311602e-01 1.793265193128533497e+00
2.454631669875019517e-01 2.506166395117602974e+00
2.465468895787727988e-01 1.747860306891439564e+00
2.476306121700436180e-01 1.594202872420950712e+00
2.487143347613144373e-01 1.354690561863321818e+00
2.497980573525852843e-01 1.450775957765998214e+00
2.508817799438560758e-01 1.805359812986210954e+00
2.519655025351269506e-01 1.553524721829163013e+00
2.530492251263977699e-01 1.683161014969314806e+00
2.541329477176685891e-01 2.027563657479632298e+00
2.552166703089394084e-01 1.668471207467021600e+00
2.563003929002102277e-01 1.419983030596981166e+00
2.573841154914810470e-01 1.593426397129022121e+00
2.584678380827518662e-01 1.772287351128284172e+00
2.595515606740227410e-01 2.013957926456853897e+00
2.606352832652935603e-01 1.592030317564407937e+00
2.617190058565643795e-01 1.328962336823792612e+00
2.628027284478351988e-01 1.599009729566930105e+00
2.638864510391060181e-01 1.012905289044212509e+00
2.649701736303768373e-01 2.203630144259278723e-01
2.660538962216476566e-01 7.474472455278515781e-01
2.671376188129185314e-01 1.119046379021156667e+00
2.682213414041893507e-01 1.420570758003378842e+00
2.693050639954601699e-01 2.138177701069466252e+00
2.703887865867309892e-01 1.867398315101965522e+00
2.714725091780018085e-01 1.029525649075736737e+00
2.725562317692726277e-01 1.014741004814766256e+00
2.736399543605434470e-01 7.391834477727741159e-01
2.747236769518143218e-01 6.733933003992405020e-01
2.758073995430851411e-01 1.055357468182336333e+00
2.768911221343559603e-01 1.382879072001927057e+00
2.779748447256267796e-01 1.168402852415269422e+00
2.790585673168975989e-01 1.209550620701364210e+00
2.801422899081684181e-01 1.469347090599370631e+00
2.812260124994392374e-01 1.199015691795153771e+00
2.823097350907101122e-01 1.621609235894808876e+00
2.833934576819809315e-01 1.936645366985629835e+00
2.844771802732517507e-01 2.077320090888377990e+00
2.855609028645225700e-01 1.796721754917285807e+00
2.866446254557933893e-01 1.414611482598544967e+00
2.877283480470642085e-01 1.355082618142859019e+00
2.888120706383350278e-01 1.587710561140099230e+00
2.898957932296059026e-01 1.791329816727099455e+00
2.909795158208767218e-01 1.881337517603569154e+00
2.920632384121475411e-01 1.547790174773069793e+00
2.931469610034183604e-01 1.006059176169657121e+00
2.942306835946891796e-01 9.496335440528866911e-01
2.953144061859599989e-01 1.292265254242835226e+00
2.963981287772308182e-01 1.818466920787855656e+00
2.974818513685016930e-01 1.565306130145401653e+00
2.985655739597725122e-01 1.312895071562493854e+00
2.996492965510433315e-01 1.395779283331393117e+00
3.007330191423141508e-01 1.610699226078935453e+00
3.018167417335849700e-01 1.973737385126327126e+00
3.029004643248558448e-01 1.998583055270145792e+00
3.039841869161266086e-01 1.895007303271867727e+00
3.050679095073974834e-01 1.941491590210929985e+00
3.061516320986683026e-01 1.760628878775165163e+00
3.072353546899391219e-01 1.630731741172169791e+00
3.083190772812099412e-01 2.270753592792388531e+00
3.094027998724807604e-01 1.634049476862543315e+00
3.104865224637516352e-01 1.659866831133811615e+00
3.115702450550223990e-01 1.407510391197419608e+00
3.126539676462932738e-01 1.308682047353158850e+00
3.137376902375640930e-01 1.992419066544556472e+00
3.148214128288349123e-01 1.916371162780706072e+00
3.159051354201057316e-01 1.309197451306118865e+00
3.169888580113765508e-01 1.002060484142432983e+00
3.180725806026474256e-01 9.986399378261978654e-01
3.191563031939181894e-01 1.084887013492618735e+00
3.202400257851890641e-01 1.498223470640340338e+00
3.213237483764598834e-01 1.631971989080113872e+00
3.224074709677307027e-01 8.947275070971585365e-01
3.234911935590015220e-01 9.049668199179308203e-01
3.245749161502723412e-01 1.649305404556500321e+00
3.256586387415432160e-01 1.499967901697885964e+00
3.267423613328139798e-01 1.207809074618907630e+00
3.278260839240848545e-01 1.196061274205902691e+00
3.289098065153556738e-01 7.051424094452869440e-01
3.299935291066264931e-01 7.183947344583145878e-01
3.310772516978973123e-01 1.062460921377947898e+00
3.321609742891681316e-01 1.285982911631947445e+00
3.332446968804390064e-01 1.214420792452457931e+00
3.343284194717097701e-01 1.203562694544061173e+00
3.354121420629806449e-01 1.213875177696209562e+00
3.364958646542514642e-01 1.413143794828982891e+00
3.375795872455222835e-01 1.064246918095804517e+00
3.386633098367931027e-01 1.006876519653701507e+00
3.397470324280639220e-01 1.180830267383200294e+00
3.408307550193347968e-01 6.696506673366684481e-01
3.419144776106055605e-01 8.565216747645223450e-01
3.429982002018764353e-01 1.174075829911757296e+00
3.440819227931472546e-01 6.157101675085669967e-01
3.451656453844180739e-01 1.025375929588165036e+00
3.462493679756888931e-01 1.319511987042361056e+00
3.473330905669597679e-01 9.422303009325503353e-01
3.484168131582305872e-01 7.346079552930859791e-01
3.495005357495013509e-01 1.149156077609021054e+00
3.505842583407722257e-01 1.368369595803628158e+00
3.516679809320430450e-01 1.191228854111059832e+00
3.527517035233138643e-01 1.528351552369016986e+00
3.538354261145846835e-01 1.280877586435380522e+00
3.549191487058555583e-01 1.234951342109610550e+00
3.560028712971263776e-01 1.141986390924927264e+00
3.570865938883971413e-01 8.118726909533364733e-01
3.581703164796680161e-01 1.389741507069246040e+00
3.592540390709388354e-01 8.790186016495056265e-01
3.603377616622096546e-01 6.043128682273106733e-01
3.614214842534804739e-01 6.024890499691935020e-01
3.625052068447513487e-01 5.026062244764801790e-01
3.635889294360221680e-01 8.495846691610466905e-01
3.646726520272929317e-01 9.080233199591560833e-01
3.657563746185638065e-01 9.925119097727872486e-01
3.668400972098346258e-01 1.100600161523587417e+00
3.679238198011054450e-01 1.078353194439216622e+00
3.690075423923762643e-01 1.103166810192533376e+00
3.700912649836471391e-01 1.266714946802096620e+00
3.711749875749179584e-01 7.826775225134809943e-01
3.722587101661887221e-01 7.515332527280662589e-01
3.733424327574595969e-01 9.299664766669621940e-01
3.744261553487304162e-01 5.545514972577620938e-01
3.755098779400012354e-01 4.900109929621550009e-01
3.765936005312720547e-01 8.907830652286037321e-01
3.776773231225429295e-01 8.686573107452062459e-01
3.787610457138137487e-01 7.845156089954485878e-01
3.798447683050845125e-01 6.542848973796822065e-01
3.809284908963553873e-01 3.102193704931011098e-01
3.820122134876262066e-01 6.871826961071150208e-01
3.830959360788970258e-01 8.745153759694943574e-01
3.841796586701678451e-01 7.959863397475714919e-01
3.852633812614387199e-01 7.581630577660547488e-01
3.863471038527095391e-01 1.052904990008471486e+00
3.874308264439803029e-01 1.018165198541723271e+00
3.885145490352511777e-01 6.238493502651039080e-01
3.895982716265219969e-01 6.719425905907883134e-01
3.906819942177928162e-01 4.671909173119246361e-01
3.917657168090636355e-01 3.366259901555110901e-01
3.928494394003345103e-01 5.972257559793092696e-01
3.939331619916053295e-01 7.639594196722043762e-01
3.950168845828760933e-01 6.071157900618970871e-01
3.961006071741469681e-01 5.919280591595139640e-01
3.971843297654177873e-01 9.084606407583208920e-01
3.982680523566886066e-01 8.590815555578359408e-01
3.993517749479594259e-01 5.487837517839437851e-01
4.004354975392302451e-01 7.896736700924691377e-01
4.015192201305010089e-01 1.106209905849269148e+00
4.026029427217718837e-01 1.046940637399686125e+00
4.036866653130427030e-01 3.483485526839444901e-01
4.047703879043135777e-01 5.150528768266298130e-01
4.058541104955843415e-01 6.138055110224343025e-01
4.069378330868551608e-01 8.309453456655830905e-01
4.080215556781260355e-01 9.732398784000793057e-01
4.091052782693967993e-01 5.938785980736440706e-01
4.101890008606676741e-01 9.448218830105901134e-01
4.112727234519384933e-01 1.350022291236356864e+00
4.123564460432093681e-01 1.284111600099905104e+00
4.134401686344801319e-01 1.125487964116700823e+00
4.145238912257509512e-01 7.530182048684963547e-01
4.156076138170218259e-01 4.780854198197772575e-01
4.166913364082925897e-01 7.819216755608380254e-01
4.177750589995634645e-01 9.900564777776423853e-01
4.188587815908342837e-01 1.153979902226282661e+00
4.199425041821051585e-01 8.913913782658511309e-01
4.210262267733759223e-01 5.998975291144574840e-01
4.221099493646467415e-01 8.109513300767616784e-01
4.231936719559176163e-01 3.824529496660034056e-01
4.242773945471884911e-01 5.365821819726193098e-01
4.253611171384592549e-01 7.324957101382523206e-01
4.264448397297300741e-01 6.487086065190652562e-01
4.275285623210009489e-01 5.210640802571617769e-01
4.286122849122717127e-01 5.300112072106628602e-01
4.296960075035425319e-01 3.471649061874586550e-01
4.307797300948134067e-01 3.747142707681092588e-01
4.318634526860842815e-01 4.504295151569124300e-01
4.329471752773550453e-01 1.094588397688127657e+00
4.340308978686258645e-01 1.084108772074998228e+00
4.351146204598967393e-01 6.723931469028343599e-01
4.361983430511675031e-01 7.979733068158054721e-01
4.372820656424383223e-01 6.983471167752099973e-01
4.383657882337091971e-01 7.845446729159704091e-01
4.394495108249800719e-01 8.363862650685121025e-01
4.405332334162508356e-01 7.400300664103696135e-01
4.416169560075216549e-01 5.241203349398233513e-01
4.427006785987925297e-01 2.920591339100298001e-01
4.437844011900632935e-01 5.457824423298660577e-01
4.448681237813341127e-01 9.193550488610640059e-01
4.459518463726049875e-01 9.410700936358011859e-01
4.470355689638758623e-01 5.176974337212527644e-01
4.481192915551466260e-01 6.299757345923779894e-01
4.492030141464174453e-01 6.889276878257817316e-01
4.502867367376883201e-01 8.414084369773036087e-01
4.513704593289590838e-01 1.045954318284287865e+00
4.524541819202299031e-01 9.609801365993462241e-01
4.535379045115007779e-01 7.373402682151208865e-01
4.546216271027716527e-01 6.261704586426191099e-01
4.557053496940424164e-01 4.783119136942417526e-01
4.567890722853132357e-01 6.146341040032012870e-01
4.578727948765841105e-01 7.536419799384503904e-01
4.589565174678548742e-01 8.294466459084901544e-01
4.600402400591256935e-01 5.562074991413652469e-01
4.611239626503965683e-01 7.645206776873578747e-01
4.622076852416674431e-01 7.770198819405038648e-01
4.632914078329382068e-01 4.850509880719613420e-01
4.643751304242090261e-01 2.500674846807839913e-01
4.654588530154799009e-01 6.035519746256170492e-01
4.665425756067506646e-01 8.430996858315609188e-01
4.676262981980214839e-01 7.626051534209636884e-01
4.687100207892923587e-01 6.622395457012260067e-01
4.697937433805632335e-01 7.604002004747485444e-01
4.708774659718339972e-01 5.351981475983649261e-01
4.719611885631048165e-01 3.085112633482225419e-01
4.730449111543756913e-01 6.315077331412339845e-01
4.741286337456464550e-01 5.577273122599848421e-01
4.752123563369172743e-01 2.022932464258104801e-01
4.762960789281881491e-01 4.334857296472733879e-01
4.773798015194590239e-01 8.264140149289147530e-01
4.784635241107297876e-01 7.278185707325945941e-01
4.795472467020006069e-01 5.426052044908828975e-01
4.806309692932714817e-01 3.036591292745214332e-01
4.817146918845422454e-01 5.500733134540354285e-01
4.827984144758130647e-01 5.229873785442578082e-01
4.838821370670839395e-01 1.069836409083805506e+00
4.849658596583548142e-01 9.202118181445655409e-01
4.860495822496255780e-01 9.075429911459167442e-01
4.871333048408963973e-01 7.546882722398606802e-01
4.882170274321672720e-01 8.017434350306160695e-01
4.893007500234380358e-01 6.557982720651693853e-01
4.903844726147088551e-01 5.329567266630164113e-01
4.914681952059797299e-01 6.544197653132073356e-01
4.925519177972506046e-01 9.065510086454651173e-01
4.936356403885213684e-01 4.753776680018688694e-01
4.947193629797921877e-01 2.920996980823531430e-01
4.958030855710630624e-01 3.378409828980295515e-01
4.968868081623338262e-01 2.955186447040745179e-01
4.979705307536046455e-01 6.533094086045423410e-01
4.990542533448755202e-01 8.113149118340459154e-01
5.001379759361463950e-01 4.381911687687249923e-01
5.012216985274171588e-01 4.262500012588361642e-01
5.023054211186880336e-01 7.990411901488698732e-01
5.033891437099587973e-01 5.358005026227772305e-01
5.044728663012295611e-01 8.187265396286420582e-01
5.055565888925004359e-01 6.261680896241159644e-01
5.066403114837713106e-01 3.745624958455380238e-01
5.077240340750421854e-01 3.300170334170076103e-01
5.088077566663129492e-01 3.995773801995596841e-01
5.098914792575838240e-01 4.297868408658160888e-01
5.109752018488545877e-01 4.192001142012458104e-01
5.120589244401253515e-01 5.143160464543967691e-01
5.131426470313962263e-01 4.685723663997407584e-01
5.142263696226671010e-01 4.571162748532344722e-01
5.153100922139379758e-01 2.378081948388626188e-01
5.163938148052087396e-01 6.098393033465612234e-01
5.174775373964796144e-01 7.504116262646363111e-01
5.185612599877503781e-01 4.972403807083622951e-01
5.196449825790211419e-01 2.685261417154123365e-01
5.207287051702920166e-01 6.379000239089407387e-01
5.218124277615628914e-01 5.773368138994499077e-01
5.228961503528337662e-01 2.898738346209768224e-01
5.239798729441045300e-01 3.096345009364824818e-01
5.250635955353754047e-01 1.926894560398579870e-01
5.261473181266461685e-01 5.695731103574956933e-01
5.272310407179169323e-01 3.531974217249711501e-01
5.283147633091878070e-01 4.188687083129849498e-01
5.293984859004586818e-01 4.468165462293853807e-01
5.304822084917295566e-01 4.408050316669118729e-01
5.315659310830003204e-01 4.849406630146972930e-01
5.326496536742711951e-01 1.938697115853358355e-01
5.337333762655419589e-01 3.975577295950927237e-01
5.348170988568127227e-01 7.098137300272213679e-01
5.359008214480835974e-01 5.717335493143025360e-01
5.369845440393544722e-01 5.319286277241559446e-01
5.380682666306253470e-01 5.004605793305074712e-01
5.391519892218961107e-01 4.633760715657047058e-01
5.402357118131669855e-01 4.777154050161556142e-01
5.413194344044377493e-01 5.390155212410832064e-01
5.424031569957085130e-01 5.367668335371291732e-01
5.434868795869793878e-01 4.378159531567717977e-01
5.445706021782502626e-01 7.762547646562723003e-01
5.456543247695211374e-01 7.856398454399169395e-01
5.467380473607919011e-01 7.142572046429620514e-01
5.478217699520627759e-01 5.807479154278638589e-01
5.489054925433335397e-01 5.767812927823854352e-01
5.499892151346043034e-01 6.197300560066878461e-01
5.510729377258751782e-01 1.007510970127896144e-01
5.521566603171460530e-01 4.843725049464069343e-01
5.532403829084169278e-01 4.605288805375948868e-01
5.543241054996876915e-01 2.473721813979494755e-01
5.554078280909585663e-01 6.892791892455818470e-02
5.564915506822293301e-01 1.189945951919071376e-01
5.575752732735000938e-01 3.671446055739835401e-01
5.586589958647709686e-01 6.130967599257957090e-01
5.597427184560418434e-01 6.781496133595936726e-01
5.608264410473127182e-01 4.209725686281444723e-01
5.619101636385834819e-01 1.485141170637547248e-01
5.629938862298543567e-01 4.402552884472612504e-01
5.640776088211251205e-01 5.244609815144656295e-01
5.651613314123958842e-01 4.257034997815196675e-01
5.662450540036667590e-01 4.297926528741697894e-01
5.673287765949376338e-01 7.220030794898235627e-01
5.684124991862085086e-01 7.440590227066934403e-01
5.694962217774792723e-01 5.821803273534271739e-01
5.705799443687501471e-01 2.451104429082420211e-01
5.716636669600209109e-01 1.211528727504003200e-01
5.727473895512916746e-01 4.279327960315697510e-01
5.738311121425625494e-01 7.682355114027927812e-02
5.749148347338334242e-01 1.861976183687659159e-01
5.759985573251042990e-01 3.738162264841520255e-01
5.770822799163750627e-01 0.000000000000000000e+00
5.781660025076459375e-01 2.322214142935052905e-01
5.792497250989167012e-01 6.381685777396199910e-01
5.803334476901874650e-01 6.341433210274374233e-01
5.814171702814583398e-01 6.088831648363139948e-01
5.825008928727292146e-01 5.085613086168478958e-01
5.835846154640000893e-01 4.194675374100569343e-01
5.846683380552708531e-01 4.257479993618318304e-01
5.857520606465417279e-01 3.113878341507501091e-01
5.868357832378124916e-01 2.310108397434760263e-01
5.879195058290832554e-01 3.003237506134439627e-01
5.890032284203541302e-01 1.437174280164441598e-01
5.900869510116250050e-01 4.573971637379372623e-01
5.911706736028958797e-01 2.816544030768426410e-01
5.922543961941666435e-01 2.575772595420744437e-01
5.933381187854375183e-01 2.114101969507089507e-01
5.944218413767082820e-01 1.662899863084135177e-01
5.955055639679790458e-01 4.220248420041059489e-01
5.965892865592499206e-01 6.059566829748064265e-01
5.976730091505207954e-01 5.800268377643931217e-01
5.987567317417916701e-01 3.225606162222192097e-01
5.998404543330624339e-01 1.044111124525102241e-01
