# q (1/Angstrom), Intensity (arb)
2.029070354705860696e-02 2.797288274192635527e+01
2.133125244372399004e-02 2.880751143520376445e+01
2.237180134038937659e-02 2.932758170713856316e+01
2.341235023705475968e-02 2.597862168427272422e+01
2.445289913372014276e-02 2.491981133918582714e+01
2.549344803038552584e-02 2.437224592670264656e+01
2.653399692705091240e-02 2.335173183801063601e+01
2.757454582371629548e-02 2.354457963980134139e+01
2.861509472038167856e-02 2.335101045688352883e+01
2.965564361704706164e-02 2.202850134120706116e+01
3.069619251371244473e-02 2.243564831347963207e+01
3.173674141037782781e-02 2.103265449837223855e+01
3.277729030704321089e-02 2.047071151071062900e+01
3.381783920370859398e-02 2.072843063199286462e+01
3.485838810037397706e-02 2.076408189274128091e+01
3.589893699703936014e-02 1.963700470678491428e+01
3.693948589370474322e-02 1.968811585393761021e+01
3.798003479037012631e-02 1.867509608243079100e+01
3.902058368703550939e-02 1.859019037474025282e+01
4.006113258370089247e-02 1.859055898978474630e+01
4.110168148036627556e-02 1.848798159875970981e+01
4.214223037703165864e-02 1.868396471582035190e+01
4.318277927369704866e-02 1.861992360391828072e+01
4.422332817036243174e-02 1.896909317037520992e+01
4.526387706702781483e-02 1.749660311721027739e+01
4.630442596369319791e-02 1.770695428790656223e+01
4.734497486035858099e-02 1.721652129353604721e+01
4.838552375702396408e-02 1.803583433223828791e+01
4.942607265368934716e-02 1.723062317979654523e+01
5.046662155035473024e-02 1.664010678911742502e+01
5.150717044702011332e-02 1.708665353811593945e+01
5.254771934368549641e-02 1.739312252767906841e+01
5.358826824035087949e-02 1.669164405247211391e+01
5.462881713701626257e-02 1.635364963480283507e+01
5.566936603368164566e-02 1.588746037076781903e+01
5.670991493034702874e-02 1.665730120730049890e+01
5.775046382701241182e-02 1.627777630017348542e+01
5.879101272367779490e-02 1.641600616828100812e+01
5.983156162034317799e-02 1.644318627586096682e+01
6.087211051700856107e-02 1.590331659655559804e+01
6.191265941367394415e-02 1.665086187723927225e+01
6.295320831033933417e-02 1.649921656832366068e+01
6.399375720700471726e-02 1.631605078611847404e+01
6.503430610367010034e-02 1.609013912245764288e+01
6.607485500033548342e-02 1.623422391527798680e+01
6.711540389700086651e-02 1.676673103558925959e+01
6.815595279366624959e-02 1.732740752763437087e+01
6.919650169033163267e-02 1.771588587781793223e+01
7.023705058699701576e-02 1.800877909516898967e+01
7.127759948366239884e-02 1.869190877739806922e+01
7.231814838032778192e-02 1.990104861336636333e+01
7.335869727699316500e-02 2.151981654243001429e+01
7.439924617365854809e-02 2.334692814352557377e+01
7.543979507032393117e-02 2.689347815436965305e+01
7.648034396698931425e-02 3.258365795800559539e+01
7.752089286365469734e-02 4.187441435325695238e+01
7.856144176032008042e-02 5.841765964347523976e+01
7.960199065698546350e-02 8.437907644552606712e+01
8.064253955365084658e-02 1.160285587173974449e+02
8.168308845031622967e-02 1.585906859928932704e+02
8.272363734698161275e-02 2.250463257081665915e+02
8.376418624364699583e-02 3.096825105254127948e+02
8.480473514031239279e-02 3.552520502378848732e+02
8.584528403697777588e-02 3.108550627060483293e+02
8.688583293364315896e-02 2.227270124265163531e+02
8.792638183030854204e-02 1.569428148520835578e+02
8.896693072697392513e-02 1.223915299162679986e+02
9.000747962363930821e-02 1.036038831306016732e+02
9.104802852030469129e-02 9.174648972365358190e+01
9.208857741697007437e-02 8.308224195625925290e+01
9.312912631363545746e-02 7.672916095516006862e+01
9.416967521030084054e-02 7.222663826406166265e+01
9.521022410696622362e-02 7.118876852409871958e+01
9.625077300363160671e-02 6.932841011153020361e+01
9.729132190029698979e-02 6.731176378932264015e+01
9.833187079696237287e-02 6.058155679784555048e+01
9.937241969362775595e-02 4.936879851502106220e+01
1.004129685902931390e-01 3.911076875423255217e+01
1.014535174869585221e-01 3.146854229865883923e+01
1.024940663836239052e-01 2.698126819417993971e+01
1.035346152802892883e-01 2.386510750918711210e+01
1.045751641769546714e-01 2.098624248685518268e+01
1.056157130736200545e-01 1.834436524926395862e+01
1.066562619702854375e-01 1.634578972718698964e+01
1.076968108669508206e-01 1.500015278628560367e+01
1.087373597636162037e-01 1.322934731800260266e+01
1.097779086602815868e-01 1.156239084610660939e+01
1.108184575569469699e-01 1.060113581766456292e+01
1.118590064536123529e-01 9.037401963766818369e+00
1.128995553502777360e-01 8.309453312845981543e+00
1.139401042469431191e-01 8.195363423006817527e+00
1.149806531436085022e-01 7.251066836534839410e+00
1.160212020402738853e-01 6.724428103451771221e+00
1.170617509369392684e-01 6.199343111327529243e+00
1.181022998336046514e-01 5.658749122276951482e+00
1.191428487302700345e-01 5.059218423044796964e+00
1.201833976269354176e-01 4.421303681617679615e+00
1.212239465236008007e-01 4.527782769472125324e+00
1.222644954202661838e-01 4.322310315324521923e+00
1.233050443169315669e-01 4.101267654592390954e+00
1.243455932135969499e-01 3.564509299055259817e+00
1.253861421102623330e-01 3.672294535983716912e+00
1.264266910069277161e-01 3.447991252314061228e+00
1.274672399035930992e-01 3.407909499049665669e+00
1.285077888002584823e-01 3.201414066636836253e+00
1.295483376969238654e-01 3.111044527191992870e+00
1.305888865935892484e-01 3.323118119436720974e+00
1.316294354902546315e-01 3.487319806653729870e+00
1.326699843869200146e-01 4.063026868336457653e+00
1.337105332835853977e-01 4.261387467265755902e+00
1.347510821802507808e-01 4.845767251481234439e+00
1.357916310769161639e-01 6.119870270957008529e+00
1.368321799735815469e-01 7.778480927104460818e+00
1.378727288702469300e-01 9.264407829343213052e+00
1.389132777669123131e-01 8.894488490918959656e+00
1.399538266635776962e-01 7.134168219224363838e+00
1.409943755602430793e-01 5.738301580372741739e+00
1.420349244569084624e-01 5.108714688276556615e+00
1.430754733535738454e-01 4.642081393648432197e+00
1.441160222502392285e-01 3.992296330827045381e+00
1.451565711469046116e-01 3.501983567956031607e+00
1.461971200435699947e-01 3.644854091521203543e+00
1.472376689402353778e-01 3.377556206545726525e+00
1.482782178369007609e-01 3.361545598367030152e+00
1.493187667335661439e-01 3.675463453408731596e+00
1.503593156302315270e-01 3.902460882915114837e+00
1.513998645268969101e-01 4.216281382318044280e+00
1.524404134235622932e-01 3.979896512559797372e+00
1.534809623202276763e-01 4.400266155791840106e+00
1.545215112168930593e-01 4.388103411970682544e+00
1.555620601135584424e-01 5.141272315108949442e+00
1.566026090102238255e-01 5.846289992704683414e+00
1.576431579068892086e-01 7.690080558717987458e+00
1.586837068035545917e-01 1.025848420186594723e+01
1.597242557002199748e-01 1.328339926143129190e+01
1.607648045968853578e-01 1.590898680079135374e+01
1.618053534935507409e-01 1.739775265907832846e+01
1.628459023902161240e-01 1.699756093896847631e+01
1.638864512868815071e-01 1.461324911932096171e+01
1.649270001835468902e-01 1.205616086456441138e+01
1.659675490802122733e-01 9.708923167593212611e+00
1.670080979768776563e-01 8.429899800138855426e+00
1.680486468735430672e-01 7.922616959686358484e+00
1.690891957702084503e-01 7.248190049679799074e+00
1.701297446668738333e-01 6.286942789374251106e+00
1.711702935635392164e-01 5.181223229140023534e+00
1.722108424602045995e-01 4.322492019674768926e+00
1.732513913568699826e-01 3.724649460518662636e+00
1.742919402535353657e-01 3.623127707758314386e+00
1.753324891502007488e-01 3.205625715922423069e+00
1.763730380468661318e-01 2.991142995340339894e+00
1.774135869435315149e-01 2.724146893039069539e+00
1.784541358401968980e-01 2.521008613159409606e+00
1.794946847368622811e-01 1.993769509318831012e+00
1.805352336335276642e-01 2.010561015795154560e+00
1.815757825301930473e-01 1.641143665547531327e+00
1.826163314268584303e-01 2.170005207790694612e+00
1.836568803235238134e-01 2.368346775745258981e+00
1.846974292201891965e-01 2.305853370075197972e+00
1.857379781168545796e-01 2.157483868292310092e+00
1.867785270135199627e-01 2.062586825202018304e+00
1.878190759101853458e-01 2.226993559881734086e+00
1.888596248068507288e-01 2.247031067559717599e+00
1.899001737035161119e-01 2.103035815159998378e+00
1.909407226001814950e-01 1.841964415839470348e+00
1.919812714968468781e-01 2.107681513876869417e+00
1.930218203935122612e-01 2.275322670036388217e+00
1.940623692901776443e-01 2.199897275213949399e+00
1.951029181868430273e-01 1.996749345348469262e+00
1.961434670835084104e-01 1.813015652903835928e+00
1.971840159801737935e-01 2.049489654247658166e+00
1.982245648768391766e-01 2.161369263172282729e+00
1.992651137735045597e-01 1.890512391670199577e+00
2.003056626701699428e-01 2.043563274249976303e+00
2.013462115668353813e-01 2.325185886044700112e+00
2.023867604635007644e-01 2.333181381861475501e+00
2.034273093601661475e-01 2.427870400643342919e+00
2.044678582568315306e-01 2.096153034700972029e+00
2.055084071534969137e-01 2.008994148872066177e+00
2.065489560501622968e-01 2.048165600785196716e+00
2.075895049468276798e-01 1.890802202367222407e+00
2.086300538434930629e-01 1.814883243417195757e+00
2.096706027401584460e-01 1.820395530577346932e+00
2.107111516368238291e-01 2.007565585620096016e+00
2.117517005334892122e-01 2.465859682881813342e+00
2.127922494301545953e-01 2.254564616548542233e+00
2.138327983268199783e-01 2.355706443624168145e+00
2.148733472234853614e-01 2.653553237699576073e+00
2.159138961201507445e-01 2.019200668840312574e+00
2.169544450168161276e-01 2.060242802984561195e+00
2.179949939134815107e-01 2.158636208454517202e+00
2.190355428101468938e-01 2.358928195997524568e+00
2.200760917068122768e-01 2.383478000131741936e+00
2.211166406034776599e-01 2.314084655644716548e+00
2.221571895001430430e-01 2.227188599027229543e+00
2.231977383968084261e-01 2.204702951534962097e+00
2.242382872934738092e-01 2.227952385904305999e+00
2.252788361901391923e-01 2.213630950477771364e+00
2.263193850868045753e-01 1.912217590046335403e+00
2.273599339834699584e-01 1.749249013261657382e+00
2.284004828801353415e-01 1.811705495814905476e+00
2.294410317768007246e-01 2.186690582131749494e+00
2.304815806734661077e-01 2.047848392164624443e+00
2.315221295701314908e-01 2.239632191429134167e+00
2.325626784667968738e-01 2.410281786690809724e+00
2.336032273634622569e-01 2.622575567706526556e+00
2.346437762601276400e-01 2.360097578372318594e+00
2.356843251567930231e-01 2.419744337391946942e+00
2.367248740534584062e-01 2.527639686052683743e+00
2.377654229501237892e-01 2.709486417705601724e+00
2.388059718467891723e-01 2.845866137229375425e+00
2.398465207434545554e-01 2.755560945466839939e+00
2.408870696401199385e-01 2.809742416317106972e+00
2.419276185367853216e-01 2.619724786126607086e+00
2.429681674334507047e-01 2.672828840276391560e+00
2.440087163301160877e-01 2.582799404213275807e+00
2.450492652267814708e-01 2.736946616677382593e+00
2.460898141234468539e-01 2.655077234737504455e+00
2.471303630201122370e-01 2.928266059719121017e+00
2.481709119167776201e-01 3.040050752210643026e+00
2.492114608134430032e-01 2.995260125513141247e+00
2.502520097101083585e-01 2.757185190858411517e+00
2.512925586067737416e-01 2.813225208768489694e+00
2.523331075034391247e-01 3.000465030001191025e+00
2.533736564001045077e-01 3.370812578191685560e+00
2.544142052967698908e-01 3.217881107869185797e+00
2.554547541934352739e-01 2.928470066668694471e+00
2.564953030901006570e-01 2.838596678414518237e+00
2.575358519867660401e-01 2.488331778475451728e+00
2.585764008834314231e-01 2.553234590758510336e+00
2.596169497800968062e-01 2.747225183963980299e+00
2.606574986767621893e-01 2.577300084948333847e+00
2.616980475734275724e-01 2.556894723130994862e+00
2.627385964700929555e-01 2.576054491105313815e+00
2.637791453667583386e-01 2.540196766246456406e+00
2.648196942634237216e-01 2.645811922464179844e+00
2.658602431600891047e-01 2.643700360662126769e+00
2.669007920567544878e-01 2.547332658379961146e+00
2.679413409534198709e-01 2.416524231174726367e+00
2.689818898500852540e-01 2.345992043981929953e+00
2.700224387467506371e-01 2.280866459504512278e+00
2.710629876434160201e-01 2.701927808532044395e+00
2.721035365400814032e-01 2.906976208236383030e+00
2.731440854367467863e-01 2.580833018010700641e+00
2.741846343334121694e-01 2.634425116057887095e+00
2.752251832300775525e-01 2.775768019105584017e+00
2.762657321267429356e-01 2.626682734535112473e+00
2.773062810234083186e-01 2.367147564138345928e+00
2.783468299200737017e-01 2.324397749416700520e+00
2.793873788167390848e-01 2.389961013497011066e+00
2.804279277134044679e-01 2.612907390166313348e+00
2.814684766100698510e-01 2.514375090419601833e+00
2.825090255067352341e-01 2.336117702294252751e+00
2.835495744034006171e-01 2.252513296211422045e+00
2.845901233000660002e-01 2.258336800843313341e+00
2.856306721967313833e-01 2.218008374401314597e+00
2.866712210933967664e-01 2.575285313798609366e+00
2.877117699900621495e-01 2.654969897453263172e+00
2.887523188867275326e-01 2.620216493047518469e+00
2.897928677833929156e-01 2.452134511413181173e+00
2.908334166800582987e-01 2.637935424577452892e+00
2.918739655767236818e-01 2.634076302865640429e+00
2.929145144733890649e-01 2.450021750911883345e+00
2.939550633700544480e-01 2.394326238906206328e+00
2.949956122667198311e-01 2.658597643610423944e+00
2.960361611633852141e-01 2.630383928193644749e+00
2.970767100600505972e-01 2.667480518823413860e+00
2.981172589567159803e-01 2.375074195362277152e+00
2.991578078533813634e-01 2.434338298585991822e+00
3.001983567500468020e-01 2.569831179590792658e+00
3.012389056467121851e-01 2.470142109965326682e+00
3.022794545433775681e-01 2.519751357330008545e+00
3.033200034400429512e-01 2.641939817134350221e+00
3.043605523367083343e-01 2.586601751690757567e+00
3.054011012333737174e-01 2.747311792302895128e+00
3.064416501300391005e-01 2.873589711871847641e+00
3.074821990267044836e-01 2.594710054741636185e+00
3.085227479233698666e-01 2.650016296774776237e+00
3.095632968200352497e-01 2.607491199412645955e+00
3.106038457167006328e-01 2.484857281001630724e+00
3.116443946133660159e-01 2.583237203867696508e+00
3.126849435100313990e-01 2.797947990560494702e+00
3.137254924066967821e-01 2.900008252185326540e+00
3.147660413033621651e-01 2.980957347902062793e+00
3.158065902000275482e-01 2.839200096305468435e+00
3.168471390966929313e-01 2.609132073674345520e+00
3.178876879933583144e-01 2.893314435744088087e+00
3.189282368900236975e-01 2.800178075241859688e+00
3.199687857866890806e-01 2.898008549191740002e+00
3.210093346833544636e-01 3.246276975117236674e+00
3.220498835800198467e-01 2.941263612578278952e+00
3.230904324766852298e-01 2.732046938893208932e+00
3.241309813733506129e-01 2.733414604653713553e+00
3.251715302700159960e-01 2.565953438448673296e+00
3.262120791666813790e-01 2.399618879687754003e+00
3.272526280633467621e-01 2.466827744005399836e+00
3.282931769600121452e-01 2.523296511911528484e+00
3.293337258566775283e-01 2.667746407504484552e+00
3.303742747533429114e-01 2.608291493645818804e+00
3.314148236500082945e-01 2.897586097198768584e+00
3.324553725466736775e-01 2.810827708730773367e+00
3.334959214433390606e-01 2.574364073910775375e+00
3.345364703400044437e-01 2.565708405633134959e+00
3.355770192366698268e-01 2.564940418484237483e+00
3.366175681333352099e-01 2.515828035883160396e+00
3.376581170300005930e-01 2.609659955548760735e+00
3.386986659266659760e-01 2.607741662604304622e+00
3.397392148233313591e-01 2.628717367226546031e+00
3.407797637199967422e-01 2.607911030277396236e+00
3.418203126166621253e-01 2.719395013136278294e+00
3.428608615133275084e-01 2.787626253677856880e+00
3.439014104099928915e-01 2.492997732384861109e+00
3.449419593066582745e-01 2.379888747527715509e+00
3.459825082033236576e-01 2.726478699703449138e+00
3.470230570999890407e-01 2.638857299636239162e+00
3.480636059966544238e-01 2.639838793281576557e+00
3.491041548933198069e-01 2.829509464600516111e+00
3.501447037899851900e-01 2.803159255847862852e+00
3.511852526866505730e-01 2.693306751224394446e+00
3.522258015833159561e-01 2.678322587178364245e+00
3.532663504799813392e-01 2.569949088984948560e+00
3.543068993766467223e-01 2.646678165214190415e+00
3.553474482733121054e-01 2.733957027857069733e+00
3.563879971699774885e-01 2.766913099232546358e+00
3.574285460666428715e-01 2.627013009449481018e+00
3.584690949633082546e-01 2.599974937328514812e+00
3.595096438599736377e-01 2.581007746319006202e+00
3.605501927566390208e-01 2.646122602924297240e+00
3.615907416533044039e-01 2.668066080669579065e+00
3.626312905499697870e-01 2.618967873549941316e+00
3.636718394466351700e-01 2.503791642150126506e+00
3.647123883433005531e-01 2.722140613090065386e+00
3.657529372399659362e-01 2.487391987453939635e+00
3.667934861366313193e-01 2.454815130717353355e+00
3.678340350332967024e-01 2.540165758749139968e+00
3.688745839299620854e-01 2.300573415856248971e+00
3.699151328266274685e-01 2.354112439333633233e+00
3.709556817232928516e-01 2.595132201254301663e+00
3.719962306199582347e-01 2.370512846044896094e+00
3.730367795166236178e-01 2.453264804374235553e+00
3.740773284132890009e-01 2.598556347689385149e+00
3.751178773099543839e-01 2.715030402860865166e+00
3.761584262066197670e-01 2.564680466164258377e+00
3.771989751032851501e-01 2.560182674730192787e+00
3.782395239999505332e-01 2.568664717010786802e+00
3.792800728966159163e-01 2.572339038041409509e+00
3.803206217932812994e-01 2.507811796815325067e+00
3.813611706899466824e-01 2.561702151419137152e+00
3.824017195866120655e-01 2.483032682895078835e+00
3.834422684832774486e-01 2.512204790957365930e+00
3.844828173799428317e-01 2.491810472181935410e+00
3.855233662766082148e-01 2.336435776967089595e+00
3.865639151732735979e-01 2.209091519170424789e+00
3.876044640699389809e-01 2.373303739867296258e+00
3.886450129666043640e-01 2.214015243602911909e+00
3.896855618632697471e-01 1.845446719400058555e+00
3.907261107599351302e-01 1.959050244885872871e+00
3.917666596566005133e-01 2.279534150331205211e+00
3.928072085532658964e-01 2.514732410208829094e+00
3.938477574499312794e-01 2.265592006830367211e+00
3.948883063465966625e-01 2.438218788233495360e+00
3.959288552432620456e-01 2.430602943783842562e+00
3.969694041399274287e-01 2.421767385576860221e+00
3.980099530365928118e-01 2.332164625028248395e+00
3.990505019332581949e-01 2.542297939284388519e+00
4.000910508299235779e-01 2.366615067085735546e+00
4.011315997265889610e-01 2.075436033177311401e+00
4.021721486232543441e-01 2.168314258388704729e+00
4.032126975199197272e-01 2.340368817874200147e+00
4.042532464165851103e-01 2.372887066443613691e+00
4.052937953132504934e-01 2.427430980389853943e+00
4.063343442099158764e-01 2.503863208694518505e+00
4.073748931065812595e-01 2.375539693948820030e+00
4.084154420032466426e-01 2.344038697940014515e+00
4.094559908999120257e-01 2.443701922072733623e+00
4.104965397965774088e-01 2.223916974738152419e+00
4.115370886932427918e-01 2.228968806209266518e+00
4.125776375899081749e-01 2.056731891531875078e+00
4.136181864865735580e-01 1.990583056612393875e+00
4.146587353832389411e-01 2.070908341708953770e+00
4.156992842799043242e-01 2.123150645918279622e+00
4.167398331765697073e-01 2.156562643352518904e+00
4.177803820732350903e-01 2.056135179943286317e+00
4.188209309699004734e-01 1.960777629011914769e+00
4.198614798665658565e-01 1.991946037877887932e+00
4.209020287632312396e-01 2.029693774959827834e+00
4.219425776598966227e-01 2.314166801980981347e+00
4.229831265565620058e-01 2.367056455373635515e+00
4.240236754532273888e-01 2.330048091802687793e+00
4.250642243498927719e-01 2.215654138438441834e+00
4.261047732465581550e-01 2.074137722258210914e+00
4.271453221432235381e-01 2.069419676966504085e+00
4.281858710398889212e-01 2.081360881510182281e+00
4.292264199365543043e-01 2.022055807458535526e+00
4.302669688332196873e-01 1.918849932685684934e+00
4.313075177298850704e-01 2.264230576486184532e+00
4.323480666265504535e-01 1.938743225615894517e+00
4.333886155232158366e-01 1.898224239547015912e+00
4.344291644198812197e-01 2.092010061993040182e+00
4.354697133165466028e-01 1.951112112766679729e+00
4.365102622132119858e-01 1.890405675738421110e+00
4.375508111098773689e-01 1.990506186571273872e+00
4.385913600065427520e-01 1.949665898356723659e+00
4.396319089032081351e-01 1.953164641166232229e+00
4.406724577998735182e-01 1.853822896336073001e+00
4.417130066965389013e-01 1.812563817922395515e+00
4.427535555932042843e-01 1.888564833016779687e+00
4.437941044898696674e-01 1.995271444970267538e+00
4.448346533865350505e-01 1.650208599781137764e+00
4.458752022832004336e-01 1.798863495856995343e+00
4.469157511798658167e-01 1.817374787797795932e+00
4.479563000765311997e-01 1.704380577463410873e+00
4.489968489731965828e-01 1.822929275691478779e+00
4.500373978698619659e-01 1.729152021215750068e+00
4.510779467665273490e-01 1.740662848858345768e+00
4.521184956631927321e-01 1.857370210857464343e+00
4.531590445598581152e-01 1.827243616093934264e+00
4.541995934565234982e-01 1.719613581538983027e+00
4.552401423531888813e-01 1.589586077874997727e+00
4.562806912498542644e-01 1.695555696121722633e+00
4.573212401465196475e-01 1.732604021972676378e+00
4.583617890431850306e-01 1.814285400444305196e+00
4.594023379398504137e-01 1.737235192806597439e+00
4.604428868365157967e-01 1.442852720969764135e+00
4.614834357331811798e-01 1.368276804445930139e+00
4.625239846298465629e-01 1.598205322081515334e+00
4.635645335265119460e-01 1.859645435505655087e+00
4.646050824231773291e-01 1.593770858060455708e+00
4.656456313198427122e-01 1.424515489956199588e+00
4.666861802165080952e-01 1.381690510497879387e+00
4.677267291131734783e-01 1.283404441689370401e+00
4.687672780098388614e-01 1.229265631390124014e+00
4.698078269065042445e-01 1.368031692665180543e+00
4.708483758031696276e-01 1.559404521526708720e+00
4.718889246998350107e-01 1.533473024979130628e+00
4.729294735965003937e-01 1.563669993256599611e+00
4.739700224931657768e-01 1.596229377232539548e+00
4.750105713898311599e-01 1.635393262492954136e+00
4.760511202864965430e-01 1.393544998427174164e+00
4.770916691831619261e-01 1.251162358182234868e+00
4.781322180798273092e-01 1.449093353413292817e+00
4.791727669764926922e-01 1.486690295173627163e+00
4.802133158731580753e-01 1.482789205094697138e+00
4.812538647698234584e-01 1.345359361328526404e+00
4.822944136664888415e-01 1.199236048157821699e+00
4.833349625631542246e-01 1.428084674217128480e+00
4.843755114598196077e-01 1.309152639934712425e+00
4.854160603564849907e-01 1.181257283861402385e+00
4.864566092531503738e-01 1.311834408506253880e+00
4.874971581498157569e-01 1.196256461104351132e+00
4.885377070464811400e-01 1.298472202545799092e+00
4.895782559431465231e-01 1.472063138698242568e+00
4.906188048398119061e-01 1.418245596966261957e+00
4.916593537364772892e-01 1.250129206066233678e+00
4.926999026331426723e-01 1.277034907792220508e+00
4.937404515298080554e-01 1.214830902175059180e+00
4.947810004264734385e-01 1.221379980063375115e+00
4.958215493231388216e-01 1.409777595810101758e+00
4.968620982198042046e-01 1.297791730512162900e+00
4.979026471164695877e-01 1.107331344759884928e+00
4.989431960131349708e-01 9.623390071968920267e-01
4.999837449098003539e-01 1.036658956933024456e+00
5.010242938064657370e-01 1.161094620276337253e+00
5.020648427031311201e-01 1.181792657666829172e+00
5.031053915997965031e-01 1.039787077139695981e+00
5.041459404964618862e-01 9.912103396503688657e-01
5.051864893931272693e-01 9.697807280863415258e-01
5.062270382897926524e-01 9.563444325579233407e-01
5.072675871864580355e-01 1.025707515871825848e+00
5.083081360831234186e-01 9.798147348931145473e-01
5.093486849797888016e-01 7.632478817559409379e-01
5.103892338764541847e-01 8.309349085544823765e-01
5.114297827731195678e-01 9.630998593889081860e-01
5.124703316697849509e-01 7.581800404654543968e-01
5.135108805664503340e-01 7.136761597588403561e-01
5.145514294631157171e-01 8.509793716142048936e-01
5.155919783597811001e-01 1.062308622789796431e+00
5.166325272564464832e-01 1.009951071044525861e+00
5.176730761531118663e-01 9.195389286656592276e-01
5.187136250497772494e-01 7.925438444276018402e-01
5.197541739464426325e-01 8.331045783192010390e-01
5.207947228431080156e-01 7.142682032906897405e-01
5.218352717397733986e-01 5.877861201910334898e-01
5.228758206364387817e-01 7.239730358023379608e-01
5.239163695331041648e-01 6.785098822367423566e-01
5.249569184297695479e-01 8.416961454097986461e-01
5.259974673264349310e-01 8.031891569431621747e-01
5.270380162231003141e-01 7.708118773061016782e-01
5.280785651197656971e-01 6.194499375847577483e-01
5.291191140164310802e-01 6.144084008808263775e-01
5.301596629130964633e-01 6.283287314756265118e-01
5.312002118097618464e-01 6.299895614718522552e-01
5.322407607064272295e-01 6.883373372079510943e-01
5.332813096030926125e-01 6.918798827035210763e-01
5.343218584997581067e-01 7.969583794076839922e-01
5.353624073964233787e-01 6.941822679200875257e-01
5.364029562930888728e-01 7.130642668448743393e-01
5.374435051897541449e-01 7.149677309714839168e-01
5.384840540864196390e-01 7.289492407797979467e-01
5.395246029830849110e-01 6.765744291173270142e-01
5.405651518797504052e-01 7.170201900408734730e-01
5.416057007764156772e-01 7.264924422406480176e-01
5.426462496730811713e-01 5.846006682114257558e-01
5.436867985697464434e-01 6.253002311516695499e-01
5.447273474664119375e-01 7.075755287180243158e-01
5.457678963630772095e-01 6.188984832016828364e-01
5.468084452597427036e-01 6.610179092156158731e-01
5.478489941564079757e-01 6.117832000793015368e-01
5.488895430530734698e-01 5.176730354947594037e-01
5.499300919497387419e-01 5.873091896994999672e-01
5.509706408464042360e-01 5.741202882988503120e-01
5.520111897430695080e-01 6.849081776130461208e-01
5.530517386397350021e-01 7.057861946837427070e-01
5.540922875364002742e-01 6.886950286359301288e-01
5.551328364330657683e-01 6.415049073416732028e-01
5.561733853297310404e-01 4.151718372688257830e-01
5.572139342263965345e-01 4.725659794210734788e-01
5.582544831230618065e-01 5.624569720835204123e-01
5.592950320197273006e-01 6.234558777687908560e-01
5.603355809163925727e-01 7.015580157727576704e-01
5.613761298130580668e-01 6.479756902381730299e-01
5.624166787097233389e-01 5.796537842428115539e-01
5.634572276063888330e-01 6.603740251054510679e-01
5.644977765030541050e-01 5.704906354078929098e-01
5.655383253997195991e-01 4.505034209369789266e-01
5.665788742963848712e-01 4.817377947036405317e-01
5.676194231930503653e-01 5.579826624281345460e-01
5.686599720897156374e-01 4.768150507926627313e-01
5.697005209863811315e-01 3.815741947951423185e-01
5.707410698830464035e-01 2.532064317019653288e-01
5.717816187797118976e-01 2.304952901791139652e-01
5.728221676763771697e-01 2.175581603811664877e-01
5.738627165730426638e-01 2.917354629493651430e-01
5.749032654697079359e-01 4.799129301652840240e-01
5.759438143663734300e-01 6.025644617437073691e-01
5.769843632630387020e-01 4.911514308340230173e-01
5.780249121597041961e-01 2.726861754410840888e-01
5.790654610563694682e-01 2.385219204514115177e-01
5.801060099530349623e-01 3.800839998840181977e-01
5.811465588497002344e-01 1.879239871532298878e-01
5.821871077463657285e-01 9.712543253740335558e-02
5.832276566430310005e-01 2.809879274579110131e-01
5.842682055396964946e-01 2.993330804689442459e-01
5.853087544363617667e-01 1.975790104090791033e-01
5.863493033330272608e-01 2.059619339091973700e-01
5.873898522296925329e-01 1.241781153256873438e-01
5.884304011263580270e-01 8.127373759057476832e-02
5.894709500230232990e-01 1.330753906855726143e-01
5.905114989196887931e-01 2.434405721948031953e-01
5.915520478163540652e-01 2.881036370288612147e-01
5.925925967130195593e-01 1.787756228211314635e-01
5.936331456096848314e-01 1.219171552487594568e-01
5.946736945063503255e-01 2.205739309267684689e-02
5.957142434030155975e-01 8.904899513927588828e-02
5.967547922996810916e-01 1.432676382945814453e-01
5.977953411963463637e-01 1.271523837605919027e-01
5.988358900930118578e-01 3.487340447481557248e-02
5.998764389896771299e-01 3.552713678800500929e-15
