# q (1/Angstrom), Intensity (arb)
2.029070354705860696e-02 1.025190482619573459e+03
2.133125244372399004e-02 9.087269799492056563e+02
2.237180134038937659e-02 8.162149355946760352e+02
2.341235023705475968e-02 7.340630325645180392e+02
2.445289913372014276e-02 6.787076437844000338e+02
2.549344803038552584e-02 6.323532902845488479e+02
2.653399692705091240e-02 5.936561802477043557e+02
2.757454582371629548e-02 5.561717312693192525e+02
2.861509472038167856e-02 5.250898144271458250e+02
2.965564361704706164e-02 5.037066835728096521e+02
3.069619251371244473e-02 4.847773184779511553e+02
3.173674141037782781e-02 4.698553371328312096e+02
3.277729030704321089e-02 4.587152407945919776e+02
3.381783920370859398e-02 4.508697999857100172e+02
3.485838810037397706e-02 4.459323633420018496e+02
3.589893699703936014e-02 4.435721170172098482e+02
3.693948589370474322e-02 4.426985965940571077e+02
3.798003479037012631e-02 4.455734945701959759e+02
3.902058368703550939e-02 4.510078696519343566e+02
4.006113258370089247e-02 4.589868907415612966e+02
4.110168148036627556e-02 4.722500307282705876e+02
4.214223037703165864e-02 4.921396766828381715e+02
4.318277927369704866e-02 5.152805746283024746e+02
4.422332817036243174e-02 5.481780085037062236e+02
4.526387706702781483e-02 5.939057687073573106e+02
4.630442596369319791e-02 6.718274303715488713e+02
4.734497486035858099e-02 8.036644595976824803e+02
4.838552375702396408e-02 1.083481459578767954e+03
4.942607265368934716e-02 1.611258477824278771e+03
5.046662155035473024e-02 2.428035401165843268e+03
5.150717044702011332e-02 3.791202515223685623e+03
5.254771934368549641e-02 5.134608171323953684e+03
5.358826824035087949e-02 4.907877272880196870e+03
5.462881713701626257e-02 3.790671813990184546e+03
5.566936603368164566e-02 3.268367199661598988e+03
5.670991493034702874e-02 3.241007599616321386e+03
5.775046382701241182e-02 3.359795507224463563e+03
5.879101272367779490e-02 3.506066541970966682e+03
5.983156162034317799e-02 3.601641374500602979e+03
6.087211051700856107e-02 3.559599092355263110e+03
6.191265941367394415e-02 3.360419626403636357e+03
6.295320831033933417e-02 3.089543768476852620e+03
6.399375720700471726e-02 2.803405136861185383e+03
6.503430610367010034e-02 2.521088763091624060e+03
6.607485500033548342e-02 2.235259779334775885e+03
6.711540389700086651e-02 1.954511965370298412e+03
6.815595279366624959e-02 1.683310810523145847e+03
6.919650169033163267e-02 1.428602562786936915e+03
7.023705058699701576e-02 1.199130417683334599e+03
7.127759948366239884e-02 9.984641132698583306e+02
7.231814838032778192e-02 8.272495573182345652e+02
7.335869727699316500e-02 6.856695009520657322e+02
7.439924617365854809e-02 5.681770668936239872e+02
7.543979507032393117e-02 4.715681069239903991e+02
7.648034396698931425e-02 3.965354444379760253e+02
7.752089286365469734e-02 3.350192031390600391e+02
7.856144176032008042e-02 2.865761727928514802e+02
7.960199065698546350e-02 2.481437835088285624e+02
8.064253955365084658e-02 2.177873151564021441e+02
8.168308845031622967e-02 1.986853330282337424e+02
8.272363734698161275e-02 1.958324067639057091e+02
8.376418624364699583e-02 2.188539201761781214e+02
8.480473514031239279e-02 2.886107808501014347e+02
8.584528403697777588e-02 3.678951459334834908e+02
8.688583293364315896e-02 3.563459444306565729e+02
8.792638183030854204e-02 2.674454075141176190e+02
8.896693072697392513e-02 2.021344953677333365e+02
9.000747962363930821e-02 1.758855024050904206e+02
9.104802852030469129e-02 1.690070892156334139e+02
9.208857741697007437e-02 1.672605619097689100e+02
9.312912631363545746e-02 1.695466535477987122e+02
9.416967521030084054e-02 1.754534161711407876e+02
9.521022410696622362e-02 1.833166496990736505e+02
9.625077300363160671e-02 1.928844827839743914e+02
9.729132190029698979e-02 2.103697745521248521e+02
9.833187079696237287e-02 2.442021098171275071e+02
9.937241969362775595e-02 3.095943640850819065e+02
1.004129685902931390e-01 3.848785783022511851e+02
1.014535174869585221e-01 3.978381202810368791e+02
1.024940663836239052e-01 3.331712019319837736e+02
1.035346152802892883e-01 2.704870413855805964e+02
1.045751641769546714e-01 2.439936508681956298e+02
1.056157130736200545e-01 2.310614680711046276e+02
1.066562619702854375e-01 2.129441736398290743e+02
1.076968108669508206e-01 1.971222720504406993e+02
1.087373597636162037e-01 1.891345503512401649e+02
1.097779086602815868e-01 1.865967604487592268e+02
1.108184575569469699e-01 1.875802009077590355e+02
1.118590064536123529e-01 1.877099072237722055e+02
1.128995553502777360e-01 1.875056212566140346e+02
1.139401042469431191e-01 1.857796088504802299e+02
1.149806531436085022e-01 1.825327038530591608e+02
1.160212020402738853e-01 1.785489620208902579e+02
1.170617509369392684e-01 1.728789298766423030e+02
1.181022998336046514e-01 1.648404648240003496e+02
1.191428487302700345e-01 1.567583438737033816e+02
1.201833976269354176e-01 1.470970645234428389e+02
1.212239465236008007e-01 1.381130206322449396e+02
1.222644954202661838e-01 1.282557450618388089e+02
1.233050443169315669e-01 1.191834816360370297e+02
1.243455932135969499e-01 1.098339561492147993e+02
1.253861421102623330e-01 1.000383663735728987e+02
1.264266910069277161e-01 9.207573364818085793e+01
1.274672399035930992e-01 8.480183535123327943e+01
1.285077888002584823e-01 7.966994433795902353e+01
1.295483376969238654e-01 7.643855584333510933e+01
1.305888865935892484e-01 7.625586679619758002e+01
1.316294354902546315e-01 7.904876969500581652e+01
1.326699843869200146e-01 8.403295710215773795e+01
1.337105332835853977e-01 8.664598925838456012e+01
1.347510821802507808e-01 8.736356415694032762e+01
1.357916310769161639e-01 8.699509411191280606e+01
1.368321799735815469e-01 7.925998344608241553e+01
1.378727288702469300e-01 6.397780461208983382e+01
1.389132777669123131e-01 5.013666306545238882e+01
1.399538266635776962e-01 4.219316056107548718e+01
1.409943755602430793e-01 3.786110551606817864e+01
1.420349244569084624e-01 3.570703912072976749e+01
1.430754733535738454e-01 3.456784555082053600e+01
1.441160222502392285e-01 3.415874577130027490e+01
1.451565711469046116e-01 3.472110268641480957e+01
1.461971200435699947e-01 3.655508494120796570e+01
1.472376689402353778e-01 3.981592679395065915e+01
1.482782178369007609e-01 4.350594493473384006e+01
1.493187667335661439e-01 4.526030929526407931e+01
1.503593156302315270e-01 4.345627511198498638e+01
1.513998645268969101e-01 3.906421557801731126e+01
1.524404134235622932e-01 3.629376490674360412e+01
1.534809623202276763e-01 3.498411678445066997e+01
1.545215112168930593e-01 3.396817759512597945e+01
1.555620601135584424e-01 3.374521089620762382e+01
1.566026090102238255e-01 3.419422643531414963e+01
1.576431579068892086e-01 3.490597296991234089e+01
1.586837068035545917e-01 3.353481067436961638e+01
1.597242557002199748e-01 3.104758991161042303e+01
1.607648045968853578e-01 2.920938480475093257e+01
1.618053534935507409e-01 2.782001150950182478e+01
1.628459023902161240e-01 2.655351369186308119e+01
1.638864512868815071e-01 2.561744070994317468e+01
1.649270001835468902e-01 2.498614853544737002e+01
1.659675490802122733e-01 2.513266406945570708e+01
1.670080979768776563e-01 2.468734921188966780e+01
1.680486468735430672e-01 2.397999168578053286e+01
1.690891957702084503e-01 2.386688889522507395e+01
1.701297446668738333e-01 2.393012097369013702e+01
1.711702935635392164e-01 2.294558147864844955e+01
1.722108424602045995e-01 2.240813601144208889e+01
1.732513913568699826e-01 2.207219971619372245e+01
1.742919402535353657e-01 2.162291079405218142e+01
1.753324891502007488e-01 2.126219424305012495e+01
1.763730380468661318e-01 2.132592620265895533e+01
1.774135869435315149e-01 2.160388850957668438e+01
1.784541358401968980e-01 2.267685569281584890e+01
1.794946847368622811e-01 2.463033181083448397e+01
1.805352336335276642e-01 2.558695285429351429e+01
1.815757825301930473e-01 2.582631387187726801e+01
1.826163314268584303e-01 2.415598137945556800e+01
1.836568803235238134e-01 2.153844478021154174e+01
1.846974292201891965e-01 1.903554456459851707e+01
1.857379781168545796e-01 1.724089799818659685e+01
1.867785270135199627e-01 1.594295457638759217e+01
1.878190759101853458e-01 1.479440747236030518e+01
1.888596248068507288e-01 1.439476380628894958e+01
1.899001737035161119e-01 1.447081541285677986e+01
1.909407226001814950e-01 1.472156377580413533e+01
1.919812714968468781e-01 1.455594410414337858e+01
1.930218203935122612e-01 1.413423815357341340e+01
1.940623692901776443e-01 1.334224717647510516e+01
1.951029181868430273e-01 1.286336289539486444e+01
1.961434670835084104e-01 1.239996170648536378e+01
1.971840159801737935e-01 1.224448672605174693e+01
1.982245648768391766e-01 1.228439588865407472e+01
1.992651137735045597e-01 1.251904536811162671e+01
2.003056626701699428e-01 1.268319894378745971e+01
2.013462115668353813e-01 1.221813317059825366e+01
2.023867604635007644e-01 1.092162846242197105e+01
2.034273093601661475e-01 1.016535569698637431e+01
2.044678582568315306e-01 8.946791208751264435e+00
2.055084071534969137e-01 8.256992215084515863e+00
2.065489560501622968e-01 8.183906832375463125e+00
2.075895049468276798e-01 7.913088677048811803e+00
2.086300538434930629e-01 7.759572231012931809e+00
2.096706027401584460e-01 7.624656021743199119e+00
2.107111516368238291e-01 7.432752564659779182e+00
2.117517005334892122e-01 7.497408354992359136e+00
2.127922494301545953e-01 7.138352045033535376e+00
2.138327983268199783e-01 7.118303803643435401e+00
2.148733472234853614e-01 7.284205709876481194e+00
2.159138961201507445e-01 6.782218831456084729e+00
2.169544450168161276e-01 6.329232266222412306e+00
2.179949939134815107e-01 6.425623591557766190e+00
2.190355428101468938e-01 6.555680213988701155e+00
2.200760917068122768e-01 6.375980365546674022e+00
2.211166406034776599e-01 6.752383151156774233e+00
2.221571895001430430e-01 7.031358998927327519e+00
2.231977383968084261e-01 7.038297329545979863e+00
2.242382872934738092e-01 6.718913462973290507e+00
2.252788361901391923e-01 6.816568320613697551e+00
2.263193850868045753e-01 6.630248470290396767e+00
2.273599339834699584e-01 6.934809536645943240e+00
2.284004828801353415e-01 7.401136649556562475e+00
2.294410317768007246e-01 7.204126218257215442e+00
2.304815806734661077e-01 6.983217399683027793e+00
2.315221295701314908e-01 7.198417251342011269e+00
2.325626784667968738e-01 7.148874759028853276e+00
2.336032273634622569e-01 7.355380286171627091e+00
2.346437762601276400e-01 7.168786906853885199e+00
2.356843251567930231e-01 6.375814935328918409e+00
2.367248740534584062e-01 5.799829923507967777e+00
2.377654229501237892e-01 5.578597817978351969e+00
2.388059718467891723e-01 5.553206741244530065e+00
2.398465207434545554e-01 5.171448874117327676e+00
2.408870696401199385e-01 4.899308987436867824e+00
2.419276185367853216e-01 4.585373430721642052e+00
2.429681674334507047e-01 4.495426360406725053e+00
2.440087163301160877e-01 4.473673907827976137e+00
2.450492652267814708e-01 4.232319122017596413e+00
2.460898141234468539e-01 4.306490535362733851e+00
2.471303630201122370e-01 4.273539931121728586e+00
2.481709119167776201e-01 4.220440315147715893e+00
2.492114608134430032e-01 4.477262182897213449e+00
2.502520097101083585e-01 4.519104775765637072e+00
2.512925586067737416e-01 4.555303429342991706e+00
2.523331075034391247e-01 4.289925788044524069e+00
2.533736564001045077e-01 3.861763749732524786e+00
2.544142052967698908e-01 3.762333903376369193e+00
2.554547541934352739e-01 3.445698084874724287e+00
2.564953030901006570e-01 3.446273519154036791e+00
2.575358519867660401e-01 3.229075584764149909e+00
2.585764008834314231e-01 3.068840954793895293e+00
2.596169497800968062e-01 2.771541937737914907e+00
2.606574986767621893e-01 2.612134997843696738e+00
2.616980475734275724e-01 2.683630271069830542e+00
2.627385964700929555e-01 3.040736143379991319e+00
2.637791453667583386e-01 3.012327725560574265e+00
2.648196942634237216e-01 2.666873549395454290e+00
2.658602431600891047e-01 2.472315488587838672e+00
2.669007920567544878e-01 2.607476318050366615e+00
2.679413409534198709e-01 2.766442223997142236e+00
2.689818898500852540e-01 2.626818855369162264e+00
2.700224387467506371e-01 2.622373858688682446e+00
2.710629876434160201e-01 2.689666596107038288e+00
2.721035365400814032e-01 2.668430117954219583e+00
2.731440854367467863e-01 2.889058938589549541e+00
2.741846343334121694e-01 3.211850269096633070e+00
2.752251832300775525e-01 3.210848498251657190e+00
2.762657321267429356e-01 3.053632841282205135e+00
2.773062810234083186e-01 3.088057630369771545e+00
2.783468299200737017e-01 3.399216100674241403e+00
2.793873788167390848e-01 3.198631910883982243e+00
2.804279277134044679e-01 2.947963555850058981e+00
2.814684766100698510e-01 3.058679514572826719e+00
2.825090255067352341e-01 2.734647739206149453e+00
2.835495744034006171e-01 2.653827152396598166e+00
2.845901233000660002e-01 2.836644123840013521e+00
2.856306721967313833e-01 2.820692125153843932e+00
2.866712210933967664e-01 2.823491216150358696e+00
2.877117699900621495e-01 2.712153233784444950e+00
2.887523188867275326e-01 2.618933962337813171e+00
2.897928677833929156e-01 2.616830320872537641e+00
2.908334166800582987e-01 2.561048409861147235e+00
2.918739655767236818e-01 2.474931749105131473e+00
2.929145144733890649e-01 2.323466358019821598e+00
2.939550633700544480e-01 2.289647164981793992e+00
2.949956122667198311e-01 2.212737570158129330e+00
2.960361611633852141e-01 2.543216877563846623e+00
2.970767100600505972e-01 2.330801039700794774e+00
2.981172589567159803e-01 2.289881829922432388e+00
2.991578078533813634e-01 2.280539250619167291e+00
3.001983567500468020e-01 2.196126298627561368e+00
3.012389056467121851e-01 2.175062633162355041e+00
3.022794545433775681e-01 2.415896919634704432e+00
3.033200034400429512e-01 2.194182350203501386e+00
3.043605523367083343e-01 1.924952924213432226e+00
3.054011012333737174e-01 1.916266806869025174e+00
3.064416501300391005e-01 1.893632366885309892e+00
3.074821990267044836e-01 1.913660813474479028e+00
3.085227479233698666e-01 1.959409793953110324e+00
3.095632968200352497e-01 1.844061308148891243e+00
3.106038457167006328e-01 1.806208124399955040e+00
3.116443946133660159e-01 1.789018168199596914e+00
3.126849435100313990e-01 1.610519033535847910e+00
3.137254924066967821e-01 1.675277742072648124e+00
3.147660413033621651e-01 1.758015442172546017e+00
3.158065902000275482e-01 1.812866981754918783e+00
3.168471390966929313e-01 1.832314948588059877e+00
3.178876879933583144e-01 1.720149520320234160e+00
3.189282368900236975e-01 1.418889615327323384e+00
3.199687857866890806e-01 1.624033824034086138e+00
3.210093346833544636e-01 1.495079528006016290e+00
3.220498835800198467e-01 1.646764697195106208e+00
3.230904324766852298e-01 2.044246914091807810e+00
3.241309813733506129e-01 2.028369384424248523e+00
3.251715302700159960e-01 1.812507801071554070e+00
3.262120791666813790e-01 1.599436595393832761e+00
3.272526280633467621e-01 1.816218741419081795e+00
3.282931769600121452e-01 1.800574899441905075e+00
3.293337258566775283e-01 1.583869313635460685e+00
3.303742747533429114e-01 1.802487571714927128e+00
3.314148236500082945e-01 1.862667170077941137e+00
3.324553725466736775e-01 1.884740918789528763e+00
3.334959214433390606e-01 1.881610653072279149e+00
3.345364703400044437e-01 1.466079245514347207e+00
3.355770192366698268e-01 1.649684798723939139e+00
3.366175681333352099e-01 1.858641009254967003e+00
3.376581170300005930e-01 1.758930925091519271e+00
3.386986659266659760e-01 1.474006479264669878e+00
3.397392148233313591e-01 1.551272065129452926e+00
3.407797637199967422e-01 1.869422641023405163e+00
3.418203126166621253e-01 1.519646842298250533e+00
3.428608615133275084e-01 1.610431761721557109e+00
3.439014104099928915e-01 1.360143019291601973e+00
3.449419593066582745e-01 1.546869967717050542e+00
3.459825082033236576e-01 1.602235792125302538e+00
3.470230570999890407e-01 1.543884206129575887e+00
3.480636059966544238e-01 1.645356947657692359e+00
3.491041548933198069e-01 1.327905512160484136e+00
3.501447037899851900e-01 1.261839619281513336e+00
3.511852526866505730e-01 1.433058600753430056e+00
3.522258015833159561e-01 1.731039371448677144e+00
3.532663504799813392e-01 1.391887666260302581e+00
3.543068993766467223e-01 1.250171911811861492e+00
3.553474482733121054e-01 1.327980264027765145e+00
3.563879971699774885e-01 1.421302795964646037e+00
3.574285460666428715e-01 1.325713775567280095e+00
3.584690949633082546e-01 1.170805032998138984e+00
3.595096438599736377e-01 1.192213892490325833e+00
3.605501927566390208e-01 1.260501510816713022e+00
3.615907416533044039e-01 1.071519111685876879e+00
3.626312905499697870e-01 1.209392298042789804e+00
3.636718394466351700e-01 1.396141765973769822e+00
3.647123883433005531e-01 1.180412040911949845e+00
3.657529372399659362e-01 9.254368457798989311e-01
3.667934861366313193e-01 8.612746260811476873e-01
3.678340350332967024e-01 1.111294633619635874e+00
3.688745839299620854e-01 1.269710853222267843e+00
3.699151328266274685e-01 1.095124579957332145e+00
3.709556817232928516e-01 1.253678854897401607e+00
3.719962306199582347e-01 1.466147453102063736e+00
3.730367795166236178e-01 1.340965334195072245e+00
3.740773284132890009e-01 1.344598019484433138e+00
3.751178773099543839e-01 1.561882550014686899e+00
3.761584262066197670e-01 1.611459031198510417e+00
3.771989751032851501e-01 1.392061406493120046e+00
3.782395239999505332e-01 1.193522560260799281e+00
3.792800728966159163e-01 1.191223835920848018e+00
3.803206217932812994e-01 1.112530739091514675e+00
3.813611706899466824e-01 1.088243136815314926e+00
3.824017195866120655e-01 1.205726106203709236e+00
3.834422684832774486e-01 1.249092188868146991e+00
3.844828173799428317e-01 1.121806927956559008e+00
3.855233662766082148e-01 1.127985648909479721e+00
3.865639151732735979e-01 1.064940203463891066e+00
3.876044640699389809e-01 1.284033580613236580e+00
3.886450129666043640e-01 1.330403231201525927e+00
3.896855618632697471e-01 1.301451382657180744e+00
3.907261107599351302e-01 1.197399599702951178e+00
3.917666596566005133e-01 1.106405347118016635e+00
3.928072085532658964e-01 1.033996308843018852e+00
3.938477574499312794e-01 1.248270858822397855e+00
3.948883063465966625e-01 1.098678651668443251e+00
3.959288552432620456e-01 1.177850832652936219e+00
3.969694041399274287e-01 1.167580465186770056e+00
3.980099530365928118e-01 8.857011440384461309e-01
3.990505019332581949e-01 9.271756391165446587e-01
4.000910508299235779e-01 8.855496465817829232e-01
4.011315997265889610e-01 7.298958341768049252e-01
4.021721486232543441e-01 6.292831414993571570e-01
4.032126975199197272e-01 8.469928988791579627e-01
4.042532464165851103e-01 9.301081140427100991e-01
4.052937953132504934e-01 1.073525722085467038e+00
4.063343442099158764e-01 8.653723816818086334e-01
4.073748931065812595e-01 7.666230704322281042e-01
4.084154420032466426e-01 7.201949002212089113e-01
4.094559908999120257e-01 7.573691622868530260e-01
4.104965397965774088e-01 8.297101124130641381e-01
4.115370886932427918e-01 8.655684378041748062e-01
4.125776375899081749e-01 7.311210477323619727e-01
4.136181864865735580e-01 7.827937998708698331e-01
4.146587353832389411e-01 8.082752033140572223e-01
4.156992842799043242e-01 6.423945028950761582e-01
4.167398331765697073e-01 9.544972305684744640e-01
4.177803820732350903e-01 9.988902722633241638e-01
4.188209309699004734e-01 1.033817065351886555e+00
4.198614798665658565e-01 1.024003060058547021e+00
4.209020287632312396e-01 6.851432027370307765e-01
4.219425776598966227e-01 4.333493499190410603e-01
4.229831265565620058e-01 6.189054102624105269e-01
4.240236754532273888e-01 7.797543084735849561e-01
4.250642243498927719e-01 8.988152982433845750e-01
4.261047732465581550e-01 9.506863511226946173e-01
4.271453221432235381e-01 9.035684142538933372e-01
4.281858710398889212e-01 7.900347323545204858e-01
4.292264199365543043e-01 7.511266928294375589e-01
4.302669688332196873e-01 6.561802891346673050e-01
4.313075177298850704e-01 6.512684246755249262e-01
4.323480666265504535e-01 8.000340201640767646e-01
4.333886155232158366e-01 9.254923219506956400e-01
4.344291644198812197e-01 7.563408613999520469e-01
4.354697133165466028e-01 6.862501035313641751e-01
4.365102622132119858e-01 7.180917655804677224e-01
4.375508111098773689e-01 7.058064115601965227e-01
4.385913600065427520e-01 7.419661833053368127e-01
4.396319089032081351e-01 7.692326816380870014e-01
4.406724577998735182e-01 8.277410512336800252e-01
4.417130066965389013e-01 8.216151219844540776e-01
4.427535555932042843e-01 6.222765130219798380e-01
4.437941044898696674e-01 6.279339658032121463e-01
4.448346533865350505e-01 5.808601623558935501e-01
4.458752022832004336e-01 5.693589917232309006e-01
4.469157511798658167e-01 4.942642386041846692e-01
4.479563000765311997e-01 5.217471329310399142e-01
4.489968489731965828e-01 7.680986333620367645e-01
4.500373978698619659e-01 6.726390585243180453e-01
4.510779467665273490e-01 5.250866881601012892e-01
4.521184956631927321e-01 4.792049509365874371e-01
4.531590445598581152e-01 4.287176759328410469e-01
4.541995934565234982e-01 3.497961180832049877e-01
4.552401423531888813e-01 3.808510805568694479e-01
4.562806912498542644e-01 6.641043963620312240e-01
4.573212401465196475e-01 6.072688907794479007e-01
4.583617890431850306e-01 6.371733331821083368e-01
4.594023379398504137e-01 6.863986777399233574e-01
4.604428868365157967e-01 5.118774543344315475e-01
4.614834357331811798e-01 6.388785014819617913e-01
4.625239846298465629e-01 4.882298235428983446e-01
4.635645335265119460e-01 4.862893207172298560e-01
4.646050824231773291e-01 6.280182456898053545e-01
4.656456313198427122e-01 6.861672408952586011e-01
4.666861802165080952e-01 6.550754924952286729e-01
4.677267291131734783e-01 5.643031400348874627e-01
4.687672780098388614e-01 3.371487176111180872e-01
4.698078269065042445e-01 3.059928032008585319e-01
4.708483758031696276e-01 2.940906549254513891e-01
4.718889246998350107e-01 3.868102341627661644e-01
4.729294735965003937e-01 3.813605522080223409e-01
4.739700224931657768e-01 3.072357078899230487e-01
4.750105713898311599e-01 4.594335611413669085e-01
4.760511202864965430e-01 5.422098754761037753e-01
4.770916691831619261e-01 5.520367275020703346e-01
4.781322180798273092e-01 3.415977011530060281e-01
4.791727669764926922e-01 3.078174440219854091e-01
4.802133158731580753e-01 3.618330897870798424e-01
4.812538647698234584e-01 1.578565239214775318e-01
4.822944136664888415e-01 2.848865294345763743e-01
4.833349625631542246e-01 4.570808812144484534e-01
4.843755114598196077e-01 3.883396415589324135e-01
4.854160603564849907e-01 5.286710457554733011e-01
4.864566092531503738e-01 6.430029041056215533e-01
4.874971581498157569e-01 4.913754871296553972e-01
4.885377070464811400e-01 3.323468538633420621e-01
4.895782559431465231e-01 3.062292153340457901e-01
4.906188048398119061e-01 3.347497587054562018e-01
4.916593537364772892e-01 3.774161705738023898e-01
4.926999026331426723e-01 3.138532220154033325e-01
4.937404515298080554e-01 4.979100103381952636e-01
4.947810004264734385e-01 4.515955365739330318e-01
4.958215493231388216e-01 4.915255756437311163e-01
4.968620982198042046e-01 4.834842059800763536e-01
4.979026471164695877e-01 3.648732245979786626e-01
4.989431960131349708e-01 2.548448319364062797e-01
4.999837449098003539e-01 2.530308987592313485e-01
5.010242938064657370e-01 3.597933700193820528e-01
5.020648427031311201e-01 3.342243145044108132e-01
5.031053915997965031e-01 1.674746620190923352e-01
5.041459404964618862e-01 1.095120443387536113e-01
5.051864893931272693e-01 1.345276078363255579e-01
5.062270382897926524e-01 1.098419476168785991e-01
5.072675871864580355e-01 7.730025753712155279e-02
5.083081360831234186e-01 2.592575664813168146e-01
5.093486849797888016e-01 4.085083111548435397e-01
5.103892338764541847e-01 3.359040111467557210e-01
5.114297827731195678e-01 2.048277660859625371e-01
5.124703316697849509e-01 3.892078420620634915e-01
5.135108805664503340e-01 2.822810116923939461e-01
5.145514294631157171e-01 1.578420029760181365e-01
5.155919783597811001e-01 1.351086418640718989e-01
5.166325272564464832e-01 1.001801208446337910e-01
5.176730761531118663e-01 1.453720342848647817e-01
5.187136250497772494e-01 2.060685432940836392e-01
5.197541739464426325e-01 8.576895555222918688e-02
5.207947228431080156e-01 3.617296672213967668e-01
5.218352717397733986e-01 3.391994650552696555e-01
5.228758206364387817e-01 2.990545405226008313e-01
5.239163695331041648e-01 2.876558150973771433e-01
5.249569184297695479e-01 1.434443481383489427e-01
5.259974673264349310e-01 3.457448917442818015e-02
5.270380162231003141e-01 2.787468394755521217e-02
5.280785651197656971e-01 0.000000000000000000e+00
5.291191140164310802e-01 6.159343497561664549e-02
5.301596629130964633e-01 2.596082950925868715e-01
5.312002118097618464e-01 2.216877142943651791e-01
5.322407607064272295e-01 3.552261962829916797e-01
5.332813096030926125e-01 3.511703219725710312e-01
5.343218584997581067e-01 1.442874857222840035e-01
5.353624073964233787e-01 1.775061370882404788e-01
5.364029562930888728e-01 2.869786684405966071e-01
5.374435051897541449e-01 2.885753358787539469e-01
5.384840540864196390e-01 2.438514163546834368e-01
5.395246029830849110e-01 3.361436403994026989e-01
5.405651518797504052e-01 3.861869824624228897e-01
5.416057007764156772e-01 2.598591015144435801e-01
5.426462496730811713e-01 3.378230243678927991e-01
5.436867985697464434e-01 3.713689201284324781e-01
5.447273474664119375e-01 3.362545214191925425e-01
5.457678963630772095e-01 3.605907267535464200e-01
5.468084452597427036e-01 9.461828910616887356e-02
5.478489941564079757e-01 9.423974520882438810e-02
5.488895430530734698e-01 1.095060841560950848e-01
5.499300919497387419e-01 2.239455444778464255e-01
5.509706408464042360e-01 2.914251693222524864e-01
5.520111897430695080e-01 9.934516093576917228e-02
5.530517386397350021e-01 2.190244049100336099e-01
5.540922875364002742e-01 2.755323653398775718e-01
5.551328364330657683e-01 3.780252944973128137e-01
5.561733853297310404e-01 3.329355184683677749e-01
5.572139342263965345e-01 3.557990975144100787e-01
5.582544831230618065e-01 3.418846973165798886e-01
5.592950320197273006e-01 3.205297429492262040e-01
5.603355809163925727e-01 2.673579324642787469e-01
5.613761298130580668e-01 2.909025175583970224e-01
5.624166787097233389e-01 2.954962055413510313e-01
5.634572276063888330e-01 1.568525000932190494e-01
5.644977765030541050e-01 3.307199938418001750e-01
5.655383253997195991e-01 3.253432669747873263e-01
5.665788742963848712e-01 1.788204248463713952e-01
5.676194231930503653e-01 1.116451042396136017e-01
5.686599720897156374e-01 4.047441096424222451e-01
5.697005209863811315e-01 4.792921277790682666e-01
5.707410698830464035e-01 3.464047050227492264e-01
5.717816187797118976e-01 1.729293436657712846e-01
5.728221676763771697e-01 1.860313732712199908e-01
5.738627165730426638e-01 1.684327121268687222e-01
5.749032654697079359e-01 2.080105215451659717e-01
5.759438143663734300e-01 3.416558239605826941e-01
5.769843632630387020e-01 4.298583121301042809e-01
5.780249121597041961e-01 4.383638207676909815e-01
5.790654610563694682e-01 3.086032476243580902e-01
5.801060099530349623e-01 4.048483802819156097e-01
5.811465588497002344e-01 3.692722830306145454e-01
5.821871077463657285e-01 3.144236061838583396e-01
5.832276566430310005e-01 1.671314676536503896e-01
5.842682055396964946e-01 2.726289065050977456e-01
5.853087544363617667e-01 3.558090646204519203e-01
5.863493033330272608e-01 3.460980523071306436e-01
5.873898522296925329e-01 1.822150630466978782e-01
5.884304011263580270e-01 1.308316187379325868e-01
5.894709500230232990e-01 3.231689920917624192e-01
5.905114989196887931e-01 4.427475296993108600e-01
5.915520478163540652e-01 4.531695230902883509e-01
5.925925967130195593e-01 3.511178447436762440e-01
5.936331456096848314e-01 2.823612340288867983e-01
5.946736945063503255e-01 2.671777169543858577e-01
5.957142434030155975e-01 1.605856013774022983e-01
5.967547922996810916e-01 2.832044266368711760e-01
5.977953411963463637e-01 2.501792402680251826e-01
5.988358900930118578e-01 3.123291475139922113e-01
5.998764389896771299e-01 3.600648448868710716e-01
