# q (1/Angstrom), Intensity (arb)
2.078726924066784734e-02 7.442146833629709590e+01
2.212838338006469993e-02 9.621272345241649759e+01
2.346949751946154905e-02 1.198259775496395036e+02
2.481061165885840164e-02 1.785856153061269538e+02
2.615172579825525423e-02 2.145439096181112575e+02
2.749283993765210335e-02 2.245768494589732143e+02
2.883395407704895941e-02 2.336709845529219649e+02
3.017506821644580506e-02 2.400284245059750106e+02
3.151618235584265765e-02 2.374624379897903736e+02
3.285729649523951718e-02 2.358638905479047594e+02
3.419841063463636283e-02 2.310973613371889428e+02
3.553952477403321542e-02 2.267939115829155980e+02
3.688063891343006800e-02 2.244439802622770230e+02
3.822175305282692059e-02 2.221631436205171894e+02
3.956286719222376624e-02 2.190942300804198908e+02
4.090398133162062577e-02 2.161297285781437836e+02
4.224509547101747142e-02 2.144965207764019510e+02
4.358620961041432401e-02 2.109119200066461133e+02
4.492732374981117660e-02 2.082278698044516148e+02
4.626843788920802919e-02 2.062558396669382148e+02
4.760955202860488178e-02 2.045172819762478866e+02
4.895066616800172743e-02 2.028667486781110370e+02
5.029178030739858696e-02 1.996274506594064064e+02
5.163289444679544649e-02 1.999430638207754214e+02
5.297400858619229214e-02 2.004700214649090242e+02
5.431512272558913779e-02 2.022019671968111822e+02
5.565623686498599731e-02 1.997048897177955951e+02
5.699735100438284990e-02 1.964086224386672939e+02
5.833846514377969555e-02 1.951853513804948079e+02
5.967957928317654814e-02 1.938177827946967682e+02
6.102069342257340767e-02 1.943632816779322070e+02
6.236180756197025332e-02 1.932090957528572517e+02
6.370292170136709897e-02 1.922308797948988968e+02
6.504403584076395850e-02 1.894246328267255137e+02
6.638514998016080415e-02 1.883303414835840215e+02
6.772626411955766368e-02 1.874077830481267313e+02
6.906737825895450933e-02 1.860840113606933528e+02
7.040849239835136886e-02 1.843284894012178938e+02
7.174960653774821451e-02 1.814827869648601393e+02
7.309072067714506016e-02 1.803382513265074181e+02
7.443183481654190581e-02 1.785076119966266504e+02
7.577294895593877921e-02 1.756471837894859505e+02
7.711406309533562486e-02 1.738810500505638856e+02
7.845517723473247051e-02 1.724256462070502778e+02
7.979629137412933004e-02 1.703174136741813811e+02
8.113740551352617569e-02 1.684325402515780468e+02
8.247851965292302134e-02 1.672729756506802801e+02
8.381963379231988087e-02 1.647586874077707080e+02
8.516074793171674040e-02 1.613994134945391465e+02
8.650186207111358605e-02 1.590960315710927944e+02
8.784297621051043170e-02 1.561700191794164425e+02
8.918409034990729123e-02 1.542946107081508558e+02
9.052520448930413688e-02 1.519233354586743872e+02
9.186631862870098253e-02 1.503649611536259272e+02
9.320743276809784206e-02 1.499859972934472125e+02
9.454854690749470159e-02 1.484443623853877057e+02
9.588966104689154724e-02 1.447073877284746573e+02
9.723077518628839289e-02 1.419667757642633319e+02
9.857188932568525241e-02 1.395133097409789684e+02
9.991300346508209806e-02 1.369841459594857724e+02
1.012541176044789437e-01 1.353945699632138258e+02
1.025952317438758032e-01 1.334673688510716261e+02
1.039363458832726350e-01 1.322888706221477548e+02
1.052774600226694945e-01 1.305777573816480981e+02
1.066185741620663541e-01 1.280796657985544869e+02
1.079596883014631858e-01 1.262357949679671520e+02
1.093008024408600454e-01 1.238291269227739662e+02
1.106419165802569049e-01 1.220879253461089604e+02
1.119830307196537506e-01 1.202736048363733659e+02
1.133241448590506101e-01 1.177176753911588207e+02
1.146652589984474419e-01 1.155704939181785420e+02
1.160063731378443014e-01 1.129512796727403270e+02
1.173474872772411609e-01 1.104279878262746593e+02
1.186886014166380066e-01 1.095177576456937203e+02
1.200297155560348661e-01 1.085166489009053237e+02
1.213708296954317256e-01 1.065497901587454805e+02
1.227119438348285574e-01 1.042240146314979796e+02
1.240530579742254169e-01 1.015295036133911708e+02
1.253941721136222764e-01 1.002345020841435996e+02
1.267352862530191082e-01 9.809599148981116912e+01
1.280764003924159677e-01 9.581002498890509855e+01
1.294175145318128273e-01 9.299128647482588406e+01
1.307586286712096590e-01 9.069034071971135802e+01
1.320997428106065186e-01 9.026142040028781821e+01
1.334408569500033781e-01 8.859530280600688457e+01
1.347819710894002376e-01 8.680687222434114858e+01
1.361230852287970972e-01 8.499701240469107688e+01
1.374641993681939289e-01 8.379597128457182009e+01
1.388053135075907885e-01 8.102832899504122111e+01
1.401464276469876480e-01 7.926688482912895495e+01
1.414875417863844798e-01 7.712766730765157774e+01
1.428286559257813393e-01 7.624514413131677770e+01
1.441697700651781988e-01 7.452667585359985480e+01
1.455108842045750306e-01 7.194039209961728432e+01
1.468519983439718901e-01 7.086792796525062954e+01
1.481931124833687219e-01 6.908008481739042850e+01
1.495342266227655814e-01 6.758768767441513603e+01
1.508753407621624687e-01 6.632336123669504957e+01
1.522164549015593005e-01 6.470044782817279838e+01
1.535575690409561600e-01 6.348372844341132293e+01
1.548986831803530195e-01 6.184089823138043585e+01
1.562397973197498513e-01 5.895670920029002104e+01
1.575809114591467108e-01 5.792517294935866801e+01
1.589220255985435704e-01 5.727610495388312017e+01
1.602631397379404021e-01 5.521923089479238911e+01
1.616042538773372617e-01 5.329547359734173995e+01
1.629453680167341212e-01 5.216099022427786736e+01
1.642864821561309530e-01 5.085861412898640310e+01
1.656275962955278125e-01 4.924484050883319242e+01
1.669687104349246720e-01 4.788414513240182657e+01
1.683098245743215315e-01 4.747868526125388655e+01
1.696509387137183911e-01 4.583735858337946922e+01
1.709920528531152228e-01 4.427743257666055854e+01
1.723331669925120824e-01 4.341215357284694676e+01
1.736742811319089419e-01 4.216427517567005623e+01
1.750153952713057737e-01 4.065953091303877898e+01
1.763565094107026332e-01 3.944886214959437609e+01
1.776976235500994927e-01 3.766608318894336094e+01
1.790387376894963245e-01 3.609172033499079646e+01
1.803798518288931840e-01 3.581709865635093593e+01
1.817209659682900158e-01 3.461529542080344868e+01
1.830620801076868753e-01 3.372117535088634099e+01
1.844031942470837349e-01 3.318697727137663378e+01
1.857443083864805944e-01 3.218216918596444032e+01
1.870854225258774539e-01 3.052692394580229518e+01
1.884265366652743134e-01 2.899067546958357866e+01
1.897676508046711452e-01 2.880534715076969121e+01
1.911087649440680047e-01 2.818874434252481365e+01
1.924498790834648643e-01 2.705457320823381906e+01
1.937909932228616960e-01 2.666185084805273675e+01
1.951321073622585556e-01 2.541997239813974829e+01
1.964732215016554151e-01 2.454412549283836142e+01
1.978143356410522469e-01 2.323656702074872271e+01
1.991554497804491064e-01 2.210961675288373840e+01
2.004965639198459382e-01 2.199244215194644880e+01
2.018376780592427977e-01 2.146404150437055591e+01
2.031787921986396572e-01 2.024618074650032895e+01
2.045199063380365168e-01 1.896804839851468216e+01
2.058610204774333763e-01 1.881558518300114713e+01
2.072021346168302081e-01 1.768036864272343678e+01
2.085432487562270676e-01 1.725990859722344339e+01
2.098843628956239271e-01 1.715125853828601521e+01
2.112254770350207866e-01 1.670168425190274775e+01
2.125665911744176462e-01 1.621025840334196744e+01
2.139077053138144502e-01 1.529430206593555397e+01
2.152488194532113097e-01 1.456274692486438482e+01
2.165899335926081692e-01 1.412803035688693853e+01
2.179310477320050288e-01 1.405188292411429529e+01
2.192721618714018883e-01 1.318630264183775580e+01
2.206132760107987478e-01 1.252788005734673504e+01
2.219543901501955796e-01 1.206296014569652186e+01
2.232955042895924391e-01 1.180036585220214818e+01
2.246366184289892987e-01 1.122614494494041537e+01
2.259777325683861582e-01 9.877912781286951827e+00
2.273188467077830177e-01 9.290235552603519409e+00
2.286599608471798217e-01 9.517132698559620962e+00
2.300010749865766813e-01 9.214745784736862788e+00
2.313421891259735408e-01 9.168116403664072322e+00
2.326833032653704003e-01 8.888920174412632491e+00
2.340244174047672598e-01 8.437528825854748504e+00
2.353655315441641194e-01 8.184738329257875478e+00
2.367066456835609234e-01 7.447647791457200128e+00
2.380477598229577829e-01 7.126988967942551767e+00
2.393888739623546424e-01 6.814064306701006046e+00
2.407299881017515020e-01 6.562227401337707988e+00
2.420711022411483615e-01 6.290552934278053954e+00
2.434122163805451933e-01 6.252842469302059669e+00
2.447533305199420528e-01 6.213447637168478366e+00
2.460944446593389123e-01 5.658427289570020946e+00
2.474355587987357719e-01 5.460836113046013907e+00
2.487766729381326314e-01 4.899337310819639413e+00
2.501177870775294632e-01 4.743734874299875059e+00
2.514589012169263227e-01 4.416445509521651047e+00
2.528000153563231822e-01 4.689217189206104308e+00
2.541411294957200417e-01 3.851576540329986642e+00
2.554822436351169013e-01 3.470029062741573966e+00
2.568233577745137608e-01 4.087219575119057424e+00
2.581644719139106203e-01 4.018837385907794157e+00
2.595055860533074243e-01 3.566589207052466293e+00
2.608467001927042839e-01 3.791695070946637713e+00
2.621878143321011434e-01 3.434261308768725485e+00
2.635289284714980029e-01 3.504365036459155647e+00
2.648700426108948625e-01 3.704122882881826229e+00
2.662111567502916665e-01 3.582041732332946538e+00
2.675522708896885260e-01 3.524720089122553190e+00
2.688933850290853855e-01 3.314824596188358896e+00
2.702344991684822451e-01 2.905480509053532501e+00
2.715756133078791046e-01 2.742467454423348272e+00
2.729167274472759641e-01 2.604859275170660737e+00
2.742578415866727681e-01 2.926777812393531519e+00
2.755989557260696277e-01 2.561193285691523158e+00
2.769400698654664872e-01 3.068273297328524052e+00
2.782811840048633467e-01 3.057160974664036246e+00
2.796222981442602062e-01 2.314925476502864399e+00
2.809634122836570103e-01 2.065229099729791074e+00
2.823045264230538698e-01 2.200730539079913228e+00
2.836456405624507293e-01 2.515024169565606371e+00
2.849867547018475888e-01 2.320557742297502557e+00
2.863278688412444484e-01 2.154876418602903243e+00
2.876689829806413079e-01 2.549987066595249985e+00
2.890100971200381674e-01 2.615708232186364057e+00
2.903512112594350270e-01 2.597959018877247672e+00
2.916923253988318865e-01 2.433751812920917246e+00
2.930334395382287460e-01 2.190493032754808667e+00
2.943745536776256055e-01 1.854923214521051023e+00
2.957156678170224096e-01 2.020298789498752967e+00
2.970567819564192691e-01 2.215126533810334308e+00
2.983978960958161286e-01 2.266631400603507984e+00
2.997390102352129881e-01 2.331132249734380935e+00
3.010801243746098477e-01 2.123943637227377224e+00
3.024212385140067072e-01 2.344155453214710860e+00
3.037623526534035112e-01 2.174804448128078604e+00
3.051034667928003707e-01 1.964249530839566660e+00
3.064445809321972303e-01 2.338130547126766601e+00
3.077856950715940898e-01 2.067511897819699129e+00
3.091268092109909493e-01 2.020955842488255882e+00
3.104679233503877533e-01 2.215896762529936836e+00
3.118090374897846129e-01 2.430127970626493550e+00
3.131501516291814724e-01 2.759548816357593637e+00
3.144912657685783319e-01 2.593374875360083820e+00
3.158323799079751915e-01 2.315621385669707877e+00
3.171734940473720510e-01 2.488380484904148204e+00
3.185146081867689105e-01 1.726452021330182163e+00
3.198557223261657700e-01 1.859001459400055012e+00
3.211968364655626296e-01 1.781832625315068697e+00
3.225379506049594891e-01 1.685007264598347376e+00
3.238790647443563486e-01 1.881107789032668620e+00
3.252201788837532082e-01 2.278913519445289637e+00
3.265612930231500122e-01 2.395937807712996914e+00
3.279024071625468717e-01 2.400868898173897037e+00
3.292435213019437312e-01 2.130217501719734230e+00
3.305846354413405908e-01 2.496550917769916111e+00
3.319257495807374503e-01 2.371008618791918821e+00
3.332668637201342543e-01 1.942949041979105118e+00
3.346079778595311138e-01 2.119250429956558435e+00
3.359490919989279734e-01 2.190379617179132765e+00
3.372902061383248329e-01 1.965042630456167672e+00
3.386313202777216924e-01 2.217304864492511740e+00
3.399724344171185519e-01 2.314205092911294059e+00
3.413135485565153560e-01 2.501136085519306107e+00
3.426546626959122155e-01 2.519157078119903304e+00
3.439957768353090750e-01 2.414253487251905028e+00
3.453368909747059345e-01 2.319610482741865098e+00
3.466780051141027941e-01 2.507227153998414337e+00
3.480191192534995981e-01 2.640308987057260026e+00
3.493602333928964576e-01 2.384977855440652661e+00
3.507013475322933171e-01 2.433972586774928004e+00
3.520424616716901767e-01 2.308949669594738907e+00
3.533835758110870362e-01 2.210784652126989158e+00
3.547246899504838957e-01 2.376100247978712332e+00
3.560658040898807553e-01 2.020114867198778086e+00
3.574069182292776148e-01 1.998148770905345373e+00
3.587480323686744743e-01 2.041567728116483238e+00
3.600891465080713338e-01 2.245207319709010108e+00
3.614302606474681934e-01 2.322268272524752319e+00
3.627713747868649974e-01 1.915591281943314073e+00
3.641124889262618569e-01 1.918122029250149296e+00
3.654536030656587164e-01 1.776932006424338795e+00
3.667947172050555760e-01 2.160376024313094945e+00
3.681358313444524355e-01 2.412135036904423657e+00
3.694769454838492950e-01 2.240577018281058486e+00
3.708180596232460990e-01 2.046765576427823419e+00
3.721591737626429586e-01 2.126187189701802538e+00
3.735002879020398181e-01 1.852520553650137458e+00
3.748414020414366776e-01 2.235029555509235877e+00
3.761825161808335372e-01 2.085215008520222568e+00
3.775236303202303967e-01 2.072990743529032898e+00
3.788647444596272007e-01 2.117935322963383271e+00
3.802058585990240602e-01 1.822626025064728594e+00
3.815469727384209198e-01 1.831015281447605503e+00
3.828880868778177793e-01 1.997012302554942664e+00
3.842292010172146388e-01 2.358686896772397290e+00
3.855703151566114428e-01 1.969705569689786273e+00
3.869114292960083024e-01 1.714431213132655785e+00
3.882525434354051619e-01 1.994191515357428557e+00
3.895936575748020214e-01 2.124477383203313252e+00
3.909347717141988809e-01 1.804824751302902541e+00
3.922758858535957405e-01 1.578267845284798909e+00
3.936169999929926000e-01 1.792606290242545697e+00
3.949581141323894595e-01 1.519962561735447082e+00
3.962992282717863191e-01 1.524743544068464018e+00
3.976403424111831786e-01 1.635260512147539202e+00
3.989814565505800381e-01 1.870953759286102525e+00
4.003225706899768976e-01 1.675842482322288163e+00
4.016636848293737572e-01 1.695336095138330279e+00
4.030047989687706167e-01 1.620133929485199076e+00
4.043459131081674207e-01 1.505949674523662907e+00
4.056870272475643358e-01 1.816458851692679843e+00
4.070281413869611398e-01 1.743883749828270879e+00
4.083692555263580548e-01 1.829200819687798685e+00
4.097103696657548588e-01 1.728030878058127939e+00
4.110514838051517739e-01 1.501817517606404806e+00
4.123925979445485779e-01 1.544802261414162103e+00
4.137337120839453819e-01 1.695456481618194289e+00
4.150748262233422969e-01 1.486571414821867165e+00
4.164159403627391010e-01 1.130945152364652984e+00
4.177570545021360160e-01 1.242553392276469992e+00
4.190981686415328200e-01 1.287985140140690987e+00
4.204392827809296240e-01 1.200624273762656458e+00
4.217803969203265391e-01 1.133901414121041284e+00
4.231215110597233431e-01 1.152124306206559368e+00
4.244626251991202581e-01 1.245664966576867982e+00
4.258037393385170621e-01 1.333336165780742988e+00
4.271448534779138662e-01 1.581074125148305143e+00
4.284859676173107812e-01 1.811271846926196361e+00
4.298270817567075852e-01 1.430782611338088373e+00
4.311681958961045003e-01 1.104152732434954487e+00
4.325093100355013043e-01 1.051775098100989680e+00
4.338504241748981638e-01 1.175202623615959396e+00
4.351915383142950233e-01 1.017636883983612961e+00
4.365326524536918829e-01 1.315279908481940652e+00
4.378737665930887424e-01 1.398859100436823155e+00
4.392148807324856019e-01 1.339268182265762164e+00
4.405559948718824614e-01 1.245893131983613955e+00
4.418971090112793210e-01 1.257333648924245040e+00
4.432382231506761250e-01 8.931901007088001165e-01
4.445793372900730400e-01 1.107347008659736787e+00
4.459204514294698440e-01 1.463538984683808053e+00
4.472615655688667591e-01 1.491399176758143597e+00
4.486026797082635631e-01 1.302421113159297761e+00
4.499437938476603671e-01 1.016746586675559172e+00
4.512849079870572822e-01 7.774006715083956465e-01
4.526260221264540862e-01 7.970869711164141336e-01
4.539671362658510012e-01 9.885972657252324325e-01
4.553082504052478052e-01 7.621507728524150593e-01
4.566493645446446092e-01 5.886996240371829003e-01
4.579904786840415243e-01 8.700206808058865704e-01
4.593315928234383283e-01 8.982859165144034819e-01
4.606727069628352433e-01 9.015276633850248800e-01
4.620138211022320474e-01 9.001692421585829607e-01
4.633549352416289624e-01 9.460486699240249209e-01
4.646960493810257664e-01 1.201830234536807041e+00
4.660371635204225704e-01 1.443820381383318363e+00
4.673782776598194855e-01 1.209681524560274113e+00
4.687193917992162895e-01 1.075267010851817417e+00
4.700605059386132045e-01 1.108780883239816717e+00
4.714016200780100085e-01 1.198456789357024377e+00
4.727427342174068681e-01 9.870870988105906463e-01
4.740838483568037276e-01 1.034461234396459872e+00
4.754249624962005871e-01 8.123600056715787332e-01
4.767660766355974467e-01 6.381806653508377281e-01
4.781071907749943062e-01 7.847169258352195698e-01
4.794483049143911102e-01 5.123005896525398839e-01
4.807894190537880252e-01 6.466541471334394942e-01
4.821305331931848293e-01 8.147751640124880623e-01
4.834716473325817443e-01 8.833452012464704239e-01
4.848127614719785483e-01 8.639437081553467124e-01
4.861538756113753523e-01 8.975869401440590423e-01
4.874949897507722674e-01 5.073245687192482478e-01
4.888361038901690714e-01 8.414236306877143079e-01
4.901772180295659864e-01 8.102170773962953376e-01
4.915183321689627904e-01 9.389534666297123522e-01
4.928594463083597055e-01 8.428503551152743967e-01
4.942005604477565095e-01 7.954874346599041246e-01
4.955416745871533135e-01 6.173520733717694497e-01
4.968827887265502286e-01 9.854422370019264577e-01
4.982239028659470326e-01 8.012821200704252078e-01
4.995650170053439476e-01 5.753744167470884463e-01
5.009061311447408071e-01 3.609785623775678687e-01
5.022472452841375556e-01 1.757855984266214477e-01
5.035883594235345262e-01 6.570694659124001191e-01
5.049294735629312747e-01 6.344406344327211400e-01
5.062705877023282452e-01 5.313024477983603333e-01
5.076117018417249938e-01 3.287897663125534109e-01
5.089528159811218533e-01 7.298794886645652014e-01
5.102939301205187128e-01 7.891393742937609090e-01
5.116350442599155723e-01 8.399181718299217891e-01
5.129761583993124319e-01 9.363349302001466867e-01
5.143172725387092914e-01 4.778555147786107682e-01
5.156583866781061509e-01 5.120774514906543118e-01
5.169995008175030105e-01 7.211180462913233669e-01
5.183406149568997590e-01 5.806054045790602913e-01
5.196817290962967295e-01 5.713634678890144869e-01
5.210228432356934780e-01 4.006217203433735108e-01
5.223639573750904486e-01 5.171180295100583635e-01
5.237050715144871971e-01 4.673978902729771789e-01
5.250461856538840566e-01 4.988249423043313868e-01
5.263872997932809161e-01 5.061569992877466007e-01
5.277284139326777757e-01 7.375189758904383552e-01
5.290695280720746352e-01 5.466223841680672990e-01
5.304106422114714947e-01 5.380028607032514287e-01
5.317517563508683542e-01 6.335742870038529873e-01
5.330928704902652138e-01 4.499377956690793212e-01
5.344339846296620733e-01 4.538090393407330225e-01
5.357750987690589328e-01 4.438195374288511630e-01
5.371162129084557924e-01 3.530044669079046571e-01
5.384573270478525409e-01 4.120677612611771679e-01
5.397984411872495114e-01 4.689300674031287031e-01
5.411395553266462599e-01 5.163125073926266850e-01
5.424806694660432305e-01 4.525241722510386921e-01
5.438217836054399790e-01 3.422507257148552640e-01
5.451628977448369495e-01 3.051850801631204035e-01
5.465040118842336980e-01 5.314399905910320854e-01
5.478451260236305576e-01 2.965864803368631897e-01
5.491862401630274171e-01 4.413241603497368715e-01
5.505273543024242766e-01 3.625707211725384127e-01
5.518684684418211361e-01 1.117883146888303258e-01
5.532095825812179957e-01 4.002944872503277907e-01
5.545506967206147442e-01 4.458438880885822186e-01
5.558918108600117147e-01 5.603285788053753436e-01
5.572329249994084632e-01 4.400219348013365561e-01
5.585740391388054338e-01 1.189287255470858895e-01
5.599151532782021823e-01 7.822498824064894052e-02
5.612562674175990418e-01 2.156921015846648970e-01
5.625973815569959013e-01 3.893845820962198445e-01
5.639384956963927609e-01 1.020161489918010034e-01
5.652796098357896204e-01 1.800795095292571091e-01
5.666207239751864799e-01 2.965986094935288975e-01
5.679618381145833395e-01 1.764948395045493612e-01
5.693029522539801990e-01 1.470013813721209317e-01
5.706440663933770585e-01 2.798057893956169551e-01
5.719851805327739180e-01 5.202539286009155717e-01
5.733262946721707776e-01 4.629520854224722370e-01
5.746674088115676371e-01 3.318006676542069044e-01
5.760085229509644966e-01 3.849835639058483139e-01
5.773496370903612451e-01 4.981926489437853434e-01
5.786907512297582157e-01 3.199284345632449345e-01
5.800318653691549642e-01 1.033726952126983178e-01
5.813729795085519347e-01 1.707863106626064109e-01
5.827140936479486832e-01 0.000000000000000000e+00
5.840552077873455428e-01 2.238924615356552295e-02
5.853963219267424023e-01 1.677936837678970505e-01
5.867374360661392618e-01 1.443764094671848852e-01
5.880785502055361214e-01 8.167849764230084020e-02
5.894196643449329809e-01 2.004903497045447125e-01
5.907607784843297294e-01 2.516507574991280194e-01
5.921018926237266999e-01 1.797556921493566051e-01
5.934430067631234484e-01 2.537200171515863190e-01
5.947841209025204190e-01 4.987863306617654757e-01
5.961252350419171675e-01 4.795494101075874482e-01
5.974663491813141381e-01 4.465933992550930043e-01
5.988074633207108866e-01 2.488329435162768277e-01
