# q (1/Angstrom), Intensity (arb)
2.078726924066784734e-02 0.000000000000000000e+00
2.212838338006469993e-02 6.218931537565521239e+01
2.346949751946154905e-02 7.819119453365317440e+01
2.481061165885840164e-02 7.880506397925569217e+01
2.615172579825525423e-02 8.471501341574708022e+01
2.749283993765210335e-02 8.913113187786018443e+01
2.883395407704895941e-02 8.668303075917549450e+01
3.017506821644580506e-02 7.865361745917726921e+01
3.151618235584265765e-02 7.196625655858207438e+01
3.285729649523951718e-02 6.661919912284059819e+01
3.419841063463636283e-02 6.142437944978178166e+01
3.553952477403321542e-02 5.569696522273946471e+01
3.688063891343006800e-02 5.409469799429049885e+01
3.822175305282692059e-02 4.496787619682777404e+01
3.956286719222376624e-02 3.972970678386164423e+01
4.090398133162062577e-02 4.069961467451537374e+01
4.224509547101747142e-02 3.651351939169759930e+01
4.358620961041432401e-02 3.281564409601949706e+01
4.492732374981117660e-02 3.034700496734834019e+01
4.626843788920802919e-02 3.084240834955491550e+01
4.760955202860488178e-02 3.057166369021430796e+01
4.895066616800172743e-02 2.653075819341123065e+01
5.029178030739858696e-02 2.486791585407405591e+01
5.163289444679544649e-02 2.386629490193635661e+01
5.297400858619229214e-02 2.369337474812817845e+01
5.431512272558913779e-02 2.470320441566843783e+01
5.565623686498599731e-02 2.438824872346188499e+01
5.699735100438284990e-02 2.380038423858306373e+01
5.833846514377969555e-02 2.297788328516207912e+01
5.967957928317654814e-02 2.213801809426769296e+01
6.102069342257340767e-02 2.224545564585025659e+01
6.236180756197025332e-02 2.030132385872678924e+01
6.370292170136709897e-02 2.055727865856911762e+01
6.504403584076395850e-02 1.762353892817739620e+01
6.638514998016080415e-02 1.906795143240663037e+01
6.772626411955766368e-02 1.930048279614359785e+01
6.906737825895450933e-02 1.893285460511029328e+01
7.040849239835136886e-02 1.929986050866713754e+01
7.174960653774821451e-02 1.845508393611805786e+01
7.309072067714506016e-02 1.841710276295529525e+01
7.443183481654190581e-02 1.878668557350837887e+01
7.577294895593877921e-02 1.872553205020230394e+01
7.711406309533562486e-02 1.974175419816711496e+01
7.845517723473247051e-02 1.943709755754736079e+01
7.979629137412933004e-02 1.852973578788882492e+01
8.113740551352617569e-02 1.818745169085983093e+01
8.247851965292302134e-02 1.784493134463031083e+01
8.381963379231988087e-02 1.891220830299803879e+01
8.516074793171674040e-02 1.951282289834634298e+01
8.650186207111358605e-02 1.788500580572042509e+01
8.784297621051043170e-02 1.667404009877625981e+01
8.918409034990729123e-02 1.712101668481781758e+01
9.052520448930413688e-02 1.831861956858628560e+01
9.186631862870098253e-02 1.883162660635298380e+01
9.320743276809784206e-02 1.661723134524655165e+01
9.454854690749470159e-02 1.788583841074861880e+01
9.588966104689154724e-02 1.927286296635466556e+01
9.723077518628839289e-02 1.855675252833222544e+01
9.857188932568525241e-02 1.841655232701911871e+01
9.991300346508209806e-02 1.861167253450116732e+01
1.012541176044789437e-01 1.709517609651386749e+01
1.025952317438758032e-01 1.713275521134745816e+01
1.039363458832726350e-01 1.795661569778393130e+01
1.052774600226694945e-01 1.774023564572183886e+01
1.066185741620663541e-01 1.638576343027088456e+01
1.079596883014631858e-01 1.743149241117134807e+01
1.093008024408600454e-01 1.830542006552467171e+01
1.106419165802569049e-01 1.807417368212061604e+01
1.119830307196537506e-01 1.890886726816449936e+01
1.133241448590506101e-01 1.788182824777724989e+01
1.146652589984474419e-01 1.801293320547361532e+01
1.160063731378443014e-01 1.855293103505039198e+01
1.173474872772411609e-01 1.801439451232073452e+01
1.186886014166380066e-01 1.712488336264254940e+01
1.200297155560348661e-01 1.642651059998657104e+01
1.213708296954317256e-01 1.717714264662254209e+01
1.227119438348285574e-01 1.656387096068701226e+01
1.240530579742254169e-01 1.768304215825014580e+01
1.253941721136222764e-01 1.761956522850505280e+01
1.267352862530191082e-01 1.672117152953981645e+01
1.280764003924159677e-01 1.640372543593731791e+01
1.294175145318128273e-01 1.572072463496081696e+01
1.307586286712096590e-01 1.747387344867688341e+01
1.320997428106065186e-01 1.803938149961680892e+01
1.334408569500033781e-01 1.687703511721919369e+01
1.347819710894002376e-01 1.592300426123833290e+01
1.361230852287970972e-01 1.726487358051915066e+01
1.374641993681939289e-01 1.744413389167694106e+01
1.388053135075907885e-01 1.687321987479083418e+01
1.401464276469876480e-01 1.745057272384858038e+01
1.414875417863844798e-01 1.708930391738455512e+01
1.428286559257813393e-01 1.657567965317362280e+01
1.441697700651781988e-01 1.669428776292409111e+01
1.455108842045750306e-01 1.689088214985100933e+01
1.468519983439718901e-01 1.573796611952055002e+01
1.481931124833687219e-01 1.521937519397586414e+01
1.495342266227655814e-01 1.611487179601489572e+01
1.508753407621624687e-01 1.677939416732658628e+01
1.522164549015593005e-01 1.675690695730156676e+01
1.535575690409561600e-01 1.698423738476613210e+01
1.548986831803530195e-01 1.633156226998384852e+01
1.562397973197498513e-01 1.683077898306743236e+01
1.575809114591467108e-01 1.671262880350633395e+01
1.589220255985435704e-01 1.630651307208103162e+01
1.602631397379404021e-01 1.665072564417813794e+01
1.616042538773372617e-01 1.510057892119654355e+01
1.629453680167341212e-01 1.551511830979529805e+01
1.642864821561309530e-01 1.642439316926056847e+01
1.656275962955278125e-01 1.646677137736725172e+01
1.669687104349246720e-01 1.667725173571753317e+01
1.683098245743215315e-01 1.664002410052583514e+01
1.696509387137183911e-01 1.615188236795560783e+01
1.709920528531152228e-01 1.588192277456319346e+01
1.723331669925120824e-01 1.550347168441365397e+01
1.736742811319089419e-01 1.615656360485999699e+01
1.750153952713057737e-01 1.577621888556609520e+01
1.763565094107026332e-01 1.530729092052074236e+01
1.776976235500994927e-01 1.543483833563455221e+01
1.790387376894963245e-01 1.566275635156625867e+01
1.803798518288931840e-01 1.575745627432991114e+01
1.817209659682900158e-01 1.602563490622691234e+01
1.830620801076868753e-01 1.562502081373155249e+01
1.844031942470837349e-01 1.507410133605762326e+01
1.857443083864805944e-01 1.460344691914536952e+01
1.870854225258774539e-01 1.444052950428093141e+01
1.884265366652743134e-01 1.498250875274496252e+01
1.897676508046711452e-01 1.580948724798147964e+01
1.911087649440680047e-01 1.536100509040349493e+01
1.924498790834648643e-01 1.486606407040386557e+01
1.937909932228616960e-01 1.474679193848294290e+01
1.951321073622585556e-01 1.402203685842619052e+01
1.964732215016554151e-01 1.447427804150545683e+01
1.978143356410522469e-01 1.407802260260787364e+01
1.991554497804491064e-01 1.435294646302662613e+01
2.004965639198459382e-01 1.491683464612151511e+01
2.018376780592427977e-01 1.490692095056638777e+01
2.031787921986396572e-01 1.471425631724333982e+01
2.045199063380365168e-01 1.481494405476543363e+01
2.058610204774333763e-01 1.455457789172537275e+01
2.072021346168302081e-01 1.388255942571402102e+01
2.085432487562270676e-01 1.408290068441007747e+01
2.098843628956239271e-01 1.371054377842473571e+01
2.112254770350207866e-01 1.421218402647716061e+01
2.125665911744176462e-01 1.388201819679177618e+01
2.139077053138144502e-01 1.383211147946782660e+01
2.152488194532113097e-01 1.385960006247542253e+01
2.165899335926081692e-01 1.379039344229984465e+01
2.179310477320050288e-01 1.408130799746635375e+01
2.192721618714018883e-01 1.446639871871624905e+01
2.206132760107987478e-01 1.379223438551738923e+01
2.219543901501955796e-01 1.360738771063095953e+01
2.232955042895924391e-01 1.332296424950028779e+01
2.246366184289892987e-01 1.412047744169743169e+01
2.259777325683861582e-01 1.419720277619195770e+01
2.273188467077830177e-01 1.376942268099126920e+01
2.286599608471798217e-01 1.353885396217451387e+01
2.300010749865766813e-01 1.364586388764851677e+01
2.313421891259735408e-01 1.309753921687777733e+01
2.326833032653704003e-01 1.361529534466805558e+01
2.340244174047672598e-01 1.406074292137098780e+01
2.353655315441641194e-01 1.341741237933800335e+01
2.367066456835609234e-01 1.320368395707455988e+01
2.380477598229577829e-01 1.296282090010943477e+01
2.393888739623546424e-01 1.331367858423035955e+01
2.407299881017515020e-01 1.184629676849741031e+01
2.420711022411483615e-01 1.214305246319024434e+01
2.434122163805451933e-01 1.297536056335766830e+01
2.447533305199420528e-01 1.354590453572932063e+01
2.460944446593389123e-01 1.336273401280550388e+01
2.474355587987357719e-01 1.282685441772999013e+01
2.487766729381326314e-01 1.258561809770793616e+01
2.501177870775294632e-01 1.254978260654286260e+01
2.514589012169263227e-01 1.246514085146722550e+01
2.528000153563231822e-01 1.198464824210520874e+01
2.541411294957200417e-01 1.221986674192963562e+01
2.554822436351169013e-01 1.183284375636699792e+01
2.568233577745137608e-01 1.235372078223107906e+01
2.581644719139106203e-01 1.227920078969134465e+01
2.595055860533074243e-01 1.226140212329843848e+01
2.608467001927042839e-01 1.236862890448176699e+01
2.621878143321011434e-01 1.214073339730235546e+01
2.635289284714980029e-01 1.223781232873032820e+01
2.648700426108948625e-01 1.177115778521407208e+01
2.662111567502916665e-01 1.057847790522066589e+01
2.675522708896885260e-01 1.093312135976060517e+01
2.688933850290853855e-01 1.146066963525238691e+01
2.702344991684822451e-01 1.183014278013463638e+01
2.715756133078791046e-01 1.099734553887354593e+01
2.729167274472759641e-01 1.081266459809367575e+01
2.742578415866727681e-01 1.157716868941706423e+01
2.755989557260696277e-01 1.126209910103573009e+01
2.769400698654664872e-01 1.136106771196074305e+01
2.782811840048633467e-01 1.051598190753342976e+01
2.796222981442602062e-01 1.130930111985135511e+01
2.809634122836570103e-01 1.120748920594581932e+01
2.823045264230538698e-01 1.172597591798714234e+01
2.836456405624507293e-01 1.137162706532436118e+01
2.849867547018475888e-01 1.166699196314746700e+01
2.863278688412444484e-01 1.145762102971292506e+01
2.876689829806413079e-01 9.695945502271811733e+00
2.890100971200381674e-01 9.802272709610647894e+00
2.903512112594350270e-01 1.010587285664863089e+01
2.916923253988318865e-01 9.764178054903112525e+00
2.930334395382287460e-01 1.047977304893056782e+01
2.943745536776256055e-01 1.102100601395358126e+01
2.957156678170224096e-01 1.208049345193280999e+01
2.970567819564192691e-01 1.115677447232933162e+01
2.983978960958161286e-01 1.100216849454193380e+01
2.997390102352129881e-01 1.055543761833449423e+01
3.010801243746098477e-01 1.012060098318930557e+01
3.024212385140067072e-01 9.653308650715402450e+00
3.037623526534035112e-01 9.877872958096418188e+00
3.051034667928003707e-01 1.052296911224215137e+01
3.064445809321972303e-01 1.009033520370961412e+01
3.077856950715940898e-01 9.452289780599002711e+00
3.091268092109909493e-01 9.480898356306795449e+00
3.104679233503877533e-01 9.392545364774150585e+00
3.118090374897846129e-01 9.525759592903895623e+00
3.131501516291814724e-01 9.571907654373205787e+00
3.144912657685783319e-01 9.288739286135580642e+00
3.158323799079751915e-01 8.922967931466757818e+00
3.171734940473720510e-01 9.660571841345031885e+00
3.185146081867689105e-01 1.029047664195650214e+01
3.198557223261657700e-01 9.970621518360673008e+00
3.211968364655626296e-01 9.320395791846493694e+00
3.225379506049594891e-01 9.463024676373777311e+00
3.238790647443563486e-01 9.475243686669287513e+00
3.252201788837532082e-01 8.899152129599229966e+00
3.265612930231500122e-01 8.751555274774716509e+00
3.279024071625468717e-01 9.413324106797162472e+00
3.292435213019437312e-01 9.601927296807119205e+00
3.305846354413405908e-01 9.165914669264509484e+00
3.319257495807374503e-01 8.776645930421068442e+00
3.332668637201342543e-01 8.729963541969752328e+00
3.346079778595311138e-01 8.796894827637444791e+00
3.359490919989279734e-01 8.587223530945934158e+00
3.372902061383248329e-01 8.453916077224803871e+00
3.386313202777216924e-01 8.651593868266942877e+00
3.399724344171185519e-01 8.469739123869672426e+00
3.413135485565153560e-01 7.990472672635718254e+00
3.426546626959122155e-01 8.115955010884647436e+00
3.439957768353090750e-01 7.865840064029356427e+00
3.453368909747059345e-01 8.138833192814843187e+00
3.466780051141027941e-01 8.194997908346650206e+00
3.480191192534995981e-01 8.211286216367810198e+00
3.493602333928964576e-01 7.978376554717684144e+00
3.507013475322933171e-01 8.540479329369418338e+00
3.520424616716901767e-01 8.498949309024723675e+00
3.533835758110870362e-01 8.195050044490869823e+00
3.547246899504838957e-01 8.142003620110628503e+00
3.560658040898807553e-01 7.940613714211224305e+00
3.574069182292776148e-01 7.631415108613254006e+00
3.587480323686744743e-01 7.730368754804715081e+00
3.600891465080713338e-01 7.600178019708224042e+00
3.614302606474681934e-01 7.173711233535797760e+00
3.627713747868649974e-01 7.721257214965532967e+00
3.641124889262618569e-01 7.530552792422284369e+00
3.654536030656587164e-01 7.395040545361936779e+00
3.667947172050555760e-01 7.543671750558729627e+00
3.681358313444524355e-01 7.997930782795634741e+00
3.694769454838492950e-01 8.022341847353885669e+00
3.708180596232460990e-01 8.081403509700209042e+00
3.721591737626429586e-01 8.314924983989300245e+00
3.735002879020398181e-01 7.659753177958847914e+00
3.748414020414366776e-01 7.173881460185896231e+00
3.761825161808335372e-01 7.055031721721704230e+00
3.775236303202303967e-01 6.504260091185926740e+00
3.788647444596272007e-01 6.568361456642250573e+00
3.802058585990240602e-01 7.529667457641323836e+00
3.815469727384209198e-01 7.730048779240135559e+00
3.828880868778177793e-01 7.505684542634284639e+00
3.842292010172146388e-01 7.785895079046582623e+00
3.855703151566114428e-01 8.013017208276977499e+00
3.869114292960083024e-01 7.056050015781138995e+00
3.882525434354051619e-01 6.941996466492213358e+00
3.895936575748020214e-01 7.128618851149653324e+00
3.909347717141988809e-01 7.725830949918574220e+00
3.922758858535957405e-01 7.625366995421515526e+00
3.936169999929926000e-01 7.244286739825767540e+00
3.949581141323894595e-01 6.788223205361902046e+00
3.962992282717863191e-01 7.214824469555537689e+00
3.976403424111831786e-01 6.703707394322222513e+00
3.989814565505800381e-01 6.744951532596545007e+00
4.003225706899768976e-01 6.740202726675036615e+00
4.016636848293737572e-01 6.799496429413935061e+00
4.030047989687706167e-01 7.305280860678081467e+00
4.043459131081674207e-01 7.671494245936969492e+00
4.056870272475643358e-01 6.890608377276933538e+00
4.070281413869611398e-01 6.202864587240441097e+00
4.083692555263580548e-01 6.218988450312920691e+00
4.097103696657548588e-01 6.565126438798245090e+00
4.110514838051517739e-01 6.730108505182158751e+00
4.123925979445485779e-01 6.878980842341988478e+00
4.137337120839453819e-01 6.728061194783578003e+00
4.150748262233422969e-01 6.582630500661664996e+00
4.164159403627391010e-01 6.453016815355880453e+00
4.177570545021360160e-01 6.612459915635639618e+00
4.190981686415328200e-01 6.677343643129816542e+00
4.204392827809296240e-01 6.054179439519828065e+00
4.217803969203265391e-01 5.825186841278295447e+00
4.231215110597233431e-01 6.418828494857095279e+00
4.244626251991202581e-01 6.674138054583153234e+00
4.258037393385170621e-01 6.311052315026302040e+00
4.271448534779138662e-01 6.079370702859378639e+00
4.284859676173107812e-01 5.922714131245527369e+00
4.298270817567075852e-01 5.705847301803871119e+00
4.311681958961045003e-01 5.776720628363989363e+00
4.325093100355013043e-01 6.301210071282667968e+00
4.338504241748981638e-01 6.323751197274560809e+00
4.351915383142950233e-01 5.757595780142523267e+00
4.365326524536918829e-01 5.794204341346343767e+00
4.378737665930887424e-01 5.648281764350116418e+00
4.392148807324856019e-01 6.591839467681040787e+00
4.405559948718824614e-01 6.447889443419853706e+00
4.418971090112793210e-01 6.224931084251338120e+00
4.432382231506761250e-01 6.663879118342734387e+00
4.445793372900730400e-01 6.461318217359746541e+00
4.459204514294698440e-01 5.700737745281500679e+00
4.472615655688667591e-01 5.796636446111577357e+00
4.486026797082635631e-01 5.831462621437182747e+00
4.499437938476603671e-01 6.070585405699361559e+00
4.512849079870572822e-01 5.594461015817643101e+00
4.526260221264540862e-01 5.877339771655542222e+00
4.539671362658510012e-01 6.217416069735961059e+00
4.553082504052478052e-01 5.761769814563407976e+00
4.566493645446446092e-01 5.847837439832829887e+00
4.579904786840415243e-01 5.651589625494835900e+00
4.593315928234383283e-01 5.665766164707804364e+00
4.606727069628352433e-01 6.152221296899810454e+00
4.620138211022320474e-01 6.032200926478822112e+00
4.633549352416289624e-01 5.483033536369902095e+00
4.646960493810257664e-01 5.498361906060850401e+00
4.660371635204225704e-01 5.477444705843524275e+00
4.673782776598194855e-01 5.410820529025983205e+00
4.687193917992162895e-01 4.723840959981103538e+00
4.700605059386132045e-01 5.354820419125246644e+00
4.714016200780100085e-01 5.994019758696254030e+00
4.727427342174068681e-01 5.512268895835035210e+00
4.740838483568037276e-01 5.189866064019909686e+00
4.754249624962005871e-01 5.293986880686148311e+00
4.767660766355974467e-01 5.286020112536149895e+00
4.781071907749943062e-01 5.621623624527103402e+00
4.794483049143911102e-01 6.143766014862393376e+00
4.807894190537880252e-01 6.018877600432162467e+00
4.821305331931848293e-01 5.005141141283274919e+00
4.834716473325817443e-01 5.689113131665195056e+00
4.848127614719785483e-01 5.729511270491286723e+00
4.861538756113753523e-01 5.193769820231196377e+00
4.874949897507722674e-01 5.093815494733860305e+00
4.888361038901690714e-01 4.920235791522102886e+00
4.901772180295659864e-01 5.149349102864547945e+00
4.915183321689627904e-01 5.195064255791834285e+00
4.928594463083597055e-01 5.192776160184919831e+00
4.942005604477565095e-01 4.897571006236731250e+00
4.955416745871533135e-01 4.980037766917149611e+00
4.968827887265502286e-01 5.015670011061871492e+00
4.982239028659470326e-01 4.652336899350828503e+00
4.995650170053439476e-01 4.886865995365241133e+00
5.009061311447408071e-01 5.006818610494264021e+00
5.022472452841375556e-01 4.385755197299886277e+00
5.035883594235345262e-01 4.636325820094114647e+00
5.049294735629312747e-01 4.538417654780474209e+00
5.062705877023282452e-01 3.907122441316673189e+00
5.076117018417249938e-01 4.217015523094346463e+00
5.089528159811218533e-01 4.675210322405945362e+00
5.102939301205187128e-01 4.561962950869329347e+00
5.116350442599155723e-01 3.979010786759488383e+00
5.129761583993124319e-01 4.134790934708632903e+00
5.143172725387092914e-01 4.342408473765487997e+00
5.156583866781061509e-01 4.586354393566793419e+00
5.169995008175030105e-01 4.450914894444196079e+00
5.183406149568997590e-01 4.642678928395866933e+00
5.196817290962967295e-01 4.496817196181979170e+00
5.210228432356934780e-01 4.385772440140272010e+00
5.223639573750904486e-01 4.293965734411514745e+00
5.237050715144871971e-01 4.522107492088508707e+00
5.250461856538840566e-01 4.879473536609324924e+00
5.263872997932809161e-01 4.388815496500015456e+00
5.277284139326777757e-01 4.411869293963420091e+00
5.290695280720746352e-01 4.404396036214166088e+00
5.304106422114714947e-01 4.559357849346554303e+00
5.317517563508683542e-01 4.249236582593937328e+00
5.330928704902652138e-01 4.514093995566753392e+00
5.344339846296620733e-01 4.302269290369522992e+00
5.357750987690589328e-01 4.411901892855865981e+00
5.371162129084557924e-01 4.210784717892025242e+00
5.384573270478525409e-01 4.002247988014985935e+00
5.397984411872495114e-01 4.053893453348308640e+00
5.411395553266462599e-01 3.707283228173636758e+00
5.424806694660432305e-01 3.891308765092787780e+00
5.438217836054399790e-01 3.932259374247422556e+00
5.451628977448369495e-01 3.539171623681255596e+00
5.465040118842336980e-01 3.386585436988795550e+00
5.478451260236305576e-01 3.858208570307141372e+00
5.491862401630274171e-01 3.744060334051397376e+00
5.505273543024242766e-01 2.974000061825719854e+00
5.518684684418211361e-01 3.077983869520650728e+00
5.532095825812179957e-01 3.088472331758808309e+00
5.545506967206147442e-01 3.582890419028714746e+00
5.558918108600117147e-01 3.518756588670342467e+00
5.572329249994084632e-01 3.636732589233488966e+00
5.585740391388054338e-01 3.463801926970859313e+00
5.599151532782021823e-01 3.070863546403870714e+00
5.612562674175990418e-01 3.170436063155079864e+00
5.625973815569959013e-01 3.100326689205502362e+00
5.639384956963927609e-01 2.997020612217824009e+00
5.652796098357896204e-01 2.749316348055202752e+00
5.666207239751864799e-01 2.786859369120691099e+00
5.679618381145833395e-01 2.083219873629204244e+00
5.693029522539801990e-01 2.752466547372335981e+00
5.706440663933770585e-01 2.503064121647000206e+00
5.719851805327739180e-01 2.509505947757801891e+00
5.733262946721707776e-01 2.560223230012979911e+00
5.746674088115676371e-01 2.436813618094248568e+00
5.760085229509644966e-01 2.802594958088349131e+00
5.773496370903612451e-01 2.303788529510157446e+00
5.786907512297582157e-01 2.010908535647658368e+00
5.800318653691549642e-01 2.193428455232066199e+00
5.813729795085519347e-01 2.645924946569550684e+00
5.827140936479486832e-01 1.925366008047546984e+00
5.840552077873455428e-01 2.235461504426893953e+00
5.853963219267424023e-01 2.403420281972600492e+00
5.867374360661392618e-01 2.386283932100838001e+00
5.880785502055361214e-01 2.415729843949293354e+00
5.894196643449329809e-01 2.026491577136411593e+00
5.907607784843297294e-01 1.891599130900971204e+00
5.921018926237266999e-01 1.543594839534222274e+00
5.934430067631234484e-01 2.080143634283047049e+00
5.947841209025204190e-01 1.982979185432142799e+00
5.961252350419171675e-01 1.936642607688327189e+00
5.974663491813141381e-01 1.954925165601281378e+00
5.988074633207108866e-01 1.869714193557626913e+00
