# q (1/Angstrom), Intensity (arb)
3.063590265382597211e-02 8.638233725623933879e-01
3.167440782643154290e-02 8.583169249187889704e-01
3.271291299903710675e-02 8.121962670824380837e-01
3.375141817164267755e-02 8.004286628344168264e-01
3.478992334424824834e-02 5.203416765901280883e-01
3.582842851685381913e-02 4.060271133997837012e-01
3.686693368945938992e-02 4.477334524113096847e-01
3.790543886206496071e-02 6.553477263811160469e-01
3.894394403467052457e-02 6.319102092674064863e-01
3.998244920727608842e-02 5.089161577834886430e-01
4.102095437988165921e-02 3.977534188927478453e-01
4.205945955248723001e-02 4.831832962259596798e-01
4.309796472509280080e-02 4.013630874039080254e-01
4.413646989769837159e-02 2.220257864514678658e-01
4.517497507030393544e-02 1.803562039183432830e-01
4.621348024290949930e-02 1.079455632941055399e-01
4.725198541551507009e-02 1.239160353304704643e-01
4.829049058812064088e-02 1.977453828272714986e-01
4.932899576072621167e-02 3.348785224068677735e-01
5.036750093333178246e-02 3.820338577044317674e-01
5.140600610593734632e-02 4.200017675201337397e-01
5.244451127854291711e-02 2.272848053668106161e-01
5.348301645114848096e-02 9.311043048844425130e-02
5.452152162375405869e-02 2.558818447695685450e-01
5.556002679635962255e-02 2.702456777236257324e-01
5.659853196896519334e-02 2.314967577363482576e-01
5.763703714157075719e-02 1.656072897828231305e-01
5.867554231417632105e-02 3.022397454227458979e-01
5.971404748678189878e-02 3.681349981256261117e-01
6.075255265938746263e-02 2.472218745779706239e-01
6.179105783199304036e-02 2.637270876306381240e-01
6.282956300459860421e-02 3.683012397504619173e-01
6.386806817720418195e-02 4.246143055312288084e-01
6.490657334980974580e-02 2.587147237046600878e-01
6.594507852241530965e-02 2.430627833311049812e-01
6.698358369502087351e-02 3.609945028369843101e-01
6.802208886762643736e-02 1.820576540491920525e-01
6.906059404023201509e-02 1.370391502643961701e-01
7.009909921283757894e-02 2.197492055497392016e-01
7.113760438544315667e-02 3.023963771598836558e-01
7.217610955804872053e-02 1.110391057618542732e-01
7.321461473065429826e-02 3.802518745970218106e-02
7.425311990325986211e-02 2.290468557469438338e-02
7.529162507586543984e-02 2.976359206907339683e-01
7.633013024847100370e-02 2.919454788580004845e-01
7.736863542107656755e-02 1.947363453215231743e-01
7.840714059368214528e-02 1.155140146090971598e-01
7.944564576628770913e-02 3.389491676123235209e-01
8.048415093889327299e-02 1.668073303700623455e-01
8.152265611149883684e-02 2.433426918475092293e-01
8.256116128410441457e-02 3.831886868044733774e-01
8.359966645670997842e-02 3.682288163458657948e-01
8.463817162931554228e-02 2.061447523396466863e-01
8.567667680192112001e-02 3.147975019580435685e-01
8.671518197452668386e-02 3.669671921197235065e-01
8.775368714713226159e-02 1.900982336678254114e-01
8.879219231973782545e-02 2.050383789212801844e-01
8.983069749234340318e-02 2.891713403037812213e-01
9.086920266494896703e-02 2.749747253803356273e-01
9.190770783755453088e-02 2.453812576598757289e-01
9.294621301016009474e-02 2.637680811557423510e-01
9.398471818276565859e-02 3.493544379963324786e-01
9.502322335537123632e-02 4.091708662250610473e-01
9.606172852797680017e-02 2.732320512111812150e-01
9.710023370058237790e-02 1.540141545973483517e-01
9.813873887318794176e-02 2.349586304442432549e-01
9.917724404579351949e-02 4.106335845250903560e-01
1.002157492183990695e-01 4.181829630252451580e-01
1.012542543910046472e-01 3.962116222154818956e-01
1.022927595636101972e-01 3.755180148772971904e-01
1.033312647362157749e-01 2.495649437557290184e-01
1.043697699088213526e-01 8.423936653202801494e-02
1.054082750814269165e-01 0.000000000000000000e+00
1.064467802540324803e-01 8.372378025465465612e-02
1.074852854266380442e-01 1.684044906541757314e-01
1.085237905992436219e-01 1.394673870177776109e-01
1.095622957718491719e-01 1.977128628152229339e-01
1.106008009444547496e-01 2.298383554532001938e-01
1.116393061170603274e-01 1.810727500441053905e-01
1.126778112896659051e-01 3.334028910659654343e-01
1.137163164622714551e-01 3.559357939761476075e-01
1.147548216348770328e-01 2.128485130935899861e-01
1.157933268074826105e-01 1.194676957592655242e-01
1.168318319800881605e-01 1.665770218181137352e-01
1.178703371526937382e-01 3.895808428380043154e-01
1.189088423252993021e-01 2.687667484251186067e-01
1.199473474979048798e-01 2.099155206869767198e-01
1.209858526705104298e-01 2.038858119101796262e-01
1.220243578431160075e-01 2.711684805337739590e-01
1.230628630157215853e-01 1.701265439593804274e-01
1.241013681883271630e-01 2.447138086330298279e-01
1.251398733609327130e-01 2.674992697025402322e-01
1.261783785335382768e-01 2.406778254332309075e-01
1.272168837061438684e-01 2.131475089780110466e-01
1.282553888787494045e-01 2.065350069104781028e-01
1.292938940513549961e-01 1.477214756447686739e-01
1.303323992239605600e-01 9.972763472829981879e-02
1.313709043965661516e-01 3.095100983687295582e-01
1.324094095691716877e-01 2.920626133667170166e-01
1.334479147417772793e-01 2.427457799140704253e-01
1.344864199143828432e-01 2.139768051185342301e-01
1.355249250869884070e-01 1.817681679994649357e-01
1.365634302595939709e-01 2.384441379242332459e-01
1.376019354321995347e-01 3.162154695228451828e-01
1.386404406048051263e-01 3.515723241218537964e-01
1.396789457774106624e-01 3.028092510076554333e-01
1.407174509500162540e-01 3.297737298209888479e-01
1.417559561226218179e-01 2.561433411614437716e-01
1.427944612952273817e-01 2.925448298467294705e-01
1.438329664678329456e-01 2.059882595186053322e-01
1.448714716404385372e-01 2.874409605608221341e-01
1.459099768130441011e-01 2.750584451219530990e-01
1.469484819856496649e-01 1.850161382535979726e-01
1.479869871582552288e-01 1.851615675695761354e-01
1.490254923308607926e-01 2.586511798407862273e-01
1.500639975034663842e-01 3.947925903620763677e-01
1.511025026760719481e-01 3.285996771547026185e-01
1.521410078486775119e-01 3.291296235539356019e-01
1.531795130212830758e-01 3.219686078650347838e-01
1.542180181938886396e-01 2.707912543956929596e-01
1.552565233664942035e-01 3.119880689031084842e-01
1.562950285390997951e-01 2.742762695419393992e-01
1.573335337117053589e-01 2.463358067861207701e-01
1.583720388843109228e-01 2.177344609123643693e-01
1.594105440569164867e-01 2.012302565428534251e-01
1.604490492295220783e-01 2.331205635409183685e-01
1.614875544021276144e-01 3.488651464940950575e-01
1.625260595747332060e-01 2.865584696411431764e-01
1.635645647473387698e-01 2.358724932834377341e-01
1.646030699199443337e-01 2.275539340025645174e-01
1.656415750925498975e-01 2.479565920063571127e-01
1.666800802651554614e-01 2.080946854007308389e-01
1.677185854377610530e-01 1.712535468732063748e-01
1.687570906103665891e-01 2.707564028852083027e-01
1.697955957829721807e-01 2.957102386878425193e-01
1.708341009555777446e-01 2.759083642304318573e-01
1.718726061281833362e-01 1.871520768152521441e-01
1.729111113007888723e-01 2.000242192387347018e-01
1.739496164733944639e-01 2.490870388539363489e-01
1.749881216460000277e-01 3.074129501968343448e-01
1.760266268186055916e-01 2.547486516089918496e-01
1.770651319912111554e-01 2.429097846507453085e-01
1.781036371638167193e-01 2.530087208639137941e-01
1.791421423364223109e-01 3.058220638261914814e-01
1.801806475090278470e-01 2.922327957204018389e-01
1.812191526816334386e-01 2.063419971917284101e-01
1.822576578542390024e-01 1.226762838515931264e-01
1.832961630268445663e-01 1.605356081250803868e-01
1.843346681994501302e-01 2.547326986724307574e-01
1.853731733720557218e-01 2.556837422783466707e-01
1.864116785446612856e-01 1.748999541416011994e-01
1.874501837172668495e-01 3.108981725699457854e-01
1.884886888898724133e-01 2.884770901358564288e-01
1.895271940624779772e-01 2.415497048481611841e-01
1.905656992350835688e-01 2.641459141460735793e-01
1.916042044076891049e-01 3.591698401574454635e-01
1.926427095802946965e-01 2.575889133124569241e-01
1.936812147529002603e-01 2.016900915071175859e-01
1.947197199255058242e-01 2.709060559000384671e-01
1.957582250981113881e-01 2.631789553633048229e-01
1.967967302707169797e-01 1.614518991675737425e-01
1.978352354433225435e-01 2.172712180711116048e-01
1.988737406159281074e-01 2.503711227570803999e-01
1.999122457885336712e-01 3.351878478547938300e-01
2.009507509611392351e-01 3.186145834321401082e-01
2.019892561337448267e-01 2.634091148351203060e-01
2.030277613063503905e-01 2.929524854874188122e-01
2.040662664789559266e-01 2.948570756581219143e-01
2.051047716515614905e-01 3.210802063083342262e-01
2.061432768241670821e-01 2.658471890749503075e-01
2.071817819967726459e-01 2.435094127456594038e-01
2.082202871693782376e-01 2.610531967231644046e-01
2.092587923419838014e-01 2.809290357274534244e-01
2.102972975145893653e-01 2.943441926245142781e-01
2.113358026871949014e-01 3.318596985012334244e-01
2.123743078598004930e-01 2.890243689120310933e-01
2.134128130324060568e-01 3.557737183927223157e-01
2.144513182050116207e-01 3.117222443978135971e-01
2.154898233776172123e-01 1.717497086833219555e-01
2.165283285502227761e-01 2.069018039766881145e-01
2.175668337228283677e-01 2.218265852069940536e-01
2.186053388954338761e-01 2.457295832423547211e-01
2.196438440680394677e-01 2.640675146640987236e-01
2.206823492406450316e-01 2.176298147662905080e-01
2.217208544132506232e-01 1.399516412659416176e-01
2.227593595858561870e-01 2.481820280097615239e-01
2.237978647584617509e-01 2.355415025733407219e-01
2.248363699310673425e-01 2.186945862767224469e-01
2.258748751036728786e-01 3.194559781719661373e-01
2.269133802762784424e-01 1.839610373269842114e-01
2.279518854488840063e-01 2.120102855279846210e-01
2.289903906214895979e-01 2.426651800297534578e-01
2.300288957940951617e-01 1.512018016175957769e-01
2.310674009667007534e-01 1.320485820795909149e-01
2.321059061393063172e-01 1.955033241634822616e-01
2.331444113119118533e-01 2.046043178936010065e-01
2.341829164845174172e-01 2.275606038880013671e-01
2.352214216571230088e-01 2.372998663360306182e-01
2.362599268297285726e-01 2.637991520624929365e-01
2.372984320023341365e-01 2.644487400316748449e-01
2.383369371749397281e-01 2.152481876132341654e-01
2.393754423475452919e-01 2.736697852523306551e-01
2.404139475201508835e-01 3.044713122765045910e-01
2.414524526927563919e-01 2.434661774688038349e-01
2.424909578653619835e-01 1.872834981613600291e-01
2.435294630379675473e-01 2.497441968838529647e-01
2.445679682105731390e-01 3.281311067840810836e-01
2.456064733831787028e-01 3.282748744980459321e-01
2.466449785557842667e-01 2.523421033094983557e-01
2.476834837283898583e-01 2.964959216278124643e-01
2.487219889009953944e-01 2.700913858452516081e-01
2.497604940736009582e-01 2.282180955585069171e-01
2.507989992462065221e-01 3.529032391390316548e-01
2.518375044188120859e-01 3.575948021737254123e-01
2.528760095914177053e-01 2.876914692362788628e-01
2.539145147640232691e-01 3.161736001405550667e-01
2.549530199366288330e-01 2.352444815407075396e-01
2.559915251092343413e-01 2.669893968181362709e-01
2.570300302818399607e-01 2.913089458891100492e-01
2.580685354544455246e-01 2.850124260235737950e-01
2.591070406270510884e-01 1.835195576417660845e-01
2.601455457996566523e-01 2.526018096616517994e-01
2.611840509722622161e-01 2.895015736100461368e-01
2.622225561448678355e-01 2.134076403852240844e-01
2.632610613174733438e-01 2.263149930206367344e-01
2.642995664900789077e-01 2.053985327551366424e-01
2.653380716626844715e-01 2.232947340892685872e-01
2.663765768352900909e-01 2.133259798226738724e-01
2.674150820078956547e-01 1.984419007387110412e-01
2.684535871805012186e-01 2.915374394036334138e-01
2.694920923531067825e-01 2.998956619886854469e-01
2.705305975257123463e-01 2.364342679795043978e-01
2.715691026983179102e-01 2.579674444682886758e-01
2.726076078709234740e-01 3.149714256140221380e-01
2.736461130435290379e-01 4.010047258131343995e-01
2.746846182161346017e-01 3.476038254718574194e-01
2.757231233887402211e-01 2.750733430244594047e-01
2.767616285613457849e-01 2.665925531315487262e-01
2.778001337339512933e-01 1.990684425529103407e-01
2.788386389065568571e-01 2.069545026978687474e-01
2.798771440791624765e-01 2.503660857235878723e-01
2.809156492517680404e-01 3.678970523981881513e-01
2.819541544243736042e-01 3.598791139689190288e-01
2.829926595969791681e-01 3.599969046544586604e-01
2.840311647695847319e-01 2.756867293827767185e-01
2.850696699421902958e-01 3.174687769408919280e-01
2.861081751147958596e-01 2.839507734477635381e-01
2.871466802874014235e-01 2.537110627228678084e-01
2.881851854600069873e-01 2.254470278508051706e-01
2.892236906326126067e-01 2.178286524131607393e-01
2.902621958052181705e-01 2.078348310451900716e-01
2.913007009778237344e-01 2.086533118459392711e-01
2.923392061504292427e-01 2.459476288566726510e-01
2.933777113230348621e-01 2.531489742734542858e-01
2.944162164956404260e-01 2.256503782727676821e-01
2.954547216682459898e-01 3.203692794708778990e-01
2.964932268408515537e-01 3.443553576747930833e-01
2.975317320134571175e-01 2.930491575463491927e-01
2.985702371860627369e-01 2.316164549758639168e-01
2.996087423586683007e-01 2.081817672387273888e-01
3.006472475312738091e-01 2.579862229301248533e-01
3.016857527038794284e-01 2.297514510717846292e-01
3.027242578764849923e-01 2.347034061461066301e-01
3.037627630490905561e-01 2.228562311475350555e-01
3.048012682216961200e-01 2.184693676401074924e-01
3.058397733943016839e-01 2.894958124146427281e-01
3.068782785669073032e-01 2.581865133623004738e-01
3.079167837395128116e-01 2.475944016613489396e-01
3.089552889121183754e-01 2.283600998679986560e-01
3.099937940847239393e-01 2.763867803444597371e-01
3.110322992573295586e-01 2.475632305426174185e-01
3.120708044299351225e-01 2.849112909853630526e-01
3.131093096025406863e-01 2.915912745166551190e-01
3.141478147751462502e-01 2.981475932648400828e-01
3.151863199477518140e-01 3.191672711152691022e-01
3.162248251203573779e-01 2.875758772543406394e-01
3.172633302929629417e-01 3.421086635083696592e-01
3.183018354655685056e-01 2.462638213417349675e-01
3.193403406381740695e-01 2.122577564263536942e-01
3.203788458107796888e-01 2.285670464939215663e-01
3.214173509833852527e-01 2.126549038087404142e-01
3.224558561559907610e-01 2.753494148351514070e-01
3.234943613285963249e-01 2.354177360780482786e-01
3.245328665012019442e-01 2.013040751593209166e-01
3.255713716738075081e-01 2.819783796291339684e-01
3.266098768464130719e-01 2.738259878868483099e-01
3.276483820190186358e-01 2.913110555727840278e-01
3.286868871916241996e-01 2.914807672468278099e-01
3.297253923642297635e-01 1.909978155719151971e-01
3.307638975368353274e-01 2.044302157852300184e-01
3.318024027094408912e-01 2.685535151142097732e-01
3.328409078820464551e-01 2.395412685511466577e-01
3.338794130546520744e-01 3.009133810656763330e-01
3.349179182272576383e-01 3.371040560375817563e-01
3.359564233998632021e-01 3.106716706593104504e-01
3.369949285724687105e-01 2.448154486423916865e-01
3.380334337450743298e-01 2.550950115737933288e-01
3.390719389176798937e-01 2.675263436672921102e-01
3.401104440902854575e-01 2.490263044191252106e-01
3.411489492628910214e-01 2.787111411449245679e-01
3.421874544354965852e-01 2.668969653948423115e-01
3.432259596081022046e-01 2.417739883919587385e-01
3.442644647807077130e-01 2.669467101115117202e-01
3.453029699533132768e-01 3.011323329749480138e-01
3.463414751259188407e-01 3.016551991845020098e-01
3.473799802985244600e-01 2.383052336535520510e-01
3.484184854711300239e-01 2.361268904744449060e-01
3.494569906437355877e-01 2.366823031163320934e-01
3.504954958163411516e-01 3.239003040496015728e-01
3.515340009889467154e-01 3.314291233494799371e-01
3.525725061615522793e-01 2.725830339512924638e-01
3.536110113341578431e-01 2.913047926594209969e-01
3.546495165067634070e-01 2.646735848701844418e-01
3.556880216793689709e-01 3.038147554376422477e-01
3.567265268519745902e-01 2.886956038020223048e-01
3.577650320245801541e-01 2.760646912343496240e-01
3.588035371971856624e-01 2.398344161146788167e-01
3.598420423697912263e-01 2.137393076835998329e-01
3.608805475423968456e-01 1.764833451253089436e-01
3.619190527150024095e-01 2.420552241946225536e-01
3.629575578876079733e-01 3.394471776792613582e-01
3.639960630602135372e-01 3.632962740888174835e-01
3.650345682328191010e-01 2.667563104935801732e-01
3.660730734054246649e-01 2.756793756805144824e-01
3.671115785780302287e-01 2.177537217150522508e-01
3.681500837506357926e-01 2.569908290832856324e-01
3.691885889232413565e-01 2.357834651121777370e-01
3.702270940958469758e-01 2.126622581347952234e-01
3.712655992684525397e-01 2.544377102842823035e-01
3.723041044410581035e-01 2.424916960811529520e-01
3.733426096136636674e-01 2.342613586367185974e-01
3.743811147862692312e-01 2.495975521136060138e-01
3.754196199588747951e-01 3.296153663970571301e-01
3.764581251314803589e-01 3.025407149555618957e-01
3.774966303040859228e-01 2.553519436921405372e-01
3.785351354766914866e-01 2.409525363569748890e-01
3.795736406492971060e-01 2.851336517558280548e-01
3.806121458219026699e-01 3.025616518871707683e-01
3.816506509945081782e-01 2.561099978692240597e-01
3.826891561671137421e-01 2.063762223894904935e-01
3.837276613397193614e-01 2.395518798979061614e-01
3.847661665123249253e-01 3.193088923837805737e-01
3.858046716849304891e-01 3.287371468770174943e-01
3.868431768575360530e-01 2.309249105192314744e-01
3.878816820301416168e-01 1.964638745220135263e-01
3.889201872027471807e-01 2.212669239256221942e-01
3.899586923753527445e-01 2.917756569396168231e-01
3.909971975479583084e-01 3.103594651570951157e-01
3.920357027205638722e-01 3.180518574954795952e-01
3.930742078931694916e-01 3.432704887145199280e-01
3.941127130657750555e-01 2.795121745544371095e-01
3.951512182383806193e-01 2.856395400456506195e-01
3.961897234109861277e-01 2.861808613905871823e-01
3.972282285835917470e-01 2.558942008330404860e-01
3.982667337561973109e-01 2.423101889336436443e-01
3.993052389288028747e-01 2.500187421518198505e-01
4.003437441014084941e-01 2.563710031335482142e-01
4.013822492740140579e-01 2.019380094917977431e-01
4.024207544466196218e-01 2.420382909534275484e-01
4.034592596192252412e-01 2.269406818116550539e-01
4.044977647918308050e-01 3.019524194452607446e-01
4.055362699644363689e-01 2.743664326165919931e-01
4.065747751370419327e-01 2.683928432665787511e-01
4.076132803096474411e-01 2.427940980578746633e-01
4.086517854822530049e-01 3.047185532410274789e-01
4.096902906548585688e-01 2.986776552354299952e-01
4.107287958274641326e-01 2.615089826302003928e-01
4.117673010000697520e-01 3.047924448636294414e-01
4.128058061726753158e-01 2.597751252200168892e-01
4.138443113452808797e-01 2.633198106502128155e-01
4.148828165178864436e-01 2.733101931531507489e-01
4.159213216904920074e-01 3.411300697163532902e-01
4.169598268630976268e-01 3.549010017893365898e-01
4.179983320357031906e-01 3.061443595295010311e-01
4.190368372083087545e-01 3.064573693940069177e-01
4.200753423809143183e-01 2.768145023593575615e-01
4.211138475535198822e-01 2.657075155390735688e-01
4.221523527261253905e-01 2.398553976397188592e-01
4.231908578987309544e-01 1.942249806648206345e-01
4.242293630713365182e-01 2.435518582007247801e-01
4.252678682439421376e-01 2.914259890868073910e-01
4.263063734165477014e-01 3.209120024352749567e-01
4.273448785891532653e-01 2.473477186485517620e-01
4.283833837617588292e-01 2.493457411662483025e-01
4.294218889343643930e-01 2.191524582124877440e-01
4.304603941069700124e-01 2.655076980088288963e-01
4.314988992795755762e-01 2.462311414471933801e-01
4.325374044521811401e-01 2.535124222015099349e-01
4.335759096247867039e-01 2.274149745080187301e-01
4.346144147973922678e-01 1.671350729294793780e-01
4.356529199699978872e-01 1.810180030883685731e-01
4.366914251426033400e-01 2.819895811696611077e-01
4.377299303152089038e-01 2.893057407460588593e-01
4.387684354878145232e-01 2.612599967146138624e-01
4.398069406604200871e-01 2.301278694742201480e-01
4.408454458330256509e-01 1.974965894086864182e-01
4.418839510056312148e-01 1.724888849627355114e-01
4.429224561782367786e-01 1.855199663867139748e-01
4.439609613508423980e-01 1.714919383399760022e-01
4.449994665234479618e-01 1.774600896824232166e-01
4.460379716960535257e-01 2.501060522609357406e-01
4.470764768686590895e-01 2.965425783442370289e-01
4.481149820412646534e-01 2.785494804592119067e-01
4.491534872138702728e-01 2.485849665019337351e-01
4.501919923864758366e-01 2.938434678959502833e-01
4.512304975590812894e-01 2.960046115162811020e-01
4.522690027316869088e-01 3.098877718688513028e-01
4.533075079042924727e-01 2.983510281376666740e-01
4.543460130768980365e-01 2.478186095039731640e-01
4.553845182495036004e-01 2.553178864097347400e-01
4.564230234221091642e-01 2.509483162028516290e-01
4.574615285947147836e-01 2.578939548269865156e-01
4.585000337673203474e-01 2.371163602883932242e-01
4.595385389399259113e-01 2.350147872046655095e-01
4.605770441125314751e-01 2.203423900781231737e-01
4.616155492851370390e-01 2.279707146820868502e-01
4.626540544577426584e-01 2.906733100075200582e-01
4.636925596303482222e-01 2.383486292376133520e-01
4.647310648029537861e-01 2.881518064965362669e-01
4.657695699755592944e-01 2.697856305484194195e-01
4.668080751481648583e-01 2.422815915924303454e-01
4.678465803207704221e-01 2.671694612832737903e-01
4.688850854933759860e-01 2.742036273475036978e-01
4.699235906659815498e-01 2.528103732854170005e-01
4.709620958385871692e-01 2.979775706544565139e-01
4.720006010111927330e-01 2.305700414091234052e-01
4.730391061837982969e-01 2.502446128113042789e-01
4.740776113564038607e-01 2.823350254232011025e-01
4.751161165290094246e-01 1.894901858663224914e-01
4.761546217016150440e-01 2.082353604014670623e-01
4.771931268742206078e-01 2.218207958930982215e-01
4.782316320468261717e-01 2.481245896496773184e-01
4.792701372194317355e-01 2.526915764270789566e-01
4.803086423920372994e-01 2.729541025670023657e-01
4.813471475646428077e-01 2.220108008374843678e-01
4.823856527372483716e-01 1.916249951453856681e-01
4.834241579098539354e-01 2.220274761580753875e-01
4.844626630824595548e-01 1.948231812247449568e-01
4.855011682550651186e-01 1.941587959734327740e-01
4.865396734276706825e-01 2.598431397235572149e-01
4.875781786002762463e-01 2.942813333215745786e-01
4.886166837728818102e-01 2.473529976186696899e-01
4.896551889454874296e-01 2.153118220084699885e-01
4.906936941180929934e-01 2.212551929167325682e-01
4.917321992906985573e-01 2.229612160353404704e-01
4.927707044633041211e-01 2.672938305259542346e-01
4.938092096359096850e-01 2.493703374234108594e-01
4.948477148085153043e-01 2.686229496426371099e-01
4.958862199811207572e-01 2.523653155161014183e-01
4.969247251537263210e-01 2.282472498380414550e-01
4.979632303263319404e-01 2.290087614875737643e-01
4.990017354989375042e-01 2.564447821982618336e-01
5.000402406715430681e-01 2.258719916756390944e-01
5.010787458441486875e-01 2.801509462807203477e-01
5.021172510167541958e-01 2.793829118692592317e-01
5.031557561893598152e-01 2.503411448874430789e-01
5.041942613619653235e-01 1.963559420768419272e-01
5.052327665345709429e-01 1.879283510573301896e-01
5.062712717071765622e-01 2.414095419501727235e-01
5.073097768797820706e-01 2.011742063607471209e-01
5.083482820523876899e-01 2.145667178370871397e-01
5.093867872249931983e-01 2.056248554548218976e-01
5.104252923975987066e-01 2.130425411204903696e-01
5.114637975702043260e-01 2.113470168140096916e-01
5.125023027428098343e-01 2.541053991529125256e-01
5.135408079154154537e-01 2.077666219071936382e-01
5.145793130880210731e-01 2.288702426739490647e-01
5.156178182606265814e-01 2.671770215495570255e-01
5.166563234332322008e-01 2.140441921947413562e-01
5.176948286058377091e-01 1.676990953477250912e-01
5.187333337784433285e-01 1.179604336428887734e-01
5.197718389510489478e-01 1.535919946341302023e-01
5.208103441236544562e-01 2.301593370358894219e-01
5.218488492962600755e-01 2.274479217863927261e-01
5.228873544688655839e-01 2.597322502808303568e-01
5.239258596414712033e-01 3.054983979107213088e-01
5.249643648140767116e-01 2.520686802331049137e-01
5.260028699866822199e-01 2.341030838112239110e-01
5.270413751592878393e-01 2.598234940785388858e-01
5.280798803318934587e-01 2.279164952910761599e-01
5.291183855044989670e-01 2.104098238405534005e-01
5.301568906771045864e-01 2.075717866760911079e-01
5.311953958497100947e-01 1.887659799224259416e-01
5.322339010223157141e-01 1.858382772720688081e-01
5.332724061949213334e-01 1.608935620578542114e-01
5.343109113675268418e-01 1.776773603010610714e-01
5.353494165401324612e-01 1.792466476287444266e-01
5.363879217127379695e-01 1.588090853696115801e-01
5.374264268853435889e-01 1.869511276114046439e-01
5.384649320579492082e-01 2.088374983935530338e-01
5.395034372305547166e-01 2.150353080059659305e-01
5.405419424031602249e-01 2.339505085841899756e-01
5.415804475757658443e-01 2.227926483656297307e-01
5.426189527483713526e-01 1.794674905256457009e-01
5.436574579209769720e-01 1.582858970702929469e-01
5.446959630935824803e-01 1.571375866830102552e-01
5.457344682661880997e-01 2.088145742380831393e-01
5.467729734387937190e-01 2.245723676669584279e-01
5.478114786113992274e-01 1.928049253284278564e-01
5.488499837840048468e-01 2.050403669191140921e-01
5.498884889566103551e-01 1.874372558966683755e-01
5.509269941292159745e-01 1.771224966189066663e-01
5.519654993018215938e-01 1.700626809566863074e-01
5.530040044744271022e-01 1.878169609362174697e-01
5.540425096470327215e-01 2.083595877004000840e-01
5.550810148196382299e-01 1.846648560876609224e-01
5.561195199922437382e-01 1.918764277325131218e-01
5.571580251648493576e-01 1.862496092044203522e-01
5.581965303374548659e-01 1.757153847544472569e-01
5.592350355100604853e-01 1.818343404403854890e-01
5.602735406826661047e-01 2.194192409538366917e-01
5.613120458552716130e-01 1.773171831387010400e-01
5.623505510278772324e-01 1.643480582101162213e-01
5.633890562004827407e-01 2.195739370624352205e-01
5.644275613730883601e-01 2.123969890895835988e-01
5.654660665456939794e-01 2.254808823741498713e-01
5.665045717182994878e-01 2.332868175250339959e-01
5.675430768909051071e-01 2.353182258737902544e-01
5.685815820635106155e-01 2.433055329420383828e-01
5.696200872361161238e-01 2.136857960306599580e-01
5.706585924087217432e-01 2.023666956318770360e-01
5.716970975813272515e-01 2.132642189574589509e-01
5.727356027539328709e-01 2.276528502977406276e-01
5.737741079265384903e-01 2.032557187081742711e-01
5.748126130991439986e-01 2.290395245943237512e-01
5.758511182717496180e-01 2.421946191771588985e-01
5.768896234443551263e-01 2.277387604921727871e-01
5.779281286169607457e-01 1.608697435234134332e-01
5.789666337895663650e-01 1.780146214343858446e-01
5.800051389621718734e-01 1.747557599716955679e-01
5.810436441347774927e-01 1.996308497079049005e-01
5.820821493073830011e-01 1.790681612653912680e-01
5.831206544799886204e-01 1.652757654537673204e-01
5.841591596525941288e-01 1.628405509678145791e-01
5.851976648251996371e-01 1.571102471182186378e-01
5.862361699978052565e-01 1.265626108341315614e-01
5.872746751704108759e-01 1.421779444756161581e-01
5.883131803430163842e-01 1.747059129368828678e-01
5.893516855156220036e-01 1.465030137096476892e-01
5.903901906882275119e-01 1.533786589293946179e-01
5.914286958608331313e-01 1.384296696348847888e-01
5.924672010334387506e-01 1.383667738588023610e-01
5.935057062060442590e-01 1.205141033139014439e-01
5.945442113786498783e-01 1.546776523836221884e-01
5.955827165512553867e-01 1.694505023383783282e-01
5.966212217238610060e-01 1.466963252241271221e-01
5.976597268964666254e-01 1.671836732873472897e-01
5.986982320690721338e-01 1.457865592175373592e-01
5.997367372416776421e-01 1.494884736273398573e-01
