# q (1/Angstrom), Intensity (arb)
2.029070354705860696e-02 3.438510539492170892e+00
2.133125244372399004e-02 2.063926642706377379e+00
2.237180134038937659e-02 1.707026028611835500e-02
2.341235023705475968e-02 0.000000000000000000e+00
2.445289913372014276e-02 5.420737206901122818e-01
2.549344803038552584e-02 8.374621882172164078e-01
2.653399692705091240e-02 4.249560635869755743e-01
2.757454582371629548e-02 1.576030427420079150e+00
2.861509472038167856e-02 1.943577069346275721e+00
2.965564361704706164e-02 3.181564592136624015e+00
3.069619251371244473e-02 2.988571163201584113e+00
3.173674141037782781e-02 3.132719209664116988e+00
3.277729030704321089e-02 3.449390908760925356e+00
3.381783920370859398e-02 3.804179745808930591e+00
3.485838810037397706e-02 3.765918775610366254e+00
3.589893699703936014e-02 3.873421713890579099e+00
3.693948589370474322e-02 4.089856426759453711e+00
3.798003479037012631e-02 3.901177950114274040e+00
3.902058368703550939e-02 3.999461327773580877e+00
4.006113258370089247e-02 4.057916833569478854e+00
4.110168148036627556e-02 4.491364480780113411e+00
4.214223037703165864e-02 5.010032504032643885e+00
4.318277927369704866e-02 4.869867326003877395e+00
4.422332817036243174e-02 5.604900345446232279e+00
4.526387706702781483e-02 5.600890829549651784e+00
4.630442596369319791e-02 5.186821551819829068e+00
4.734497486035858099e-02 5.122133286191235868e+00
4.838552375702396408e-02 4.776041563902591491e+00
4.942607265368934716e-02 4.891377338160403099e+00
5.046662155035473024e-02 4.973320439641330637e+00
5.150717044702011332e-02 5.081672926970131954e+00
5.254771934368549641e-02 4.771711282117887976e+00
5.358826824035087949e-02 4.908893483171976158e+00
5.462881713701626257e-02 5.200075627042913595e+00
5.566936603368164566e-02 5.796350551351128644e+00
5.670991493034702874e-02 5.529194303943526734e+00
5.775046382701241182e-02 5.598654502413342726e+00
5.879101272367779490e-02 5.874563080638594670e+00
5.983156162034317799e-02 6.030005344972021675e+00
6.087211051700856107e-02 6.167037459873153438e+00
6.191265941367394415e-02 6.006607820552076760e+00
6.295320831033933417e-02 6.002970865908430653e+00
6.399375720700471726e-02 5.672005468135033368e+00
6.503430610367010034e-02 5.614347743637953414e+00
6.607485500033548342e-02 5.775028100208078996e+00
6.711540389700086651e-02 5.767449091531229755e+00
6.815595279366624959e-02 5.800987970947563355e+00
6.919650169033163267e-02 5.729993040312290731e+00
7.023705058699701576e-02 5.862449837296416888e+00
7.127759948366239884e-02 5.762840650182059932e+00
7.231814838032778192e-02 5.043443955380400467e+00
7.335869727699316500e-02 5.313623834503520271e+00
7.439924617365854809e-02 5.851040638424436224e+00
7.543979507032393117e-02 5.816651157423979868e+00
7.648034396698931425e-02 5.696566229505105383e+00
7.752089286365469734e-02 5.424435865539450674e+00
7.856144176032008042e-02 5.801105611325425571e+00
7.960199065698546350e-02 5.599072589524499932e+00
8.064253955365084658e-02 5.281347811433047212e+00
8.168308845031622967e-02 5.670432422304209297e+00
8.272363734698161275e-02 5.704989554846434885e+00
8.376418624364699583e-02 5.776286958591814624e+00
8.480473514031239279e-02 5.864065320205007481e+00
8.584528403697777588e-02 5.718727063368696406e+00
8.688583293364315896e-02 5.954213927011416274e+00
8.792638183030854204e-02 6.191372667575507194e+00
8.896693072697392513e-02 5.692937784914143151e+00
9.000747962363930821e-02 6.088735779278881211e+00
9.104802852030469129e-02 6.049398942008554769e+00
9.208857741697007437e-02 5.803285613525716258e+00
9.312912631363545746e-02 5.250651802550002856e+00
9.416967521030084054e-02 5.217044732909943860e+00
9.521022410696622362e-02 5.340369491010751091e+00
9.625077300363160671e-02 5.338918246562990078e+00
9.729132190029698979e-02 5.623457588488587788e+00
9.833187079696237287e-02 5.404437311553095924e+00
9.937241969362775595e-02 5.482641587624971891e+00
1.004129685902931390e-01 5.610310865060018415e+00
1.014535174869585221e-01 5.442478335440490866e+00
1.024940663836239052e-01 5.033458011399353893e+00
1.035346152802892883e-01 5.162854563543884723e+00
1.045751641769546714e-01 5.342310518885160064e+00
1.056157130736200545e-01 5.635158170659614996e+00
1.066562619702854375e-01 5.719296534132368492e+00
1.076968108669508206e-01 5.794618566922650871e+00
1.087373597636162037e-01 5.812494040806239326e+00
1.097779086602815868e-01 5.846038181474821016e+00
1.108184575569469699e-01 5.544180997879479378e+00
1.118590064536123529e-01 5.459621101587220693e+00
1.128995553502777360e-01 5.023356458664583357e+00
1.139401042469431191e-01 5.364510192415593792e+00
1.149806531436085022e-01 5.554920265860577189e+00
1.160212020402738853e-01 5.915646779121036758e+00
1.170617509369392684e-01 5.672901742596515362e+00
1.181022998336046514e-01 5.216962738659898235e+00
1.191428487302700345e-01 5.029275573326220439e+00
1.201833976269354176e-01 5.363996917910945683e+00
1.212239465236008007e-01 5.484792975131629333e+00
1.222644954202661838e-01 5.890404337687115799e+00
1.233050443169315669e-01 5.838286337194485753e+00
1.243455932135969499e-01 5.308274534626594487e+00
1.253861421102623330e-01 5.259365449272316084e+00
1.264266910069277161e-01 5.385851572203076643e+00
1.274672399035930992e-01 5.371121543714046709e+00
1.285077888002584823e-01 5.566360039248099412e+00
1.295483376969238654e-01 5.840428905776683166e+00
1.305888865935892484e-01 5.859410916247693280e+00
1.316294354902546315e-01 5.709260064733680196e+00
1.326699843869200146e-01 5.755872562974438722e+00
1.337105332835853977e-01 5.805635532703419699e+00
1.347510821802507808e-01 5.728234011629073308e+00
1.357916310769161639e-01 5.387129640268693009e+00
1.368321799735815469e-01 5.459214154692791254e+00
1.378727288702469300e-01 5.520133980610683722e+00
1.389132777669123131e-01 5.652484033691404619e+00
1.399538266635776962e-01 5.790348210539306706e+00
1.409943755602430793e-01 5.638502547947481958e+00
1.420349244569084624e-01 5.765146327248405811e+00
1.430754733535738454e-01 5.429184248344643748e+00
1.441160222502392285e-01 5.288995027814269889e+00
1.451565711469046116e-01 5.200094581015488160e+00
1.461971200435699947e-01 5.536619278315743742e+00
1.472376689402353778e-01 5.613397497282964110e+00
1.482782178369007609e-01 5.613443678383550406e+00
1.493187667335661439e-01 5.332476480469896529e+00
1.503593156302315270e-01 5.297538341688909469e+00
1.513998645268969101e-01 5.521769400559033869e+00
1.524404134235622932e-01 5.661089938766284746e+00
1.534809623202276763e-01 5.611169355240974710e+00
1.545215112168930593e-01 5.598516355323948090e+00
1.555620601135584424e-01 5.592819088134962868e+00
1.566026090102238255e-01 5.714079418454449666e+00
1.576431579068892086e-01 5.912397977309588271e+00
1.586837068035545917e-01 5.724181172482960989e+00
1.597242557002199748e-01 5.422887823974832600e+00
1.607648045968853578e-01 5.264258121296595760e+00
1.618053534935507409e-01 5.403399498787756272e+00
1.628459023902161240e-01 5.580434781228113650e+00
1.638864512868815071e-01 5.428550872027070540e+00
1.649270001835468902e-01 5.354798714616823219e+00
1.659675490802122733e-01 5.502873522552640395e+00
1.670080979768776563e-01 5.684688314551852528e+00
1.680486468735430672e-01 5.754213585769111461e+00
1.690891957702084503e-01 5.474836347216072596e+00
1.701297446668738333e-01 5.230487111416188384e+00
1.711702935635392164e-01 5.416205537834223094e+00
1.722108424602045995e-01 5.440256200664048691e+00
1.732513913568699826e-01 5.652004828578881757e+00
1.742919402535353657e-01 5.351978686074982505e+00
1.753324891502007488e-01 5.102962230793931298e+00
1.763730380468661318e-01 4.997510180217108910e+00
1.774135869435315149e-01 5.023988007831484026e+00
1.784541358401968980e-01 5.381070804852047473e+00
1.794946847368622811e-01 5.536743053132436643e+00
1.805352336335276642e-01 5.211540937370841675e+00
1.815757825301930473e-01 5.142048685563359811e+00
1.826163314268584303e-01 5.474224284163387466e+00
1.836568803235238134e-01 5.354024197695807175e+00
1.846974292201891965e-01 5.384187240609357161e+00
1.857379781168545796e-01 5.349189007290775066e+00
1.867785270135199627e-01 5.401826435632923307e+00
1.878190759101853458e-01 5.580543451041592107e+00
1.888596248068507288e-01 5.323799728864592851e+00
1.899001737035161119e-01 5.068812190426612574e+00
1.909407226001814950e-01 5.037913820138140153e+00
1.919812714968468781e-01 5.274505458362785504e+00
1.930218203935122612e-01 5.374379869753390437e+00
1.940623692901776443e-01 5.411077428950154200e+00
1.951029181868430273e-01 5.447468847891254740e+00
1.961434670835084104e-01 5.208094289737513094e+00
1.971840159801737935e-01 5.114854117265061006e+00
1.982245648768391766e-01 5.037601709222915503e+00
1.992651137735045597e-01 5.159959513478764137e+00
2.003056626701699428e-01 5.402061919186095906e+00
2.013462115668353813e-01 5.540440695011035643e+00
2.023867604635007644e-01 5.434876318314440624e+00
2.034273093601661475e-01 5.150483397009601561e+00
2.044678582568315306e-01 5.033516560434605935e+00
2.055084071534969137e-01 5.242605542595025980e+00
2.065489560501622968e-01 5.445095928064855428e+00
2.075895049468276798e-01 5.335732408386707704e+00
2.086300538434930629e-01 5.226082588033339249e+00
2.096706027401584460e-01 5.073224110676914478e+00
2.107111516368238291e-01 4.968254956824814883e+00
2.117517005334892122e-01 5.164247434577383444e+00
2.127922494301545953e-01 5.523331211893541592e+00
2.138327983268199783e-01 5.573376749239489669e+00
2.148733472234853614e-01 5.418260487344834786e+00
2.159138961201507445e-01 5.394949844707834785e+00
2.169544450168161276e-01 5.490872529674742708e+00
2.179949939134815107e-01 5.255834222461558625e+00
2.190355428101468938e-01 5.151381353247302286e+00
2.200760917068122768e-01 5.198039940971877826e+00
2.211166406034776599e-01 4.837155395538637492e+00
2.221571895001430430e-01 4.933899640686512100e+00
2.231977383968084261e-01 5.181135912755021167e+00
2.242382872934738092e-01 5.121424730883575194e+00
2.252788361901391923e-01 5.053465365827044309e+00
2.263193850868045753e-01 5.382955163753738503e+00
2.273599339834699584e-01 5.420718146368649570e+00
2.284004828801353415e-01 5.346926359059740008e+00
2.294410317768007246e-01 5.362426489901199744e+00
2.304815806734661077e-01 5.382394747292394754e+00
2.315221295701314908e-01 5.218425342568679071e+00
2.325626784667968738e-01 5.187308818252400755e+00
2.336032273634622569e-01 5.212227542670028413e+00
2.346437762601276400e-01 5.268559598418750767e+00
2.356843251567930231e-01 5.160803536277253301e+00
2.367248740534584062e-01 5.049749490018811571e+00
2.377654229501237892e-01 5.157927329802873828e+00
2.388059718467891723e-01 5.176434464034041838e+00
2.398465207434545554e-01 5.113786282472915445e+00
2.408870696401199385e-01 5.276826366195901841e+00
2.419276185367853216e-01 5.258028730670908146e+00
2.429681674334507047e-01 5.149444139506265117e+00
2.440087163301160877e-01 5.216659279600495580e+00
2.450492652267814708e-01 5.175378460147864956e+00
2.460898141234468539e-01 5.004874963093651985e+00
2.471303630201122370e-01 5.160004455740210716e+00
2.481709119167776201e-01 5.268615543009694591e+00
2.492114608134430032e-01 5.214753904009722163e+00
2.502520097101083585e-01 5.290310618295290368e+00
2.512925586067737416e-01 5.471255076613996238e+00
2.523331075034391247e-01 5.448706581788570702e+00
2.533736564001045077e-01 5.370956765796641719e+00
2.544142052967698908e-01 5.079021531643174825e+00
2.554547541934352739e-01 4.920141335299017982e+00
2.564953030901006570e-01 5.170039361419714652e+00
2.575358519867660401e-01 5.249374133249929741e+00
2.585764008834314231e-01 5.142276989504097173e+00
2.596169497800968062e-01 5.057489506776530419e+00
2.606574986767621893e-01 5.134579811816408323e+00
2.616980475734275724e-01 5.261032839697559638e+00
2.627385964700929555e-01 5.153353233761261976e+00
2.637791453667583386e-01 5.156555266740145527e+00
2.648196942634237216e-01 4.937490565462240966e+00
2.658602431600891047e-01 5.097480147723846500e+00
2.669007920567544878e-01 5.314864916634203240e+00
2.679413409534198709e-01 5.284582586919462699e+00
2.689818898500852540e-01 5.208334756669543708e+00
2.700224387467506371e-01 4.956180121725196841e+00
2.710629876434160201e-01 4.984761466717145595e+00
2.721035365400814032e-01 5.017047924450288576e+00
2.731440854367467863e-01 4.981819466324591161e+00
2.741846343334121694e-01 4.928530082586412675e+00
2.752251832300775525e-01 5.053731787981952550e+00
2.762657321267429356e-01 5.115163920092488326e+00
2.773062810234083186e-01 5.098149002348744574e+00
2.783468299200737017e-01 4.979547118229000091e+00
2.793873788167390848e-01 5.094650645845348436e+00
2.804279277134044679e-01 5.085929235428253037e+00
2.814684766100698510e-01 5.173277931616560465e+00
2.825090255067352341e-01 5.021109727206120255e+00
2.835495744034006171e-01 5.168966138671947874e+00
2.845901233000660002e-01 5.252333297775230392e+00
2.856306721967313833e-01 5.255690814417523171e+00
2.866712210933967664e-01 5.139530835701741296e+00
2.877117699900621495e-01 5.249208543578834707e+00
2.887523188867275326e-01 5.022685016684427239e+00
2.897928677833929156e-01 5.136543452475880400e+00
2.908334166800582987e-01 4.978994304439979146e+00
2.918739655767236818e-01 5.038755780079146263e+00
2.929145144733890649e-01 5.136401867478646466e+00
2.939550633700544480e-01 5.226380494136087407e+00
2.949956122667198311e-01 5.117316066080718429e+00
2.960361611633852141e-01 5.226637111965469984e+00
2.970767100600505972e-01 5.151195941914991749e+00
2.981172589567159803e-01 4.913842148610832794e+00
2.991578078533813634e-01 5.112165375143693069e+00
3.001983567500468020e-01 5.023213623299749742e+00
3.012389056467121851e-01 4.895797139441985024e+00
3.022794545433775681e-01 4.905741485181430050e+00
3.033200034400429512e-01 5.047642974976319863e+00
3.043605523367083343e-01 5.144616275074938017e+00
3.054011012333737174e-01 4.973184592870556031e+00
3.064416501300391005e-01 4.944723989019621513e+00
3.074821990267044836e-01 4.796078711589284893e+00
3.085227479233698666e-01 4.883592727469785899e+00
3.095632968200352497e-01 4.977963059840309512e+00
3.106038457167006328e-01 4.760085732450367146e+00
3.116443946133660159e-01 4.672290064666324128e+00
3.126849435100313990e-01 4.951791693398735816e+00
3.137254924066967821e-01 5.123076577801345621e+00
3.147660413033621651e-01 5.011651066840389745e+00
3.158065902000275482e-01 4.932939273772294797e+00
3.168471390966929313e-01 5.012468930287138136e+00
3.178876879933583144e-01 4.927909651299856364e+00
3.189282368900236975e-01 4.901728339450137639e+00
3.199687857866890806e-01 4.949816530109856672e+00
3.210093346833544636e-01 5.052536597471693369e+00
3.220498835800198467e-01 5.002606210043772705e+00
3.230904324766852298e-01 4.848634367322222971e+00
3.241309813733506129e-01 4.909141664144975437e+00
3.251715302700159960e-01 4.957554683267552775e+00
3.262120791666813790e-01 4.925791481050708853e+00
3.272526280633467621e-01 4.753261079147485191e+00
3.282931769600121452e-01 4.750935970523464391e+00
3.293337258566775283e-01 4.725346729065005746e+00
3.303742747533429114e-01 4.808718810756467121e+00
3.314148236500082945e-01 5.100364719064408803e+00
3.324553725466736775e-01 5.139446123430161606e+00
3.334959214433390606e-01 5.031874400834798422e+00
3.345364703400044437e-01 4.842578122550204256e+00
3.355770192366698268e-01 4.867854330848256694e+00
3.366175681333352099e-01 4.734497922039864193e+00
3.376581170300005930e-01 4.840687634629311731e+00
3.386986659266659760e-01 4.947335967552053404e+00
3.397392148233313591e-01 4.763013676036397470e+00
3.407797637199967422e-01 4.795730544048613098e+00
3.418203126166621253e-01 4.844507148314807665e+00
3.428608615133275084e-01 4.868101515502619492e+00
3.439014104099928915e-01 4.552863102040522136e+00
3.449419593066582745e-01 4.577041208492939717e+00
3.459825082033236576e-01 4.825725227845730103e+00
3.470230570999890407e-01 4.760494113556813289e+00
3.480636059966544238e-01 4.657181663031682461e+00
3.491041548933198069e-01 4.913397919785222001e+00
3.501447037899851900e-01 4.978828847878695285e+00
3.511852526866505730e-01 4.877650630407618593e+00
3.522258015833159561e-01 4.744389923152468214e+00
3.532663504799813392e-01 4.587852955455804960e+00
3.543068993766467223e-01 4.742172487318416785e+00
3.553474482733121054e-01 4.742495995538078546e+00
3.563879971699774885e-01 4.808846799302251895e+00
3.574285460666428715e-01 4.697920470576889329e+00
3.584690949633082546e-01 4.647552455649005765e+00
3.595096438599736377e-01 4.618153202051967554e+00
3.605501927566390208e-01 4.855750462568909853e+00
3.615907416533044039e-01 4.817018862455679340e+00
3.626312905499697870e-01 4.838313199265158460e+00
3.636718394466351700e-01 4.789431118348588257e+00
3.647123883433005531e-01 4.831398243188246511e+00
3.657529372399659362e-01 4.743940821220192561e+00
3.667934861366313193e-01 4.538829385356628165e+00
3.678340350332967024e-01 4.541614876977316584e+00
3.688745839299620854e-01 4.795813784625032383e+00
3.699151328266274685e-01 4.814535907805854720e+00
3.709556817232928516e-01 4.845975199763788765e+00
3.719962306199582347e-01 4.893875001475766595e+00
3.730367795166236178e-01 4.777032159337689876e+00
3.740773284132890009e-01 4.785765458350024204e+00
3.751178773099543839e-01 4.859679155356232627e+00
3.761584262066197670e-01 4.687807804441582959e+00
3.771989751032851501e-01 4.627789168242760098e+00
3.782395239999505332e-01 4.627891382402662401e+00
3.792800728966159163e-01 4.651756946217961541e+00
3.803206217932812994e-01 4.613718383984920735e+00
3.813611706899466824e-01 4.599791904327883429e+00
3.824017195866120655e-01 4.751296855752741521e+00
3.834422684832774486e-01 4.876692347590811494e+00
3.844828173799428317e-01 4.701779361600138429e+00
3.855233662766082148e-01 4.707727574320404784e+00
3.865639151732735979e-01 4.680002923184822805e+00
3.876044640699389809e-01 4.857314029894066465e+00
3.886450129666043640e-01 4.722043590146075331e+00
3.896855618632697471e-01 4.767994482482450280e+00
3.907261107599351302e-01 4.792132571485844039e+00
3.917666596566005133e-01 4.611913321690170875e+00
3.928072085532658964e-01 4.572497752472312271e+00
3.938477574499312794e-01 4.436660072732600213e+00
3.948883063465966625e-01 4.475668476234652360e+00
3.959288552432620456e-01 4.625990005870470156e+00
3.969694041399274287e-01 4.579823636817963006e+00
3.980099530365928118e-01 4.627048698972707541e+00
3.990505019332581949e-01 4.667786998106727481e+00
4.000910508299235779e-01 4.535085757891287983e+00
4.011315997265889610e-01 4.605671757045971759e+00
4.021721486232543441e-01 4.533990758939058452e+00
4.032126975199197272e-01 4.429720547948971188e+00
4.042532464165851103e-01 4.585820449312077329e+00
4.052937953132504934e-01 4.426278294145536307e+00
4.063343442099158764e-01 4.336905319763598499e+00
4.073748931065812595e-01 4.471580873702141190e+00
4.084154420032466426e-01 4.663047992964528987e+00
4.094559908999120257e-01 4.567048413006215668e+00
4.104965397965774088e-01 4.627618593924051282e+00
4.115370886932427918e-01 4.696139365197488758e+00
4.125776375899081749e-01 4.604805224184726598e+00
4.136181864865735580e-01 4.383961715308529961e+00
4.146587353832389411e-01 4.475397775283791901e+00
4.156992842799043242e-01 4.483302933246260835e+00
4.167398331765697073e-01 4.626243365673524011e+00
4.177803820732350903e-01 4.501904258364316291e+00
4.188209309699004734e-01 4.436965344328477556e+00
4.198614798665658565e-01 4.495816710121186333e+00
4.209020287632312396e-01 4.584659969213703334e+00
4.219425776598966227e-01 4.617158373668463156e+00
4.229831265565620058e-01 4.654553689580659182e+00
4.240236754532273888e-01 4.725511928663891581e+00
4.250642243498927719e-01 4.698165195738482680e+00
4.261047732465581550e-01 4.643616275912506808e+00
4.271453221432235381e-01 4.569090041369921806e+00
4.281858710398889212e-01 4.395638727159084880e+00
4.292264199365543043e-01 4.499735720947523276e+00
4.302669688332196873e-01 4.532895796843430247e+00
4.313075177298850704e-01 4.537359857435070865e+00
4.323480666265504535e-01 4.650572432906535880e+00
4.333886155232158366e-01 4.667930162095217383e+00
4.344291644198812197e-01 4.524588207194153000e+00
4.354697133165466028e-01 4.283578925373227264e+00
4.365102622132119858e-01 4.465321031614653435e+00
4.375508111098773689e-01 4.342842996853217841e+00
4.385913600065427520e-01 4.300880502866011312e+00
4.396319089032081351e-01 4.392321075981289624e+00
4.406724577998735182e-01 4.535519286680440132e+00
4.417130066965389013e-01 4.717132395181913296e+00
4.427535555932042843e-01 4.551175574973463256e+00
4.437941044898696674e-01 4.435980252509491351e+00
4.448346533865350505e-01 4.409856421652474268e+00
4.458752022832004336e-01 4.518438034935410741e+00
4.469157511798658167e-01 4.362018418136443643e+00
4.479563000765311997e-01 4.390637051231056631e+00
4.489968489731965828e-01 4.472251969029759522e+00
4.500373978698619659e-01 4.238274232036570055e+00
4.510779467665273490e-01 4.299039035288330979e+00
4.521184956631927321e-01 4.284312324566844410e+00
4.531590445598581152e-01 4.319087328094475708e+00
4.541995934565234982e-01 4.435772674023347406e+00
4.552401423531888813e-01 4.411814358216609833e+00
4.562806912498542644e-01 4.391380251460830664e+00
4.573212401465196475e-01 4.347831308762899027e+00
4.583617890431850306e-01 4.261757459345165699e+00
4.594023379398504137e-01 4.487917112774901796e+00
4.604428868365157967e-01 4.506253938687692084e+00
4.614834357331811798e-01 4.453186033589883408e+00
4.625239846298465629e-01 4.254938372751635001e+00
4.635645335265119460e-01 4.454898579114431101e+00
4.646050824231773291e-01 4.510724779452687017e+00
4.656456313198427122e-01 4.401755249843212425e+00
4.666861802165080952e-01 4.314203229404082407e+00
4.677267291131734783e-01 4.489254320160927847e+00
4.687672780098388614e-01 4.503640586076048891e+00
4.698078269065042445e-01 4.278591465331885502e+00
4.708483758031696276e-01 4.256153558617469912e+00
4.718889246998350107e-01 4.435068495096256669e+00
4.729294735965003937e-01 4.528965061765013900e+00
4.739700224931657768e-01 4.488644394947684191e+00
4.750105713898311599e-01 4.516689147111527802e+00
4.760511202864965430e-01 4.498878703714822791e+00
4.770916691831619261e-01 4.364193552148456945e+00
4.781322180798273092e-01 4.045787543775254846e+00
4.791727669764926922e-01 4.058777753748522343e+00
4.802133158731580753e-01 3.835444232645663476e+00
4.812538647698234584e-01 3.781605671735540852e+00
4.822944136664888415e-01 4.286889220393437228e+00
4.833349625631542246e-01 4.413319291076891915e+00
4.843755114598196077e-01 4.339130627324717437e+00
4.854160603564849907e-01 4.191994815724886081e+00
4.864566092531503738e-01 4.310065087231322423e+00
4.874971581498157569e-01 4.342920382931801271e+00
4.885377070464811400e-01 4.311080944819181582e+00
4.895782559431465231e-01 4.307651561393743833e+00
4.906188048398119061e-01 4.327329118891523052e+00
4.916593537364772892e-01 4.250222766334477598e+00
4.926999026331426723e-01 4.305183123372945175e+00
4.937404515298080554e-01 4.488368317146740338e+00
4.947810004264734385e-01 4.346664645496041146e+00
4.958215493231388216e-01 4.210478066910539496e+00
4.968620982198042046e-01 4.312449310771768296e+00
4.979026471164695877e-01 4.277088150778652675e+00
4.989431960131349708e-01 4.176673706662814567e+00
4.999837449098003539e-01 4.119617538878827645e+00
5.010242938064657370e-01 4.146239817737217948e+00
5.020648427031311201e-01 4.220543842475287022e+00
5.031053915997965031e-01 4.271734106691344124e+00
5.041459404964618862e-01 4.436755251871343120e+00
5.051864893931272693e-01 4.315627779664314545e+00
5.062270382897926524e-01 4.164446394289363695e+00
5.072675871864580355e-01 4.191081433159578040e+00
5.083081360831234186e-01 4.237234403968631824e+00
5.093486849797888016e-01 4.234099094718647649e+00
5.103892338764541847e-01 4.225946886073131736e+00
5.114297827731195678e-01 4.112385377217499638e+00
5.124703316697849509e-01 4.256401638262232723e+00
5.135108805664503340e-01 4.294427392630954188e+00
5.145514294631157171e-01 4.234205360645361793e+00
5.155919783597811001e-01 4.136332250906065156e+00
5.166325272564464832e-01 4.392414638191382892e+00
5.176730761531118663e-01 4.339310908525305877e+00
5.187136250497772494e-01 4.399099179069356325e+00
5.197541739464426325e-01 4.417094120935725954e+00
5.207947228431080156e-01 4.114338470670883652e+00
5.218352717397733986e-01 4.145524784627561132e+00
5.228758206364387817e-01 4.104483473130493110e+00
5.239163695331041648e-01 4.190816717592127816e+00
5.249569184297695479e-01 4.331575610023278955e+00
5.259974673264349310e-01 4.467738400610372196e+00
5.270380162231003141e-01 4.193207423539686118e+00
5.280785651197656971e-01 4.133146219001591959e+00
5.291191140164310802e-01 4.066330621776046428e+00
5.301596629130964633e-01 4.031054480153823505e+00
5.312002118097618464e-01 4.068341904313697910e+00
5.322407607064272295e-01 4.165018674393728304e+00
5.332813096030926125e-01 4.244453732844750249e+00
5.343218584997581067e-01 4.289713918555293048e+00
5.353624073964233787e-01 4.252200287380631494e+00
5.364029562930888728e-01 4.242607903813969017e+00
5.374435051897541449e-01 4.268999466276834909e+00
5.384840540864196390e-01 4.345222354946528753e+00
5.395246029830849110e-01 4.136089335539807621e+00
5.405651518797504052e-01 3.970245769617175569e+00
5.416057007764156772e-01 3.869555199926224986e+00
5.426462496730811713e-01 3.903320793327477389e+00
5.436867985697464434e-01 4.089937041588981970e+00
5.447273474664119375e-01 4.293614859779491866e+00
5.457678963630772095e-01 4.144616280463239377e+00
5.468084452597427036e-01 3.903674597014514802e+00
5.478489941564079757e-01 3.837349274271470989e+00
5.488895430530734698e-01 3.878012850196682848e+00
5.499300919497387419e-01 3.980289088673231390e+00
5.509706408464042360e-01 4.088918646143046232e+00
5.520111897430695080e-01 4.023798411622550475e+00
5.530517386397350021e-01 4.021839927409750715e+00
5.540922875364002742e-01 4.168002076464571104e+00
5.551328364330657683e-01 4.192900198575330251e+00
5.561733853297310404e-01 4.102559012195996502e+00
5.572139342263965345e-01 4.030321522456222993e+00
5.582544831230618065e-01 4.058368934184809262e+00
5.592950320197273006e-01 4.035854746588576347e+00
5.603355809163925727e-01 3.995264382610596243e+00
5.613761298130580668e-01 3.967072738208752725e+00
5.624166787097233389e-01 3.969895296510557614e+00
5.634572276063888330e-01 3.995559806226317789e+00
5.644977765030541050e-01 3.940787074939251511e+00
5.655383253997195991e-01 3.953762170855707581e+00
5.665788742963848712e-01 3.959545157834430285e+00
5.676194231930503653e-01 3.938638347921493477e+00
5.686599720897156374e-01 3.897467385259091088e+00
5.697005209863811315e-01 3.883919760671592059e+00
5.707410698830464035e-01 3.866121205917117720e+00
5.717816187797118976e-01 3.782289580989314004e+00
5.728221676763771697e-01 3.823588085720441399e+00
5.738627165730426638e-01 3.700739130004901511e+00
5.749032654697079359e-01 3.713889331314980780e+00
5.759438143663734300e-01 3.865299385390404296e+00
5.769843632630387020e-01 3.931514295815730975e+00
5.780249121597041961e-01 3.795721634509860110e+00
5.790654610563694682e-01 3.823234987086220116e+00
5.801060099530349623e-01 3.936099595167306120e+00
5.811465588497002344e-01 3.834575109531385806e+00
5.821871077463657285e-01 3.949520553551149504e+00
5.832276566430310005e-01 4.003395009516030001e+00
5.842682055396964946e-01 3.990238771163781450e+00
5.853087544363617667e-01 3.883871009226492532e+00
5.863493033330272608e-01 3.896735840455260558e+00
5.873898522296925329e-01 3.934753315966975862e+00
5.884304011263580270e-01 3.841963059232433864e+00
5.894709500230232990e-01 3.948673621556114455e+00
5.905114989196887931e-01 3.865561288688056152e+00
5.915520478163540652e-01 3.969588468118832481e+00
5.925925967130195593e-01 3.837083280721387268e+00
5.936331456096848314e-01 3.892058246068298644e+00
5.946736945063503255e-01 3.805689871126649138e+00
5.957142434030155975e-01 3.817638661807400524e+00
5.967547922996810916e-01 3.842215586590089771e+00
5.977953411963463637e-01 3.709336905356511949e+00
5.988358900930118578e-01 3.773493630205354776e+00
5.998764389896771299e-01 3.848853164844651786e+00
