# q (1/Angstrom), Intensity (arb)
2.029070354705860696e-02 6.368570794367656163e+00
2.133125244372399004e-02 3.983302159175678980e+00
2.237180134038937659e-02 1.782312164364100227e+00
2.341235023705475968e-02 3.842127422585122076e-01
2.445289913372014276e-02 0.000000000000000000e+00
2.549344803038552584e-02 1.664830832556873474e+00
2.653399692705091240e-02 7.600481200508397706e-01
2.757454582371629548e-02 1.938766983740976002e-01
2.861509472038167856e-02 3.338341832973839018e-01
2.965564361704706164e-02 3.381730315969804224e-01
3.069619251371244473e-02 9.129285618933664637e-01
3.173674141037782781e-02 1.851843958192475270e+00
3.277729030704321089e-02 2.687388844478704186e+00
3.381783920370859398e-02 3.697354893044334290e+00
3.485838810037397706e-02 3.325081325230790696e+00
3.589893699703936014e-02 3.220090570198607338e+00
3.693948589370474322e-02 3.095461549967048143e+00
3.798003479037012631e-02 3.004291993240222780e+00
3.902058368703550939e-02 4.052064742101137540e+00
4.006113258370089247e-02 4.349384289061838160e+00
4.110168148036627556e-02 4.975063058967045038e+00
4.214223037703165864e-02 5.473162120332155212e+00
4.318277927369704866e-02 5.381484770183462274e+00
4.422332817036243174e-02 4.480479574098772844e+00
4.526387706702781483e-02 4.937520987749557833e+00
4.630442596369319791e-02 5.355109184067273986e+00
4.734497486035858099e-02 5.149678416470418796e+00
4.838552375702396408e-02 5.185973473417515578e+00
4.942607265368934716e-02 4.285091091474900082e+00
5.046662155035473024e-02 4.921353277270021920e+00
5.150717044702011332e-02 4.912296762398369765e+00
5.254771934368549641e-02 5.350003222952668835e+00
5.358826824035087949e-02 5.368603766268275734e+00
5.462881713701626257e-02 5.565200087051113798e+00
5.566936603368164566e-02 5.913879456294289128e+00
5.670991493034702874e-02 6.084115670536686338e+00
5.775046382701241182e-02 5.689125180938340520e+00
5.879101272367779490e-02 5.885207717519019610e+00
5.983156162034317799e-02 5.895361309056308841e+00
6.087211051700856107e-02 4.948106346016160728e+00
6.191265941367394415e-02 4.856007189731595730e+00
6.295320831033933417e-02 5.437296216851080999e+00
6.399375720700471726e-02 5.483557373986975847e+00
6.503430610367010034e-02 5.179402860453969026e+00
6.607485500033548342e-02 4.975758788471758010e+00
6.711540389700086651e-02 5.153646264921512454e+00
6.815595279366624959e-02 5.690340993305969874e+00
6.919650169033163267e-02 5.472102408585488575e+00
7.023705058699701576e-02 5.391044327857986929e+00
7.127759948366239884e-02 5.274432769115293240e+00
7.231814838032778192e-02 5.318306743031829598e+00
7.335869727699316500e-02 5.460840461961726788e+00
7.439924617365854809e-02 5.489513234249820073e+00
7.543979507032393117e-02 5.438990865748376535e+00
7.648034396698931425e-02 5.181428474809063545e+00
7.752089286365469734e-02 5.432665052967916353e+00
7.856144176032008042e-02 5.413473991789416573e+00
7.960199065698546350e-02 5.491824991593368566e+00
8.064253955365084658e-02 5.474501884085675840e+00
8.168308845031622967e-02 5.147849916786974234e+00
8.272363734698161275e-02 5.272256776247758125e+00
8.376418624364699583e-02 5.276768701866746625e+00
8.480473514031239279e-02 5.400749520752540889e+00
8.584528403697777588e-02 5.818378874732264450e+00
8.688583293364315896e-02 5.595201341627831226e+00
8.792638183030854204e-02 5.433301043813134612e+00
8.896693072697392513e-02 5.449311457926956592e+00
9.000747962363930821e-02 5.717661305007162298e+00
9.104802852030469129e-02 5.928119300560592109e+00
9.208857741697007437e-02 5.752610398197422370e+00
9.312912631363545746e-02 6.076631003145603671e+00
9.416967521030084054e-02 5.771772464116590839e+00
9.521022410696622362e-02 5.754290652446972132e+00
9.625077300363160671e-02 5.726582638406075176e+00
9.729132190029698979e-02 5.745183865357283537e+00
9.833187079696237287e-02 5.817797903421713102e+00
9.937241969362775595e-02 6.127803488946739208e+00
1.004129685902931390e-01 6.219834786332434362e+00
1.014535174869585221e-01 5.776737271746092972e+00
1.024940663836239052e-01 5.447537184204197303e+00
1.035346152802892883e-01 5.362919849930655403e+00
1.045751641769546714e-01 5.609710455785897665e+00
1.056157130736200545e-01 5.934191175523050532e+00
1.066562619702854375e-01 5.304275170744013224e+00
1.076968108669508206e-01 5.091572609968114449e+00
1.087373597636162037e-01 5.676429414437002663e+00
1.097779086602815868e-01 5.696305841709460083e+00
1.108184575569469699e-01 5.611089264223259931e+00
1.118590064536123529e-01 5.550099356560661334e+00
1.128995553502777360e-01 5.695785626635263554e+00
1.139401042469431191e-01 5.854343788059345854e+00
1.149806531436085022e-01 5.896833082186514474e+00
1.160212020402738853e-01 5.887046531362557289e+00
1.170617509369392684e-01 5.755648831345219207e+00
1.181022998336046514e-01 5.916708039429131816e+00
1.191428487302700345e-01 5.931175432854264074e+00
1.201833976269354176e-01 5.511695555928227463e+00
1.212239465236008007e-01 5.749449278192997781e+00
1.222644954202661838e-01 5.729870476737310980e+00
1.233050443169315669e-01 5.614136857706771622e+00
1.243455932135969499e-01 5.600179860520938746e+00
1.253861421102623330e-01 5.361626437727277761e+00
1.264266910069277161e-01 5.054410359929413232e+00
1.274672399035930992e-01 5.608496960840351875e+00
1.285077888002584823e-01 5.768819418577162850e+00
1.295483376969238654e-01 5.347525493830897148e+00
1.305888865935892484e-01 5.264830067837902305e+00
1.316294354902546315e-01 5.298929809183011486e+00
1.326699843869200146e-01 5.360509012711958121e+00
1.337105332835853977e-01 4.969076623275199722e+00
1.347510821802507808e-01 5.464512880370904213e+00
1.357916310769161639e-01 5.565845256402770502e+00
1.368321799735815469e-01 5.760765681325441534e+00
1.378727288702469300e-01 5.389256283569302752e+00
1.389132777669123131e-01 5.375629309190081528e+00
1.399538266635776962e-01 5.230472040201078698e+00
1.409943755602430793e-01 5.107202651284911354e+00
1.420349244569084624e-01 5.542667770503012292e+00
1.430754733535738454e-01 5.229249622427545319e+00
1.441160222502392285e-01 5.486142942163294123e+00
1.451565711469046116e-01 5.498040579999354804e+00
1.461971200435699947e-01 5.351773412555210996e+00
1.472376689402353778e-01 5.227237804997336923e+00
1.482782178369007609e-01 5.084444478790850042e+00
1.493187667335661439e-01 5.499055713742770024e+00
1.503593156302315270e-01 5.389241497694488459e+00
1.513998645268969101e-01 5.342068083110678600e+00
1.524404134235622932e-01 5.199547139292011622e+00
1.534809623202276763e-01 4.843470720763640713e+00
1.545215112168930593e-01 4.714010423560747398e+00
1.555620601135584424e-01 5.303338331756119572e+00
1.566026090102238255e-01 5.474757381219937713e+00
1.576431579068892086e-01 5.732192207883922919e+00
1.586837068035545917e-01 5.854916705572822622e+00
1.597242557002199748e-01 5.335250665643386014e+00
1.607648045968853578e-01 5.300671819439052967e+00
1.618053534935507409e-01 5.359035404504336242e+00
1.628459023902161240e-01 5.315235773902934113e+00
1.638864512868815071e-01 5.337056790688492924e+00
1.649270001835468902e-01 5.557687467767646439e+00
1.659675490802122733e-01 5.683071966410849996e+00
1.670080979768776563e-01 5.885273107593480546e+00
1.680486468735430672e-01 6.125290569004768315e+00
1.690891957702084503e-01 5.839476087803127768e+00
1.701297446668738333e-01 5.477269181637073103e+00
1.711702935635392164e-01 5.515119823869753191e+00
1.722108424602045995e-01 5.490490342734329232e+00
1.732513913568699826e-01 5.656859989833012747e+00
1.742919402535353657e-01 5.249818141188928422e+00
1.753324891502007488e-01 5.218811396261077817e+00
1.763730380468661318e-01 5.170323329584359584e+00
1.774135869435315149e-01 5.269420239003949291e+00
1.784541358401968980e-01 5.552885991539035615e+00
1.794946847368622811e-01 5.315606726612919886e+00
1.805352336335276642e-01 5.299551657803181826e+00
1.815757825301930473e-01 5.241155811593081637e+00
1.826163314268584303e-01 5.355200451899058578e+00
1.836568803235238134e-01 5.289075779646640996e+00
1.846974292201891965e-01 5.361348415417623414e+00
1.857379781168545796e-01 5.402271983435351643e+00
1.867785270135199627e-01 5.531132129808117526e+00
1.878190759101853458e-01 5.347420107763749542e+00
1.888596248068507288e-01 5.439264438754936037e+00
1.899001737035161119e-01 5.534541136819612461e+00
1.909407226001814950e-01 5.525660237011486231e+00
1.919812714968468781e-01 5.285896623476251222e+00
1.930218203935122612e-01 5.318762499987983006e+00
1.940623692901776443e-01 5.429347106316356530e+00
1.951029181868430273e-01 5.286191289875628030e+00
1.961434670835084104e-01 5.324350513262785967e+00
1.971840159801737935e-01 5.374503294939849241e+00
1.982245648768391766e-01 5.127222681368497348e+00
1.992651137735045597e-01 4.949146133074091125e+00
2.003056626701699428e-01 4.964095489694219765e+00
2.013462115668353813e-01 5.293948798675298661e+00
2.023867604635007644e-01 5.339132763727416631e+00
2.034273093601661475e-01 5.250398552790308315e+00
2.044678582568315306e-01 5.420591028208541218e+00
2.055084071534969137e-01 5.447923150800853875e+00
2.065489560501622968e-01 5.162070577346135281e+00
2.075895049468276798e-01 5.495323317655234518e+00
2.086300538434930629e-01 5.348345214579165230e+00
2.096706027401584460e-01 5.469084786591157155e+00
2.107111516368238291e-01 5.618822116247695675e+00
2.117517005334892122e-01 5.319400600873798624e+00
2.127922494301545953e-01 5.222677119255902056e+00
2.138327983268199783e-01 5.411692837649205501e+00
2.148733472234853614e-01 5.327210059380011131e+00
2.159138961201507445e-01 5.203513693407835206e+00
2.169544450168161276e-01 5.027939718014277304e+00
2.179949939134815107e-01 5.207008449927759131e+00
2.190355428101468938e-01 5.041024389231068881e+00
2.200760917068122768e-01 5.131078396692718258e+00
2.211166406034776599e-01 5.258241131922449796e+00
2.221571895001430430e-01 5.259523921157672532e+00
2.231977383968084261e-01 5.241506480701563220e+00
2.242382872934738092e-01 5.267088174997407890e+00
2.252788361901391923e-01 5.251050369187378664e+00
2.263193850868045753e-01 5.282024261591232062e+00
2.273599339834699584e-01 5.115689490578947840e+00
2.284004828801353415e-01 4.937600733383053608e+00
2.294410317768007246e-01 4.958080069508550736e+00
2.304815806734661077e-01 4.938930295915636037e+00
2.315221295701314908e-01 5.294730086088669907e+00
2.325626784667968738e-01 5.267981832544695209e+00
2.336032273634622569e-01 5.170311363211002487e+00
2.346437762601276400e-01 5.245578976582873310e+00
2.356843251567930231e-01 5.220236000681250488e+00
2.367248740534584062e-01 5.133682108823428791e+00
2.377654229501237892e-01 5.316808620491865867e+00
2.388059718467891723e-01 5.180370113677817301e+00
2.398465207434545554e-01 5.028931784556750273e+00
2.408870696401199385e-01 4.972359778589957813e+00
2.419276185367853216e-01 4.799300756876597518e+00
2.429681674334507047e-01 5.031573879590379050e+00
2.440087163301160877e-01 5.264067972492732395e+00
2.450492652267814708e-01 5.340150751392389594e+00
2.460898141234468539e-01 5.505635853622717235e+00
2.471303630201122370e-01 5.316147469505693834e+00
2.481709119167776201e-01 5.330186102334693032e+00
2.492114608134430032e-01 4.918348357754332767e+00
2.502520097101083585e-01 5.047465861994236747e+00
2.512925586067737416e-01 5.118676858540919028e+00
2.523331075034391247e-01 4.981208648711479725e+00
2.533736564001045077e-01 5.075211089485634375e+00
2.544142052967698908e-01 5.236317314318934990e+00
2.554547541934352739e-01 4.509075184111988932e+00
2.564953030901006570e-01 4.817833743763490162e+00
2.575358519867660401e-01 5.352855729462714152e+00
2.585764008834314231e-01 5.413285854564122701e+00
2.596169497800968062e-01 5.450639749261277700e+00
2.606574986767621893e-01 5.225830594668881446e+00
2.616980475734275724e-01 5.364336408841051451e+00
2.627385964700929555e-01 5.384229080765557285e+00
2.637791453667583386e-01 5.212003228672074329e+00
2.648196942634237216e-01 5.023992313353826233e+00
2.658602431600891047e-01 5.078507139373918733e+00
2.669007920567544878e-01 5.022466470453352372e+00
2.679413409534198709e-01 5.116816964398516632e+00
2.689818898500852540e-01 5.100983099465626225e+00
2.700224387467506371e-01 4.957348173456814777e+00
2.710629876434160201e-01 4.937142777007853311e+00
2.721035365400814032e-01 4.878589764032156495e+00
2.731440854367467863e-01 4.793026371876823788e+00
2.741846343334121694e-01 5.024067161551574401e+00
2.752251832300775525e-01 4.952148413352830403e+00
2.762657321267429356e-01 4.836541235538017958e+00
2.773062810234083186e-01 4.896633922531552940e+00
2.783468299200737017e-01 5.111134241432168324e+00
2.793873788167390848e-01 5.006357909643728732e+00
2.804279277134044679e-01 4.878112054615129978e+00
2.814684766100698510e-01 4.874439455656567333e+00
2.825090255067352341e-01 4.953300550359596599e+00
2.835495744034006171e-01 5.169731580813841987e+00
2.845901233000660002e-01 5.212308772816733438e+00
2.856306721967313833e-01 5.111852235758469476e+00
2.866712210933967664e-01 4.956387242025062534e+00
2.877117699900621495e-01 4.810139740202778569e+00
2.887523188867275326e-01 4.876077316291755892e+00
2.897928677833929156e-01 4.867020403573569354e+00
2.908334166800582987e-01 4.841392930850755505e+00
2.918739655767236818e-01 4.941241867880286520e+00
2.929145144733890649e-01 4.965377385541327016e+00
2.939550633700544480e-01 5.059596223401342741e+00
2.949956122667198311e-01 4.975954909730621267e+00
2.960361611633852141e-01 4.866528306547760252e+00
2.970767100600505972e-01 4.884014633757317370e+00
2.981172589567159803e-01 4.879452696561028091e+00
2.991578078533813634e-01 4.992609492367247270e+00
3.001983567500468020e-01 4.993553805069119278e+00
3.012389056467121851e-01 4.999818503181113982e+00
3.022794545433775681e-01 4.985630957382813477e+00
3.033200034400429512e-01 4.942729562213248329e+00
3.043605523367083343e-01 5.042450474617947265e+00
3.054011012333737174e-01 5.084681255330465888e+00
3.064416501300391005e-01 4.916245736374179387e+00
3.074821990267044836e-01 4.769452245458786876e+00
3.085227479233698666e-01 4.857750939581503502e+00
3.095632968200352497e-01 4.882787940691017070e+00
3.106038457167006328e-01 4.869604806315244616e+00
3.116443946133660159e-01 4.884455927671304210e+00
3.126849435100313990e-01 4.828255347952037368e+00
3.137254924066967821e-01 4.747780599133207602e+00
3.147660413033621651e-01 4.622833805076929536e+00
3.158065902000275482e-01 4.618449471463662803e+00
3.168471390966929313e-01 4.584146722411091446e+00
3.178876879933583144e-01 4.572670361121037530e+00
3.189282368900236975e-01 4.765670845673387390e+00
3.199687857866890806e-01 4.938551610851423135e+00
3.210093346833544636e-01 5.190176292717119111e+00
3.220498835800198467e-01 4.858073378417074650e+00
3.230904324766852298e-01 4.768833471083691933e+00
3.241309813733506129e-01 4.767093433746850906e+00
3.251715302700159960e-01 4.958788640668295500e+00
3.262120791666813790e-01 4.865034594998846273e+00
3.272526280633467621e-01 4.563126906019871143e+00
3.282931769600121452e-01 4.633449756352987947e+00
3.293337258566775283e-01 4.799628984841824320e+00
3.303742747533429114e-01 4.860188406429383434e+00
3.314148236500082945e-01 4.790553229089955067e+00
3.324553725466736775e-01 4.850823151142009237e+00
3.334959214433390606e-01 4.912334456916674696e+00
3.345364703400044437e-01 4.781521571454462105e+00
3.355770192366698268e-01 4.686125206665533227e+00
3.366175681333352099e-01 4.748910824122141605e+00
3.376581170300005930e-01 4.779161576728988337e+00
3.386986659266659760e-01 4.845582879730450543e+00
3.397392148233313591e-01 4.919370870398061868e+00
3.407797637199967422e-01 4.862958877532868485e+00
3.418203126166621253e-01 4.991300414299203680e+00
3.428608615133275084e-01 4.728416355728963794e+00
3.439014104099928915e-01 4.649208229100882050e+00
3.449419593066582745e-01 4.767604662845698726e+00
3.459825082033236576e-01 4.838184593772307807e+00
3.470230570999890407e-01 4.885992155145533644e+00
3.480636059966544238e-01 4.837424368443699052e+00
3.491041548933198069e-01 4.804806263020900303e+00
3.501447037899851900e-01 4.700022753535247233e+00
3.511852526866505730e-01 4.641052155552156222e+00
3.522258015833159561e-01 4.643539195009079634e+00
3.532663504799813392e-01 4.934901504380558634e+00
3.543068993766467223e-01 4.715856818040141007e+00
3.553474482733121054e-01 4.567112994363963452e+00
3.563879971699774885e-01 4.648058092121402751e+00
3.574285460666428715e-01 4.747925759178929894e+00
3.584690949633082546e-01 4.763219011452413554e+00
3.595096438599736377e-01 4.754116308568619331e+00
3.605501927566390208e-01 4.553773727139777350e+00
3.615907416533044039e-01 4.491705962501896465e+00
3.626312905499697870e-01 4.705176413083304254e+00
3.636718394466351700e-01 4.781959963204041486e+00
3.647123883433005531e-01 4.786333807370514393e+00
3.657529372399659362e-01 4.668178407273970265e+00
3.667934861366313193e-01 4.687611085675428058e+00
3.678340350332967024e-01 4.776848462558625386e+00
3.688745839299620854e-01 4.855478312126649598e+00
3.699151328266274685e-01 4.639057462263167508e+00
3.709556817232928516e-01 4.756067142311383833e+00
3.719962306199582347e-01 4.800615008497736369e+00
3.730367795166236178e-01 4.705160931548785896e+00
3.740773284132890009e-01 4.632961604057737048e+00
3.751178773099543839e-01 4.787031569263515252e+00
3.761584262066197670e-01 4.956053800499319095e+00
3.771989751032851501e-01 4.737839495567786940e+00
3.782395239999505332e-01 4.492138288446639649e+00
3.792800728966159163e-01 4.536360380409465876e+00
3.803206217932812994e-01 4.476658916278740463e+00
3.813611706899466824e-01 4.449567580322110416e+00
3.824017195866120655e-01 4.441070289925367121e+00
3.834422684832774486e-01 4.489236103300061842e+00
3.844828173799428317e-01 4.600097060145156291e+00
3.855233662766082148e-01 4.523083457894816917e+00
3.865639151732735979e-01 4.610873030483229940e+00
3.876044640699389809e-01 4.518550490712218703e+00
3.886450129666043640e-01 4.541716073118404751e+00
3.896855618632697471e-01 4.568940023715008181e+00
3.907261107599351302e-01 4.437355776163318666e+00
3.917666596566005133e-01 4.482145911528551352e+00
3.928072085532658964e-01 4.695512542923236055e+00
3.938477574499312794e-01 4.660441049332373353e+00
3.948883063465966625e-01 4.638123034119168153e+00
3.959288552432620456e-01 4.740744161287381075e+00
3.969694041399274287e-01 4.522580805841975859e+00
3.980099530365928118e-01 4.614525348562342089e+00
3.990505019332581949e-01 4.408826865085586633e+00
4.000910508299235779e-01 4.255814047354466112e+00
4.011315997265889610e-01 4.432035077644048471e+00
4.021721486232543441e-01 4.365874211437091645e+00
4.032126975199197272e-01 4.366134208558381857e+00
4.042532464165851103e-01 4.482999063248612970e+00
4.052937953132504934e-01 4.663978684141138586e+00
4.063343442099158764e-01 4.606253473040045066e+00
4.073748931065812595e-01 4.662101742189200593e+00
4.084154420032466426e-01 4.570207411183105251e+00
4.094559908999120257e-01 4.602340836038841587e+00
4.104965397965774088e-01 4.537304870035388404e+00
4.115370886932427918e-01 4.414597354369256266e+00
4.125776375899081749e-01 4.417716641174724401e+00
4.136181864865735580e-01 4.292710378844869723e+00
4.146587353832389411e-01 4.378531121882993205e+00
4.156992842799043242e-01 4.378708682533726915e+00
4.167398331765697073e-01 4.542519675190384021e+00
4.177803820732350903e-01 4.469001586774957957e+00
4.188209309699004734e-01 4.440713239420396974e+00
4.198614798665658565e-01 4.564594167612280984e+00
4.209020287632312396e-01 4.505192399942870907e+00
4.219425776598966227e-01 4.396350280506936770e+00
4.229831265565620058e-01 4.277863000438888008e+00
4.240236754532273888e-01 4.368172290025551519e+00
4.250642243498927719e-01 4.394727473982037225e+00
4.261047732465581550e-01 4.486121880712271803e+00
4.271453221432235381e-01 4.475155927160127334e+00
4.281858710398889212e-01 4.395667414170684850e+00
4.292264199365543043e-01 4.444266076983286240e+00
4.302669688332196873e-01 4.215157018014828338e+00
4.313075177298850704e-01 4.240399122603093929e+00
4.323480666265504535e-01 4.375583422529100375e+00
4.333886155232158366e-01 4.359949856516777800e+00
4.344291644198812197e-01 4.523124637806379411e+00
4.354697133165466028e-01 4.460113473950439555e+00
4.365102622132119858e-01 4.579314267705022701e+00
4.375508111098773689e-01 4.558425955124796758e+00
4.385913600065427520e-01 4.529932658528114331e+00
4.396319089032081351e-01 4.328481327240801591e+00
4.406724577998735182e-01 4.203075978075428765e+00
4.417130066965389013e-01 4.153115327013633618e+00
4.427535555932042843e-01 4.140687005712411661e+00
4.437941044898696674e-01 4.313652125324299647e+00
4.448346533865350505e-01 4.208540413844637840e+00
4.458752022832004336e-01 4.249072352549486453e+00
4.469157511798658167e-01 4.287219029300434414e+00
4.479563000765311997e-01 4.314111314665925789e+00
4.489968489731965828e-01 4.319519392331226726e+00
4.500373978698619659e-01 4.340096282536926253e+00
4.510779467665273490e-01 4.305104749081575477e+00
4.521184956631927321e-01 4.322458317382071868e+00
4.531590445598581152e-01 4.384767205943795432e+00
4.541995934565234982e-01 4.244865176317414779e+00
4.552401423531888813e-01 4.257565372647782453e+00
4.562806912498542644e-01 4.250305424596785286e+00
4.573212401465196475e-01 4.474522356930759059e+00
4.583617890431850306e-01 4.264994450972462658e+00
4.594023379398504137e-01 4.283800473439512757e+00
4.604428868365157967e-01 4.275334152591756975e+00
4.614834357331811798e-01 4.343761362472708498e+00
4.625239846298465629e-01 4.306824048191014498e+00
4.635645335265119460e-01 4.406836805661470180e+00
4.646050824231773291e-01 4.321565168381223287e+00
4.656456313198427122e-01 4.407060333280238495e+00
4.666861802165080952e-01 4.257624641884032002e+00
4.677267291131734783e-01 4.233479532395850953e+00
4.687672780098388614e-01 4.358550258364839891e+00
4.698078269065042445e-01 4.295332346852912764e+00
4.708483758031696276e-01 4.156908177601636112e+00
4.718889246998350107e-01 4.022272524697218188e+00
4.729294735965003937e-01 4.002765915649515449e+00
4.739700224931657768e-01 4.033521278121082076e+00
4.750105713898311599e-01 4.100740020469839209e+00
4.760511202864965430e-01 4.237149654593913795e+00
4.770916691831619261e-01 4.249034532651453588e+00
4.781322180798273092e-01 4.279362863180370624e+00
4.791727669764926922e-01 4.217224163635655998e+00
4.802133158731580753e-01 4.266591848785694197e+00
4.812538647698234584e-01 4.249615157356164019e+00
4.822944136664888415e-01 4.278850186578004866e+00
4.833349625631542246e-01 4.216650458499728416e+00
4.843755114598196077e-01 4.293529625944618289e+00
4.854160603564849907e-01 4.112770039686278523e+00
4.864566092531503738e-01 4.086726026576041448e+00
4.874971581498157569e-01 4.097748793353208185e+00
4.885377070464811400e-01 4.188188473679907986e+00
4.895782559431465231e-01 4.264877674093867199e+00
4.906188048398119061e-01 4.248916878215887039e+00
4.916593537364772892e-01 4.195783452121784052e+00
4.926999026331426723e-01 4.213190563423310664e+00
4.937404515298080554e-01 4.190530363751207688e+00
4.947810004264734385e-01 4.255110497810999703e+00
4.958215493231388216e-01 4.262773533305132645e+00
4.968620982198042046e-01 4.240590951544024989e+00
4.979026471164695877e-01 4.224610574286359110e+00
4.989431960131349708e-01 3.974753607759090812e+00
4.999837449098003539e-01 3.976797547745938743e+00
5.010242938064657370e-01 4.031641857312617816e+00
5.020648427031311201e-01 3.948737886309952927e+00
5.031053915997965031e-01 4.188672610818727549e+00
5.041459404964618862e-01 4.330250683788410271e+00
5.051864893931272693e-01 4.312981932321878986e+00
5.062270382897926524e-01 4.168179368924427308e+00
5.072675871864580355e-01 4.144431642101121582e+00
5.083081360831234186e-01 4.167931372392317257e+00
5.093486849797888016e-01 4.131951209380389400e+00
5.103892338764541847e-01 4.239934208669758675e+00
5.114297827731195678e-01 4.266969514444799216e+00
5.124703316697849509e-01 4.135269207757207965e+00
5.135108805664503340e-01 4.063204907264964305e+00
5.145514294631157171e-01 4.050916971186843796e+00
5.155919783597811001e-01 4.189634848370793918e+00
5.166325272564464832e-01 4.077209977382555195e+00
5.176730761531118663e-01 4.085171303299507173e+00
5.187136250497772494e-01 3.984050754069652811e+00
5.197541739464426325e-01 4.058357006705225700e+00
5.207947228431080156e-01 4.050973575935717719e+00
5.218352717397733986e-01 4.167628558628290847e+00
5.228758206364387817e-01 4.140231961918946268e+00
5.239163695331041648e-01 4.111757359648319010e+00
5.249569184297695479e-01 4.132376248662868790e+00
5.259974673264349310e-01 4.134176218395836599e+00
5.270380162231003141e-01 4.069731917351166572e+00
5.280785651197656971e-01 4.060872894217364859e+00
5.291191140164310802e-01 4.170830906576398434e+00
5.301596629130964633e-01 4.181803531001762053e+00
5.312002118097618464e-01 3.914364664310053143e+00
5.322407607064272295e-01 3.938975323926591443e+00
5.332813096030926125e-01 3.973893756542295819e+00
5.343218584997581067e-01 3.967874461192330671e+00
5.353624073964233787e-01 4.060796708720790349e+00
5.364029562930888728e-01 3.991853491205898052e+00
5.374435051897541449e-01 4.022854344855847586e+00
5.384840540864196390e-01 4.077924958951022916e+00
5.395246029830849110e-01 4.057812467275461188e+00
5.405651518797504052e-01 3.943265764135997387e+00
5.416057007764156772e-01 3.897610863520377222e+00
5.426462496730811713e-01 3.972898612536504004e+00
5.436867985697464434e-01 3.985489478249121476e+00
5.447273474664119375e-01 3.944148221140821420e+00
5.457678963630772095e-01 3.900845276532105999e+00
5.468084452597427036e-01 3.931847211804186060e+00
5.478489941564079757e-01 3.942229143818131831e+00
5.488895430530734698e-01 3.878966013715508865e+00
5.499300919497387419e-01 3.843065734103547015e+00
5.509706408464042360e-01 3.726668703889703949e+00
5.520111897430695080e-01 3.760674891507051143e+00
5.530517386397350021e-01 3.702807692118170735e+00
5.540922875364002742e-01 3.799767739190905047e+00
5.551328364330657683e-01 3.771059512299839156e+00
5.561733853297310404e-01 3.887022922658147195e+00
5.572139342263965345e-01 3.935127446970994924e+00
5.582544831230618065e-01 3.776843575681272824e+00
5.592950320197273006e-01 3.882947979256698545e+00
5.603355809163925727e-01 3.940272877111514305e+00
5.613761298130580668e-01 3.707762033763010834e+00
5.624166787097233389e-01 3.675744577071828445e+00
5.634572276063888330e-01 3.703809212407229268e+00
5.644977765030541050e-01 3.707841519106693795e+00
5.655383253997195991e-01 3.712616045447816759e+00
5.665788742963848712e-01 3.829769678914164643e+00
5.676194231930503653e-01 3.724055770309121272e+00
5.686599720897156374e-01 3.603539790976601154e+00
5.697005209863811315e-01 3.655220102751783884e+00
5.707410698830464035e-01 3.590000764827124158e+00
5.717816187797118976e-01 3.557309135074600448e+00
5.728221676763771697e-01 3.641183161005919544e+00
5.738627165730426638e-01 3.816130029293240966e+00
5.749032654697079359e-01 3.663113845642783417e+00
5.759438143663734300e-01 3.655010139175118411e+00
5.769843632630387020e-01 3.699222820150630753e+00
5.780249121597041961e-01 3.824805333186336753e+00
5.790654610563694682e-01 3.830382497947031339e+00
5.801060099530349623e-01 3.707383631583613948e+00
5.811465588497002344e-01 3.690056694520052361e+00
5.821871077463657285e-01 3.844572378086773767e+00
5.832276566430310005e-01 3.777967191218198906e+00
5.842682055396964946e-01 3.622512480299516113e+00
5.853087544363617667e-01 3.669618087061316203e+00
5.863493033330272608e-01 3.750834485314125999e+00
5.873898522296925329e-01 3.674336473672465075e+00
5.884304011263580270e-01 3.582152667230946719e+00
5.894709500230232990e-01 3.673325008248792045e+00
5.905114989196887931e-01 3.575130229366862977e+00
5.915520478163540652e-01 3.459303187328451656e+00
5.925925967130195593e-01 3.552271969417059694e+00
5.936331456096848314e-01 3.653994499962536224e+00
5.946736945063503255e-01 3.638134361183013255e+00
5.957142434030155975e-01 3.632587999157529168e+00
5.967547922996810916e-01 3.712735057481690859e+00
5.977953411963463637e-01 3.542894444709297375e+00
5.988358900930118578e-01 3.472041191146757910e+00
5.998764389896771299e-01 3.676055917561345865e+00
