# q (1/angstrom), Intensity (arb)
5.442561321563801468e-04 9.838839860545149918e-01
1.632768266578491423e-03 1.436931535746529320e+00
2.721280401000602915e-03 9.232330679978062449e-01
3.809792535422714191e-03 1.005710363780845995e+00
4.898304669844825467e-03 1.625671734256659562e+00
5.986816804266936742e-03 1.605452080822900029e+00
7.075328938689048018e-03 1.100714246599356017e+00
8.163841073111159294e-03 1.122746667203344373e+00
9.252353207533271437e-03 1.259541076027982598e+00
1.034086534195538185e-02 1.319809246275118753e+00
1.142937747637749399e-02 1.502163963810286162e+00
1.251788961079960440e-02 1.241176444101116161e+00
1.360640174522171481e-02 1.486167340035320805e+00
1.469491387964382695e-02 1.483810762095776781e+00
1.578342601406593909e-02 1.532798008151990743e+00
1.687193814848804777e-02 3.711862340999337206e+00
1.796045028291015991e-02 1.050347531576914228e+01
1.904896241733227205e-02 1.615807530928272229e+01
2.013747455175438072e-02 2.019080437813739337e+01
2.122598668617649287e-02 2.304403983709773485e+01
2.231449882059860501e-02 2.388723333710746388e+01
2.340301095502071715e-02 2.425827393638850893e+01
2.449152308944282930e-02 2.398338905330270521e+01
2.558003522386494144e-02 2.352227740195407790e+01
2.666854735828705011e-02 2.316629648053393353e+01
2.775705949270916573e-02 2.232737390287553225e+01
2.884557162713127440e-02 2.218906655123247518e+01
2.993408376155338307e-02 2.116201563014429610e+01
3.102259589597549869e-02 2.045737461637060051e+01
3.211110803039760736e-02 2.061771217504135123e+01
3.319962016481971950e-02 1.990666723174654607e+01
3.428813229924183165e-02 1.910161747413187783e+01
3.537664443366394379e-02 1.844689058828510042e+01
3.646515656808604899e-02 1.803557104402516131e+01
3.755366870250816808e-02 1.762910002401845944e+01
3.864218083693027328e-02 1.762016943477396325e+01
3.973069297135238542e-02 1.774162398608326896e+01
4.081920510577449757e-02 1.711284992418315909e+01
4.190771724019660971e-02 1.576589251718439222e+01
4.299622937461872185e-02 1.508998284338542639e+01
4.408474150904083400e-02 1.497547391141941908e+01
4.517325364346294614e-02 1.527741017578697402e+01
4.626176577788505134e-02 1.546456813393150043e+01
4.735027791230717042e-02 1.534236857055015335e+01
4.843879004672927563e-02 1.547930587944133229e+01
4.952730218115138777e-02 1.590613697679875926e+01
5.061581431557350685e-02 1.582118565316039493e+01
5.170432644999561900e-02 1.608428798971896612e+01
5.279283858441772420e-02 1.623297775047515401e+01
5.388135071883984328e-02 1.639813837569654709e+01
5.496986285326195543e-02 1.644543821381278548e+01
5.605837498768406063e-02 1.619611453600896667e+01
5.714688712210617277e-02 1.537628699709637381e+01
5.823539925652829186e-02 1.534712583322003709e+01
5.932391139095039012e-02 1.581928728481462798e+01
6.041242352537250920e-02 1.577743794678992195e+01
6.150093565979462135e-02 1.594834321530262500e+01
6.258944779421672655e-02 1.607327722655828239e+01
6.367795992863883869e-02 1.639998144751290710e+01
6.476647206306095084e-02 1.637847085467409869e+01
6.585498419748306298e-02 1.628508312648511591e+01
6.694349633190517512e-02 1.700100348215921997e+01
6.803200846632728727e-02 1.690796306958313977e+01
6.912052060074939941e-02 1.666315037793386722e+01
7.020903273517151155e-02 1.650747988124741283e+01
7.129754486959362370e-02 1.658852053562567264e+01
7.238605700401572196e-02 1.652806138530990410e+01
7.347456913843784798e-02 1.657640157681120385e+01
7.456308127285996012e-02 1.745357864738029718e+01
7.565159340728205839e-02 1.830748004969773746e+01
7.674010554170418441e-02 1.855774534097490402e+01
7.782861767612629655e-02 1.931245992649290599e+01
7.891712981054839482e-02 2.110630964432324674e+01
8.000564194497050696e-02 2.183252874046613456e+01
8.109415407939263298e-02 2.288706924039493984e+01
8.218266621381473125e-02 2.385961559717396341e+01
8.327117834823684339e-02 2.427820640813992625e+01
8.435969048265895553e-02 2.457432791824073348e+01
8.544820261708106768e-02 2.439922557781761725e+01
8.653671475150317982e-02 2.364199137858285837e+01
8.762522688592529196e-02 2.253556298102662581e+01
8.871373902034740411e-02 2.077202040555514628e+01
8.980225115476951625e-02 1.895950668316417875e+01
9.089076328919162839e-02 1.651224431266297898e+01
9.197927542361372666e-02 1.456866240365002341e+01
9.306778755803585268e-02 1.265372931505190657e+01
9.415629969245796482e-02 1.097447557544805541e+01
9.524481182688006309e-02 9.582306350000301620e+00
9.633332396130217523e-02 8.208668472347474321e+00
9.742183609572430125e-02 7.285791587347475229e+00
9.851034823014639952e-02 6.627023281205405070e+00
9.959886036456851166e-02 5.679062392304139451e+00
1.006873724989906238e-01 4.996451352502655041e+00
1.017758846334127498e-01 4.533431118525735215e+00
1.028643967678348620e-01 4.293771013653156388e+00
1.039529089022569464e-01 4.167324319608878724e+00
1.050414210366790724e-01 4.028492895886360614e+00
1.061299331711011845e-01 3.844066061865184736e+00
1.072184453055232967e-01 3.527714364097400690e+00
1.083069574399454088e-01 2.993501075713416171e+00
1.093954695743675209e-01 2.759366291128202420e+00
1.104839817087896192e-01 2.769110370382868780e+00
1.115724938432117314e-01 2.584482007280454852e+00
1.126610059776338435e-01 2.657748683088431818e+00
1.137495181120559695e-01 2.817692975665949007e+00
1.148380302464780817e-01 2.604489717010673999e+00
1.159265423809001938e-01 2.514961613620661396e+00
1.170150545153222921e-01 2.529627232900859113e+00
1.181035666497444042e-01 2.323632583799982498e+00
1.191920787841665164e-01 2.170678054804577428e+00
1.202805909185886285e-01 2.417394591699929762e+00
1.213691030530107406e-01 2.326754555219805454e+00
1.224576151874328667e-01 2.387231161879284969e+00
1.235461273218549511e-01 1.850552821034964879e+00
1.246346394562770632e-01 1.868365350807765779e+00
1.257231515906991892e-01 2.063614851920441140e+00
1.268116637251212875e-01 1.946421817615689775e+00
1.279001758595434135e-01 1.829285903375224009e+00
1.289886879939655395e-01 2.066684890111119444e+00
1.300772001283876100e-01 1.980095528267513671e+00
1.311657122628097361e-01 2.187480643405072200e+00
1.322542243972318621e-01 2.075915154316717803e+00
1.333427365316539603e-01 2.048511770192185111e+00
1.344312486660760864e-01 2.093038923771327831e+00
1.355197608004981846e-01 2.108406192146802027e+00
1.366082729349202829e-01 1.982407176913076441e+00
1.376967850693424089e-01 1.647255063225173899e+00
1.387852972037645072e-01 1.510655014744274993e+00
1.398738093381866332e-01 2.030137141405573331e+00
1.409623214726087592e-01 2.063315458535900149e+00
1.420508336070308575e-01 2.131925895417316141e+00
1.431393457414529835e-01 1.979925894619816162e+00
1.442278578758750818e-01 1.956458637724924898e+00
1.453163700102971800e-01 2.030703376201495658e+00
1.464048821447193061e-01 2.064007444255965495e+00
1.474933942791414043e-01 1.904029378217604318e+00
1.485819064135635303e-01 1.833441071817748735e+00
1.496704185479856564e-01 1.733299476666458006e+00
1.507589306824077546e-01 1.797938849581543153e+00
1.518474428168298529e-01 1.746683042307898504e+00
1.529359549512519789e-01 1.931206057012003541e+00
1.540244670856740772e-01 2.000718988185791858e+00
1.551129792200962032e-01 1.826767420619120230e+00
1.562014913545183292e-01 1.769336660344034584e+00
1.572900034889403997e-01 1.917108163514894770e+00
1.583785156233625258e-01 1.818021129977665851e+00
1.594670277577846518e-01 1.668872605775687745e+00
1.605555398922067500e-01 1.627255203093236346e+00
1.616440520266288761e-01 1.658006127366521198e+00
1.627325641610509743e-01 1.718203691902933983e+00
1.638210762954730726e-01 1.568496596311486968e+00
1.649095884298951986e-01 1.359597785273262360e+00
1.659981005643172969e-01 1.389810010572253063e+00
1.670866126987394229e-01 1.292827223331684650e+00
1.681751248331615489e-01 1.341971249714161374e+00
1.692636369675836472e-01 1.549111588246210758e+00
1.703521491020057455e-01 1.628304634097382575e+00
1.714406612364278715e-01 1.662762850457673025e+00
1.725291733708499697e-01 1.442203399272065312e+00
1.736176855052720958e-01 1.385635523754954690e+00
1.747061976396941940e-01 1.394197935500802288e+00
1.757947097741163200e-01 1.432596468472704387e+00
1.768832219085384183e-01 1.342092059800402026e+00
1.779717340429605166e-01 1.449189841785070598e+00
1.790602461773826426e-01 1.358071130970724738e+00
1.801487583118047686e-01 1.258057416937701234e+00
1.812372704462268669e-01 1.455729937059047074e+00
1.823257825806489929e-01 1.542473814144202038e+00
1.834142947150710912e-01 1.289294363641641183e+00
1.845028068494931894e-01 1.352530648024181659e+00
1.855913189839153155e-01 1.255768917326870238e+00
1.866798311183374137e-01 1.271260512021292755e+00
1.877683432527595397e-01 1.141359818275880400e+00
1.888568553871816658e-01 1.299382248143881924e+00
1.899453675216037363e-01 1.415951717743700655e+00
1.910338796560258623e-01 1.324258463674777175e+00
1.921223917904479883e-01 1.341689292568686298e+00
1.932109039248700866e-01 1.373344524526418198e+00
1.942994160592922126e-01 1.240830329174084312e+00
1.953879281937143109e-01 1.238470820682639584e+00
1.964764403281364091e-01 1.391340780152653167e+00
1.975649524625585352e-01 1.568061050344381258e+00
1.986534645969806334e-01 1.496274316048264552e+00
1.997419767314027594e-01 1.175163766174417646e+00
2.008304888658248855e-01 4.169542965789734268e-01
2.019190010002469560e-01 0.000000000000000000e+00
2.030075131346691097e-01 9.093085518628711839e-01
2.040960252690912080e-01 1.310757933248874352e+00
2.051845374035133340e-01 1.456953621564682777e+00
2.062730495379354323e-01 1.492927650634955583e+00
2.073615616723575306e-01 1.424509831392100523e+00
2.084500738067796566e-01 1.389437806759506344e+00
2.095385859412017548e-01 1.262762704411800385e+00
2.106270980756238809e-01 1.311548163635988473e+00
2.117156102100459791e-01 1.334352969946069223e+00
2.128041223444681052e-01 1.253559620189140134e+00
2.138926344788902034e-01 1.209564782453071530e+00
2.149811466133123017e-01 1.053348963749892064e+00
2.160696587477344277e-01 1.069290347821748810e+00
2.171581708821565260e-01 1.056438552513418117e+00
2.182466830165786797e-01 1.088190660001554733e+00
2.193351951510007503e-01 1.318094706650239090e+00
2.204237072854228485e-01 1.275047448788789950e+00
2.215122194198450023e-01 1.177908317459619880e+00
2.226007315542670728e-01 1.142469183643649799e+00
2.236892436886892266e-01 1.170278210829261312e+00
2.247777558231113249e-01 1.181748856419252647e+00
2.258662679575334509e-01 1.083137086245741898e+00
2.269547800919555491e-01 1.273078046786778827e+00
2.280432922263776474e-01 1.262658932908326648e+00
2.291318043607997734e-01 1.256397973885940544e+00
2.302203164952218717e-01 1.145681447712433965e+00
2.313088286296439977e-01 1.243662800314492500e+00
2.323973407640660960e-01 1.278222858419798769e+00
2.334858528984881942e-01 1.338386945827521046e+00
2.345743650329103203e-01 1.221405630760273198e+00
2.356628771673324185e-01 1.236767542453085511e+00
2.367513893017545445e-01 1.200936846227170562e+00
2.378399014361766428e-01 1.058611148792762080e+00
2.389284135705987966e-01 1.053582397369105195e+00
2.400169257050208671e-01 1.077982922001021748e+00
2.411054378394429654e-01 1.152169411608799265e+00
2.421939499738651191e-01 1.028612678352205378e+00
2.432824621082871897e-01 9.744049022556122708e-01
2.443709742427093434e-01 1.047676499102287551e+00
2.454594863771314417e-01 1.113409908579871654e+00
2.465479985115535122e-01 1.101074689190440381e+00
2.476365106459756660e-01 1.194506193300446384e+00
2.487250227803977642e-01 1.296896301726620848e+00
2.498135349148198903e-01 1.263930762184804379e+00
2.509020470492419608e-01 1.167522381916928254e+00
2.519905591836641423e-01 1.254002899131002380e+00
2.530790713180862128e-01 1.202730825653276270e+00
2.541675834525082833e-01 1.306853531543014313e+00
2.552560955869304649e-01 1.155747687654271161e+00
2.563446077213525354e-01 1.159680985512839158e+00
2.574331198557746614e-01 1.268571366676225054e+00
2.585216319901967874e-01 1.234072644840843225e+00
2.596101441246188579e-01 1.138815087598922915e+00
2.606986562590409839e-01 1.033713452158327328e+00
2.617871683934631100e-01 1.148687630657946102e+00
2.628756805278852360e-01 1.190947626768489087e+00
2.639641926623073065e-01 1.201187834725086390e+00
2.650527047967294325e-01 1.178461061283035960e+00
2.661412169311515585e-01 1.231804501968252197e+00
2.672297290655736290e-01 1.300598708951183013e+00
2.683182411999957551e-01 1.133671225819263384e+00
2.694067533344178811e-01 1.397445001445996482e+00
2.704952654688400071e-01 1.269280979080482652e+00
2.715837776032620776e-01 1.085626488701308290e+00
2.726722897376842036e-01 1.119460981196542804e+00
2.737608018721063297e-01 1.134429249680144025e+00
2.748493140065284002e-01 1.163426296752247069e+00
2.759378261409505817e-01 1.189214373735675068e+00
2.770263382753726522e-01 1.210735791156990260e+00
2.781148504097947782e-01 1.083393415018150563e+00
2.792033625442169043e-01 1.233710557339822600e+00
2.802918746786389748e-01 1.175833890025977269e+00
2.813803868130611008e-01 1.237125699797779532e+00
2.824688989474832268e-01 1.258410421810481239e+00
2.835574110819053528e-01 1.103544894762261919e+00
2.846459232163274233e-01 1.044028914633043925e+00
2.857344353507495494e-01 1.204805828568392911e+00
2.868229474851716754e-01 1.212612732115365688e+00
2.879114596195937459e-01 1.192608930873570117e+00
2.889999717540158719e-01 1.179312654599153021e+00
2.900884838884379979e-01 1.103163745721749578e+00
2.911769960228601239e-01 1.171514940849013087e+00
2.922655081572821945e-01 1.295483432812913449e+00
2.933540202917043205e-01 1.315662866818467336e+00
2.944425324261264465e-01 1.273176481710617480e+00
2.955310445605485170e-01 1.145553329995383507e+00
2.966195566949706985e-01 1.193848901984377875e+00
2.977080688293927691e-01 1.254369578053013967e+00
2.987965809638148951e-01 1.097178918958212179e+00
2.998850930982370211e-01 1.213287312223815917e+00
3.009736052326590916e-01 1.275386454606611153e+00
3.020621173670812176e-01 1.048120886955283382e+00
3.031506295015033436e-01 1.095335437134163925e+00
3.042391416359254697e-01 1.188712668747600176e+00
3.053276537703475402e-01 1.132324483322266317e+00
3.064161659047696662e-01 1.238694898946869571e+00
3.075046780391917922e-01 1.146430274534179006e+00
3.085931901736138627e-01 1.077906779533810422e+00
3.096817023080360443e-01 1.082753548049984360e+00
3.107702144424581148e-01 1.090326387137444897e+00
3.118587265768802408e-01 1.273941737357217718e+00
3.129472387113023668e-01 1.170946237653534894e+00
3.140357508457244373e-01 1.168469500198501265e+00
3.151242629801465633e-01 1.111335536347841213e+00
3.162127751145686894e-01 9.849071231976420648e-01
3.173012872489908154e-01 1.096072420442276041e+00
3.183897993834128859e-01 1.088169868157379483e+00
3.194783115178350119e-01 1.076105969361135450e+00
3.205668236522571379e-01 1.163217976452429525e+00
3.216553357866792084e-01 9.829387974935119843e-01
3.227438479211013345e-01 9.932036479016712605e-01
3.238323600555234605e-01 1.020671306164040004e+00
3.249208721899455865e-01 1.157945181970012172e+00
3.260093843243676570e-01 9.687933233792609400e-01
3.270978964587897830e-01 9.461968371192313043e-01
3.281864085932119091e-01 1.020771260094301525e+00
3.292749207276339796e-01 1.064547595477231212e+00
3.303634328620561611e-01 1.069051798492392180e+00
3.314519449964782316e-01 9.618426234391534990e-01
3.325404571309003021e-01 1.511893246672794788e+00
3.336289692653224837e-01 1.199972261436151655e+00
3.347174813997445542e-01 1.068803023933549312e+00
3.358059935341666802e-01 1.149173030812281837e+00
3.368945056685888062e-01 1.035202175426336524e+00
3.379830178030109322e-01 1.121074180309346247e+00
3.390715299374330027e-01 1.224223130317207975e+00
3.401600420718551288e-01 1.179691458287026151e+00
3.412485542062772548e-01 1.262896219089606475e+00
3.423370663406993253e-01 1.135298740204364165e+00
3.434255784751214513e-01 1.119887095438683033e+00
3.445140906095435773e-01 1.186555992014266536e+00
3.456026027439656478e-01 1.216252280477641889e+00
3.466911148783877739e-01 1.186311107091265526e+00
3.477796270128098999e-01 1.148759628521114351e+00
3.488681391472320259e-01 1.158719535527055200e+00
3.499566512816540964e-01 1.200295134073400050e+00
3.510451634160762779e-01 1.214610057617901973e+00
3.521336755504983484e-01 1.200995558220343540e+00
3.532221876849204190e-01 1.161494112621927144e+00
3.543106998193426005e-01 1.177388727124291989e+00
3.553992119537646710e-01 1.194722267283164996e+00
3.564877240881867970e-01 1.163845303575643086e+00
3.575762362226089230e-01 1.111148771692151982e+00
3.586647483570310491e-01 1.064760881531432446e+00
3.597532604914531196e-01 1.041500816687058517e+00
3.608417726258752456e-01 1.182663741116712686e+00
3.619302847602973716e-01 1.272370519681615519e+00
3.630187968947194421e-01 1.183926674732248330e+00
3.641073090291415681e-01 1.084333932292063096e+00
3.651958211635636942e-01 9.926776111469362007e-01
3.662843332979857647e-01 9.797138159175737826e-01
3.673728454324078907e-01 1.160055484320379193e+00
3.684613575668300167e-01 1.088920314833098146e+00
3.695498697012521427e-01 1.129325845519428384e+00
3.706383818356742132e-01 1.098643006501871966e+00
3.717268939700963948e-01 1.146922041083191957e+00
3.728154061045184653e-01 1.183729221057758352e+00
3.739039182389405358e-01 1.321883191248382161e+00
3.749924303733627173e-01 1.325136498434291710e+00
3.760809425077847878e-01 1.265991783444011531e+00
3.771694546422069139e-01 1.092098338215626185e+00
3.782579667766290399e-01 1.126185502539273742e+00
3.793464789110511104e-01 1.122945676371402968e+00
3.804349910454732364e-01 1.074322216938240260e+00
3.815235031798953624e-01 1.178644631376378982e+00
3.826120153143174885e-01 1.247624769854779103e+00
3.837005274487395590e-01 1.205789605632791250e+00
3.847890395831616850e-01 1.166342877434130898e+00
3.858775517175838110e-01 1.024724785996269816e+00
3.869660638520058815e-01 1.035340230386060156e+00
3.880545759864280075e-01 1.111602008911585671e+00
3.891430881208501336e-01 1.030000568282714468e+00
3.902316002552722596e-01 9.061202581658776012e-01
3.913201123896943301e-01 1.037232087311942053e+00
3.924086245241164561e-01 1.232204704672144047e+00
3.934971366585385821e-01 1.187025830203882748e+00
3.945856487929606526e-01 1.034299955134898141e+00
3.956741609273828342e-01 1.128339142322683841e+00
3.967626730618049047e-01 1.073495530659792863e+00
3.978511851962270307e-01 1.030534467100080676e+00
3.989396973306491567e-01 1.338292795382924893e+00
4.000282094650711717e-01 1.173874293314231210e+00
4.011167215994933533e-01 1.215755455445201250e+00
4.022052337339154793e-01 1.175552950703647070e+00
4.032937458683375498e-01 1.131863801300800887e+00
4.043822580027597313e-01 1.128210221527456980e+00
4.054707701371818018e-01 1.268138266747953935e+00
4.065592822716039278e-01 1.247788549089007049e+00
4.076477944060259984e-01 1.164116370178374993e+00
4.087363065404481244e-01 1.251234412851863098e+00
4.098248186748703059e-01 1.285140705078168466e+00
4.109133308092923764e-01 1.240707523446946681e+00
4.120018429437144469e-01 1.122545292575775733e+00
4.130903550781365730e-01 1.223724370581003029e+00
4.141788672125586435e-01 1.101377338792641325e+00
4.152673793469808250e-01 1.104329835404698201e+00
4.163558914814029510e-01 1.241018922481115894e+00
4.174444036158250215e-01 1.148280450291453647e+00
4.185329157502470920e-01 1.141865123787015435e+00
4.196214278846692181e-01 1.081036843840221806e+00
4.207099400190913996e-01 1.103119327725201160e+00
4.217984521535134701e-01 1.042104928166738276e+00
4.228869642879355961e-01 9.618560718128215115e-01
4.239754764223576666e-01 1.054041019540219892e+00
4.250639885567798482e-01 1.114388675963613906e+00
4.261525006912019187e-01 1.086138737081899563e+00
4.272410128256240447e-01 1.137027607481275737e+00
4.283295249600461152e-01 1.170320723204218538e+00
4.294180370944682412e-01 1.066203451115613987e+00
4.305065492288904228e-01 1.077220726314438437e+00
4.315950613633124933e-01 1.149978751687806167e+00
4.326835734977345638e-01 1.194693381474728255e+00
4.337720856321566898e-01 1.241391132591157742e+00
4.348605977665787603e-01 1.178099761546871349e+00
4.359491099010009418e-01 1.187387241883591571e+00
4.370376220354230679e-01 1.179469261695853533e+00
4.381261341698451384e-01 1.038078457274345112e+00
4.392146463042672089e-01 1.177176571116859805e+00
4.403031584386893349e-01 1.211782822162088991e+00
4.413916705731115164e-01 1.113594185842577744e+00
4.424801827075335869e-01 1.183729206603464590e+00
4.435686948419557130e-01 1.164931901469623554e+00
4.446572069763777835e-01 1.170203528510498359e+00
4.457457191107998540e-01 1.243124362590135590e+00
4.468342312452220355e-01 1.197817264337647458e+00
4.479227433796441615e-01 1.161259891355770790e+00
4.490112555140662320e-01 1.111172655024546430e+00
4.500997676484883581e-01 1.011889779751385277e+00
4.511882797829105396e-01 1.058681117207816769e+00
4.522767919173326101e-01 1.183664058730867552e+00
4.533653040517546806e-01 1.130811255822084860e+00
4.544538161861768066e-01 1.132267341240384084e+00
4.555423283205988771e-01 1.139330249758852887e+00
4.566308404550210587e-01 1.240887320012880934e+00
4.577193525894431847e-01 1.197820470619998190e+00
4.588078647238652552e-01 1.094374752261828121e+00
4.598963768582873257e-01 1.182343732448783769e+00
4.609848889927094517e-01 1.131238148640280272e+00
4.620734011271316333e-01 1.090094615549309864e+00
4.631619132615537038e-01 1.149382537470886589e+00
4.642504253959758298e-01 1.139147749603049320e+00
4.653389375303979003e-01 1.028894226996770911e+00
4.664274496648199708e-01 1.025341121550654933e+00
4.675159617992421524e-01 1.098973352672823367e+00
4.686044739336642784e-01 1.110032981486087422e+00
4.696929860680863489e-01 1.101884698178636768e+00
4.707814982025084749e-01 1.170160051288240410e+00
4.718700103369305454e-01 1.213665385435787059e+00
4.729585224713527269e-01 1.179659741209313495e+00
4.740470346057747975e-01 1.073818994241676705e+00
4.751355467401969235e-01 1.023636821490281790e+00
4.762240588746189940e-01 1.155912857114099523e+00
4.773125710090411755e-01 1.162198870457057609e+00
4.784010831434633015e-01 1.037898397030431852e+00
4.794895952778853720e-01 1.064875305893819402e+00
4.805781074123074426e-01 1.127524003648261441e+00
4.816666195467295686e-01 1.155716533736145024e+00
4.827551316811517501e-01 1.073424248896030164e+00
4.838436438155738206e-01 1.160177738287746507e+00
4.849321559499959466e-01 1.119610659472717984e+00
4.860206680844180172e-01 1.094300360273557260e+00
4.871091802188400877e-01 1.010535617306596023e+00
4.881976923532622692e-01 1.087062837696437967e+00
4.892862044876843952e-01 9.804706910273282006e-01
4.903747166221064657e-01 1.082602804313165024e+00
4.914632287565285917e-01 1.099482540225380944e+00
4.925517408909506623e-01 1.079600450895073394e+00
4.936402530253728438e-01 1.062195261921461409e+00
4.947287651597949143e-01 1.003428294143313693e+00
4.958172772942170403e-01 1.124496565741567977e+00
4.969057894286391108e-01 1.210851363074919362e+00
4.979943015630612924e-01 1.206771642017116619e+00
4.990828136974834184e-01 1.179720783326979827e+00
5.001713258319054889e-01 1.135333983000839098e+00
5.012598379663275594e-01 1.149429538105916748e+00
5.023483501007496299e-01 1.145076167299183822e+00
5.034368622351718114e-01 1.128540472647003412e+00
5.045253743695939930e-01 1.017126915380492491e+00
5.056138865040160635e-01 1.098969574807751926e+00
5.067023986384381340e-01 1.061456653844382814e+00
5.077909107728602045e-01 9.897495512443619248e-01
5.088794229072823860e-01 1.045374175932748173e+00
5.099679350417044565e-01 1.066828002866405001e+00
5.110564471761266381e-01 1.048351662083547353e+00
5.121449593105487086e-01 1.101941376432710840e+00
5.132334714449707791e-01 1.076932532461620795e+00
5.143219835793929606e-01 1.037091309228468816e+00
5.154104957138150311e-01 9.940241993365663831e-01
5.164990078482371016e-01 1.116927406631941011e+00
5.175875199826592832e-01 1.100799778777957982e+00
5.186760321170813537e-01 1.107973031741625647e+00
5.197645442515035352e-01 1.190809588466700930e+00
5.208530563859256057e-01 1.185082925300537937e+00
5.219415685203476762e-01 1.072303111999460157e+00
5.230300806547697468e-01 1.083046566546290279e+00
5.241185927891919283e-01 1.148509533620215350e+00
5.252071049236141098e-01 1.158399470836176448e+00
5.262956170580361803e-01 1.114026408667985635e+00
5.273841291924582508e-01 1.067075281109538309e+00
5.284726413268803213e-01 1.047333000624492527e+00
5.295611534613025029e-01 1.154086830476673597e+00
5.306496655957245734e-01 9.595404226515977797e-01
5.317381777301467549e-01 1.020636589054578991e+00
5.328266898645688254e-01 1.012231292011287920e+00
5.339152019989908959e-01 9.968276532623434605e-01
5.350037141334130775e-01 1.068506282985051570e+00
5.360922262678351480e-01 1.109372401174519851e+00
5.371807384022572185e-01 1.150410527007592165e+00
5.382692505366794000e-01 1.105941716847494760e+00
5.393577626711014705e-01 1.034399126622279397e+00
5.404462748055236521e-01 1.111589665284972384e+00
5.415347869399457226e-01 1.242692776416735256e+00
5.426232990743677931e-01 1.130983987253680212e+00
5.437118112087898636e-01 1.043807337176918537e+00
5.448003233432120451e-01 1.100380610936351644e+00
5.458888354776342267e-01 1.034432277735570338e+00
5.469773476120562972e-01 9.938336669422369596e-01
5.480658597464783677e-01 1.043402672676323917e+00
5.491543718809004382e-01 1.087449214552805188e+00
5.502428840153226197e-01 1.066287394168680791e+00
5.513313961497446902e-01 1.093403437134499612e+00
5.524199082841668718e-01 1.064645263077418136e+00
5.535084204185889423e-01 9.741092709134910876e-01
5.545969325530110128e-01 1.033320404745696308e+00
5.556854446874331943e-01 1.044064102195980226e+00
5.567739568218552648e-01 1.105714942516584642e+00
5.578624689562773353e-01 1.129767589250594284e+00
5.589509810906995169e-01 1.021391345985851018e+00
5.600394932251215874e-01 1.033311163693495516e+00
5.611280053595437689e-01 1.024841018171613882e+00
5.622165174939658394e-01 1.025300026833420475e+00
5.633050296283879099e-01 1.019876101139180591e+00
5.643935417628099804e-01 1.070189448911150976e+00
5.654820538972321620e-01 1.069717881386415215e+00
5.665705660316543435e-01 1.039681621929544164e+00
5.676590781660764140e-01 1.081556622619313401e+00
5.687475903004984845e-01 1.114827265137019907e+00
5.698361024349205550e-01 1.050090114022816934e+00
5.709246145693427366e-01 1.164722418806231730e+00
5.720131267037648071e-01 1.089767131401986333e+00
5.731016388381869886e-01 1.034783288476656793e+00
5.741901509726090591e-01 1.037693500974580019e+00
5.752786631070311296e-01 1.121338328538174167e+00
5.763671752414533112e-01 1.194852543143976931e+00
5.774556873758753817e-01 1.135631857418262669e+00
5.785441995102974522e-01 1.061028877657149039e+00
5.796327116447196337e-01 1.081896964906471581e+00
5.807212237791417042e-01 1.142447019857307566e+00
5.818097359135638857e-01 9.977412811958146222e-01
5.828982480479859563e-01 1.029003841254329643e+00
5.839867601824080268e-01 1.024071438768356046e+00
5.850752723168300973e-01 9.908277489185834952e-01
5.861637844512522788e-01 9.910638021812481213e-01
5.872522965856744603e-01 1.101312177832490136e+00
5.883408087200965308e-01 1.118324744248491598e+00
5.894293208545186014e-01 1.050460085088975148e+00
5.905178329889406719e-01 1.147521094298088684e+00
5.916063451233627424e-01 1.109014035563111733e+00
5.926948572577849239e-01 1.006827841795661982e+00
5.937833693922071054e-01 1.048220513730234060e+00
5.948718815266291760e-01 1.078563526809814377e+00
5.959603936610512465e-01 1.111785358503116328e+00
5.970489057954734280e-01 1.095705815966685037e+00
5.981374179298954985e-01 1.073971490293399000e+00
5.992259300643175690e-01 1.060845556975825943e+00
6.003144421987397505e-01 1.183512921197197088e+00
6.014029543331618211e-01 1.111503735538226678e+00
6.024914664675840026e-01 1.107179565147330180e+00
6.035799786020060731e-01 1.093166464162758089e+00
6.046684907364281436e-01 1.093994265158285017e+00
6.057570028708503251e-01 9.971085103096264390e-01
6.068455150052723956e-01 1.092410984443365152e+00
6.079340271396945772e-01 1.051256420801788494e+00
6.090225392741166477e-01 1.044279843811949604e+00
6.101110514085387182e-01 1.064817425559848374e+00
6.111995635429607887e-01 1.075901964215496776e+00
6.122880756773829702e-01 1.072202648626570110e+00
6.133765878118051518e-01 1.031534544834141087e+00
6.144650999462272223e-01 1.006622212866176369e+00
6.155536120806492928e-01 1.120505157335140112e+00
6.166421242150713633e-01 1.151747831007348566e+00
6.177306363494934338e-01 1.003430272289380198e+00
6.188191484839156153e-01 9.988298286777723689e-01
6.199076606183377969e-01 1.094316376503039479e+00
6.209961727527598674e-01 1.056821977109819954e+00
6.220846848871819379e-01 9.542838021281880856e-01
6.231731970216041194e-01 1.018616161702768252e+00
6.242617091560261899e-01 1.028658782156396612e+00
6.253502212904482604e-01 9.948861838088074450e-01
6.264387334248704420e-01 1.022184631684931233e+00
6.275272455592925125e-01 1.082005134472176167e+00
6.286157576937146940e-01 1.045674528789369617e+00
6.297042698281367645e-01 1.043003016505203107e+00
6.307927819625588350e-01 1.061334645305105795e+00
6.318812940969809056e-01 1.063761514733634783e+00
6.329698062314030871e-01 1.110855807593294386e+00
6.340583183658252686e-01 1.109701485985869596e+00
6.351468305002473391e-01 1.095129213392409540e+00
6.362353426346694096e-01 1.124173044403125488e+00
6.373238547690914801e-01 1.121323443824554289e+00
6.384123669035135507e-01 1.099303082669042197e+00
6.395008790379357322e-01 1.140427868491361352e+00
6.405893911723579137e-01 1.054114325635634231e+00
6.416779033067799842e-01 9.990007245432881433e-01
6.427664154412020547e-01 1.000255653040413861e+00
6.438549275756242363e-01 1.003286122130388591e+00
6.449434397100463068e-01 1.071443636611041583e+00
6.460319518444683773e-01 1.064820075113377840e+00
6.471204639788905588e-01 1.077822754932865834e+00
6.482089761133126293e-01 1.088024618330919679e+00
6.492974882477348109e-01 1.056852575627372559e+00
6.503860003821568814e-01 1.035835194944128901e+00
6.514745125165789519e-01 1.018860583986167967e+00
6.525630246510010224e-01 1.089701523694502683e+00
6.536515367854232039e-01 1.045231321433542249e+00
6.547400489198453855e-01 9.890823061521665238e-01
6.558285610542674560e-01 9.080864832805275455e-01
6.569170731886895265e-01 1.086406532089796428e+00
6.580055853231115970e-01 1.113351749956411396e+00
6.590940974575336675e-01 1.047481727375124905e+00
6.601826095919558490e-01 1.083373597640802544e+00
6.612711217263780306e-01 1.086748950534737190e+00
6.623596338608001011e-01 1.036635227918337065e+00
6.634481459952221716e-01 1.096481395199232267e+00
6.645366581296442421e-01 1.047325429596588364e+00
6.656251702640664236e-01 1.093195007689281795e+00
6.667136823984884941e-01 1.073131489735091648e+00
6.678021945329106757e-01 1.068199265043174861e+00
6.688907066673327462e-01 1.042898795246598453e+00
6.699792188017549277e-01 1.039701323802766808e+00
6.710677309361769982e-01 1.005778514600995877e+00
6.721562430705990687e-01 1.019315056585000434e+00
6.732447552050211392e-01 1.015846273064475724e+00
6.743332673394433208e-01 1.046974311256995804e+00
6.754217794738655023e-01 1.105296485782398364e+00
6.765102916082875728e-01 1.076977306665341416e+00
6.775988037427096433e-01 1.034541529382169145e+00
6.786873158771317138e-01 1.087220492986590514e+00
6.797758280115537843e-01 9.346629378014288392e-01
6.808643401459759659e-01 1.215097825254625619e+00
6.819528522803981474e-01 1.445950997311578945e+00
6.830413644148202179e-01 1.132319697145463877e+00
6.841298765492422884e-01 1.077242870474348635e+00
6.852183886836643589e-01 1.051089310060824289e+00
6.863069008180865405e-01 1.121140311119392052e+00
6.873954129525086110e-01 1.150561546278293434e+00
6.884839250869307925e-01 1.036860345008685513e+00
6.895724372213528630e-01 1.024209398749523103e+00
6.906609493557749335e-01 1.050295236707425417e+00
6.917494614901971151e-01 1.014863554163556003e+00
6.928379736246191856e-01 9.818452842047342699e-01
6.939264857590412561e-01 9.749567575075435144e-01
6.950149978934634376e-01 9.798734168821976454e-01
6.961035100278856191e-01 1.067553886913820804e+00
6.971920221623076896e-01 1.108089916611893599e+00
6.982805342967297602e-01 1.019757858503389514e+00
6.993690464311518307e-01 1.007388754774106943e+00
7.004575585655739012e-01 9.793042433822769510e-01
7.015460706999960827e-01 1.019123389347628361e+00
7.026345828344182642e-01 1.119100766049541562e+00
7.037230949688403348e-01 1.054981770444419098e+00
7.048116071032624053e-01 1.014761564745027655e+00
7.059001192376844758e-01 1.044104825925797897e+00
7.069886313721066573e-01 1.022364890508844937e+00
7.080771435065287278e-01 1.052743687901134706e+00
7.091656556409509093e-01 1.123657423543269473e+00
7.102541677753729799e-01 1.094064679274927343e+00
7.113426799097950504e-01 1.011179977991089274e+00
7.124311920442172319e-01 1.045563507289589467e+00
7.135197041786393024e-01 1.103883653069496873e+00
7.146082163130613729e-01 1.049785753237882702e+00
7.156967284474835544e-01 9.610728298722985841e-01
7.167852405819057360e-01 1.046280315154282547e+00
7.178737527163278065e-01 1.043318916584794920e+00
7.189622648507498770e-01 1.072884563793001789e+00
7.200507769851719475e-01 1.071584591217614957e+00
7.211392891195940180e-01 1.005968405022960255e+00
7.222278012540161996e-01 1.012888525705886167e+00
7.233163133884383811e-01 9.774645924769433947e-01
7.244048255228604516e-01 9.632727753507133173e-01
7.254933376572825221e-01 1.046001268499459513e+00
7.265818497917045926e-01 1.064915613160628993e+00
7.276703619261267741e-01 1.026046817395471322e+00
7.287588740605488447e-01 9.294988773897241430e-01
7.298473861949710262e-01 9.956874563837825320e-01
7.309358983293930967e-01 1.069415963559666949e+00
7.320244104638151672e-01 1.050240375830972184e+00
7.331129225982373487e-01 1.030663514131790137e+00
7.342014347326594192e-01 1.051161650208330300e+00
7.352899468670814898e-01 1.030006583100183448e+00
7.363784590015036713e-01 1.043415358322757669e+00
7.374669711359257418e-01 1.097918296925310955e+00
7.385554832703479233e-01 1.051946274196133402e+00
7.396439954047699938e-01 1.034635142906951799e+00
7.407325075391920643e-01 1.008745737121094166e+00
7.418210196736141349e-01 9.761307975691355665e-01
7.429095318080363164e-01 1.072988967527260584e+00
7.439980439424584979e-01 1.055996929893279201e+00
7.450865560768805684e-01 1.020999618934876452e+00
7.461750682113026389e-01 1.044752378437539875e+00
7.472635803457247095e-01 1.040594807697353019e+00
7.483520924801468910e-01 1.029821994559684484e+00
7.494406046145689615e-01 1.074073860627542842e+00
7.505291167489911430e-01 1.079666546843167652e+00
7.516176288834132135e-01 1.079591237974279139e+00
7.527061410178352840e-01 8.996685261230048525e-01
7.537946531522574656e-01 8.696935765341198277e-01
7.548831652866795361e-01 9.870227817892356370e-01
7.559716774211016066e-01 1.079369566280711012e+00
7.570601895555237881e-01 1.096578165017003670e+00
7.581487016899458586e-01 1.081405956754304398e+00
7.592372138243680402e-01 1.032655218835584421e+00
7.603257259587901107e-01 1.007482926661394274e+00
7.614142380932121812e-01 1.021460531600956401e+00
7.625027502276342517e-01 9.611109613392585516e-01
7.635912623620564332e-01 7.926971767783488332e-01
7.646797744964786148e-01 6.935933006835046655e-01
7.657682866309006853e-01 6.209248351510385788e-01
7.668567987653227558e-01 6.007135424295579895e-01
7.679453108997448263e-01 5.388226300947351888e-01
7.690338230341670078e-01 4.860189342418230751e-01
7.701223351685890783e-01 4.491039493278172756e-01
7.712108473030112599e-01 3.919684298650185639e-01
7.722993594374333304e-01 3.065951624103870898e-01
7.733878715718554009e-01 1.982118049530852133e-01
7.744763837062775824e-01 1.558201046156453273e-01
7.755648958406996529e-01 3.552168792083576498e-02
7.766534079751217234e-01 0.000000000000000000e+00
7.777419201095439050e-01 0.000000000000000000e+00
7.788304322439659755e-01 0.000000000000000000e+00
7.799189443783881570e-01 0.000000000000000000e+00
7.810074565128102275e-01 0.000000000000000000e+00
7.820959686472322980e-01 0.000000000000000000e+00
7.831844807816543685e-01 0.000000000000000000e+00
7.842729929160765501e-01 0.000000000000000000e+00
7.853615050504987316e-01 0.000000000000000000e+00
7.864500171849208021e-01 0.000000000000000000e+00
7.875385293193428726e-01 0.000000000000000000e+00
7.886270414537649431e-01 0.000000000000000000e+00
7.897155535881871247e-01 0.000000000000000000e+00
7.908040657226091952e-01 0.000000000000000000e+00
7.918925778570313767e-01 0.000000000000000000e+00
7.929810899914534472e-01 0.000000000000000000e+00
7.940696021258755177e-01 0.000000000000000000e+00
7.951581142602976993e-01 0.000000000000000000e+00
7.962466263947197698e-01 0.000000000000000000e+00
7.973351385291418403e-01 0.000000000000000000e+00
7.984236506635640218e-01 0.000000000000000000e+00
7.995121627979860923e-01 0.000000000000000000e+00
8.006006749324081628e-01 0.000000000000000000e+00
8.016891870668303444e-01 0.000000000000000000e+00
8.027776992012525259e-01 0.000000000000000000e+00
8.038662113356744854e-01 0.000000000000000000e+00
8.049547234700966669e-01 0.000000000000000000e+00
8.060432356045187374e-01 0.000000000000000000e+00
8.071317477389409190e-01 0.000000000000000000e+00
8.082202598733631005e-01 0.000000000000000000e+00
8.093087720077850600e-01 0.000000000000000000e+00
8.103972841422072415e-01 0.000000000000000000e+00
8.114857962766293120e-01 0.000000000000000000e+00
8.125743084110514936e-01 0.000000000000000000e+00
8.136628205454736751e-01 0.000000000000000000e+00
8.147513326798956346e-01 0.000000000000000000e+00
8.158398448143178161e-01 0.000000000000000000e+00
8.169283569487397756e-01 0.000000000000000000e+00
8.180168690831619571e-01 0.000000000000000000e+00
8.191053812175841387e-01 0.000000000000000000e+00
8.201938933520062092e-01 0.000000000000000000e+00
8.212824054864283907e-01 0.000000000000000000e+00
8.223709176208503502e-01 0.000000000000000000e+00
8.234594297552725317e-01 0.000000000000000000e+00
8.245479418896947132e-01 0.000000000000000000e+00
8.256364540241167838e-01 0.000000000000000000e+00
8.267249661585389653e-01 0.000000000000000000e+00
8.278134782929609248e-01 0.000000000000000000e+00
8.289019904273831063e-01 0.000000000000000000e+00
8.299905025618052878e-01 0.000000000000000000e+00
8.310790146962272473e-01 0.000000000000000000e+00
8.321675268306494289e-01 0.000000000000000000e+00
8.332560389650714994e-01 0.000000000000000000e+00
8.343445510994936809e-01 0.000000000000000000e+00
8.354330632339158624e-01 0.000000000000000000e+00
8.365215753683378219e-01 0.000000000000000000e+00
8.376100875027600035e-01 0.000000000000000000e+00
8.386985996371820740e-01 0.000000000000000000e+00
8.397871117716042555e-01 0.000000000000000000e+00
8.408756239060264370e-01 0.000000000000000000e+00
8.419641360404483965e-01 0.000000000000000000e+00
8.430526481748705780e-01 0.000000000000000000e+00
8.441411603092925375e-01 0.000000000000000000e+00
8.452296724437147191e-01 0.000000000000000000e+00
8.463181845781369006e-01 0.000000000000000000e+00
8.474066967125589711e-01 0.000000000000000000e+00
8.484952088469811526e-01 0.000000000000000000e+00
8.495837209814033342e-01 0.000000000000000000e+00
8.506722331158252937e-01 0.000000000000000000e+00
8.517607452502474752e-01 0.000000000000000000e+00
8.528492573846695457e-01 0.000000000000000000e+00
8.539377695190917272e-01 0.000000000000000000e+00
8.550262816535139088e-01 0.000000000000000000e+00
8.561147937879358683e-01 0.000000000000000000e+00
8.572033059223580498e-01 0.000000000000000000e+00
8.582918180567800093e-01 0.000000000000000000e+00
8.593803301912021908e-01 0.000000000000000000e+00
8.604688423256243723e-01 0.000000000000000000e+00
8.615573544600464428e-01 0.000000000000000000e+00
8.626458665944686244e-01 0.000000000000000000e+00
8.637343787288905839e-01 0.000000000000000000e+00
8.648228908633127654e-01 0.000000000000000000e+00
8.659114029977349469e-01 0.000000000000000000e+00
8.669999151321570174e-01 0.000000000000000000e+00
8.680884272665791990e-01 0.000000000000000000e+00
8.691769394010011585e-01 0.000000000000000000e+00
8.702654515354233400e-01 0.000000000000000000e+00
8.713539636698455215e-01 0.000000000000000000e+00
8.724424758042674810e-01 0.000000000000000000e+00
8.735309879386896625e-01 0.000000000000000000e+00
8.746195000731117331e-01 0.000000000000000000e+00
8.757080122075339146e-01 0.000000000000000000e+00
8.767965243419560961e-01 0.000000000000000000e+00
8.778850364763780556e-01 0.000000000000000000e+00
8.789735486108002371e-01 0.000000000000000000e+00
8.800620607452223076e-01 0.000000000000000000e+00
8.811505728796444892e-01 0.000000000000000000e+00
8.822390850140666707e-01 0.000000000000000000e+00
8.833275971484886302e-01 0.000000000000000000e+00
8.844161092829108117e-01 0.000000000000000000e+00
8.855046214173327712e-01 0.000000000000000000e+00
8.865931335517549527e-01 0.000000000000000000e+00
8.876816456861771343e-01 0.000000000000000000e+00
8.887701578205992048e-01 0.000000000000000000e+00
8.898586699550213863e-01 0.000000000000000000e+00
8.909471820894433458e-01 0.000000000000000000e+00
8.920356942238655273e-01 0.000000000000000000e+00
8.931242063582877089e-01 0.000000000000000000e+00
8.942127184927097794e-01 0.000000000000000000e+00
8.953012306271319609e-01 0.000000000000000000e+00
8.963897427615539204e-01 0.000000000000000000e+00
8.974782548959761019e-01 0.000000000000000000e+00
8.985667670303982835e-01 0.000000000000000000e+00
8.996552791648202430e-01 0.000000000000000000e+00
9.007437912992424245e-01 0.000000000000000000e+00
9.018323034336646060e-01 0.000000000000000000e+00
9.029208155680866765e-01 0.000000000000000000e+00
9.040093277025088581e-01 0.000000000000000000e+00
9.050978398369308175e-01 0.000000000000000000e+00
9.061863519713529991e-01 0.000000000000000000e+00
9.072748641057751806e-01 0.000000000000000000e+00
9.083633762401972511e-01 0.000000000000000000e+00
9.094518883746194327e-01 0.000000000000000000e+00
9.105404005090413921e-01 0.000000000000000000e+00
9.116289126434635737e-01 0.000000000000000000e+00
9.127174247778857552e-01 0.000000000000000000e+00
9.138059369123077147e-01 0.000000000000000000e+00
9.148944490467298962e-01 0.000000000000000000e+00
9.159829611811519667e-01 0.000000000000000000e+00
9.170714733155741483e-01 0.000000000000000000e+00
9.181599854499963298e-01 0.000000000000000000e+00
9.192484975844182893e-01 0.000000000000000000e+00
9.203370097188404708e-01 0.000000000000000000e+00
9.214255218532625413e-01 0.000000000000000000e+00
9.225140339876847229e-01 0.000000000000000000e+00
9.236025461221069044e-01 0.000000000000000000e+00
9.246910582565288639e-01 0.000000000000000000e+00
9.257795703909510454e-01 0.000000000000000000e+00
9.268680825253730049e-01 0.000000000000000000e+00
9.279565946597951864e-01 0.000000000000000000e+00
9.290451067942173680e-01 0.000000000000000000e+00
9.301336189286394385e-01 0.000000000000000000e+00
9.312221310630616200e-01 0.000000000000000000e+00
9.323106431974835795e-01 0.000000000000000000e+00
9.333991553319057610e-01 0.000000000000000000e+00
9.344876674663279426e-01 0.000000000000000000e+00
9.355761796007500131e-01 0.000000000000000000e+00
9.366646917351721946e-01 0.000000000000000000e+00
9.377532038695941541e-01 0.000000000000000000e+00
9.388417160040163356e-01 0.000000000000000000e+00
9.399302281384385171e-01 0.000000000000000000e+00
9.410187402728604766e-01 0.000000000000000000e+00
9.421072524072826582e-01 0.000000000000000000e+00
9.431957645417047287e-01 0.000000000000000000e+00
9.442842766761269102e-01 0.000000000000000000e+00
9.453727888105490917e-01 0.000000000000000000e+00
9.464613009449710512e-01 0.000000000000000000e+00
9.475498130793932328e-01 0.000000000000000000e+00
9.486383252138154143e-01 0.000000000000000000e+00
9.497268373482374848e-01 0.000000000000000000e+00
9.508153494826596663e-01 0.000000000000000000e+00
9.519038616170816258e-01 0.000000000000000000e+00
9.529923737515038074e-01 0.000000000000000000e+00
9.540808858859259889e-01 0.000000000000000000e+00
9.551693980203479484e-01 0.000000000000000000e+00
9.562579101547701299e-01 0.000000000000000000e+00
9.573464222891922004e-01 0.000000000000000000e+00
9.584349344236143819e-01 0.000000000000000000e+00
9.595234465580365635e-01 0.000000000000000000e+00
9.606119586924585230e-01 0.000000000000000000e+00
9.617004708268807045e-01 0.000000000000000000e+00
9.627889829613027750e-01 0.000000000000000000e+00
9.638774950957249565e-01 0.000000000000000000e+00
9.649660072301471381e-01 0.000000000000000000e+00
9.660545193645690976e-01 0.000000000000000000e+00
9.671430314989912791e-01 0.000000000000000000e+00
9.682315436334132386e-01 0.000000000000000000e+00
9.693200557678354201e-01 0.000000000000000000e+00
9.704085679022576016e-01 0.000000000000000000e+00
9.714970800366796722e-01 0.000000000000000000e+00
9.725855921711018537e-01 0.000000000000000000e+00
9.736741043055238132e-01 0.000000000000000000e+00
9.747626164399459947e-01 0.000000000000000000e+00
9.758511285743681762e-01 0.000000000000000000e+00
9.769396407087902467e-01 0.000000000000000000e+00
9.780281528432124283e-01 0.000000000000000000e+00
9.791166649776343878e-01 0.000000000000000000e+00
9.802051771120565693e-01 0.000000000000000000e+00
9.812936892464787508e-01 0.000000000000000000e+00
9.823822013809007103e-01 0.000000000000000000e+00
9.834707135153228919e-01 0.000000000000000000e+00
9.845592256497449624e-01 0.000000000000000000e+00
9.856477377841671439e-01 0.000000000000000000e+00
9.867362499185893254e-01 0.000000000000000000e+00
9.878247620530112849e-01 0.000000000000000000e+00
9.889132741874334664e-01 0.000000000000000000e+00
9.900017863218555370e-01 0.000000000000000000e+00
9.910902984562777185e-01 0.000000000000000000e+00
9.921788105906999000e-01 0.000000000000000000e+00
9.932673227251218595e-01 0.000000000000000000e+00
9.943558348595440410e-01 0.000000000000000000e+00
9.954443469939662226e-01 0.000000000000000000e+00
9.965328591283881821e-01 0.000000000000000000e+00
9.976213712628103636e-01 0.000000000000000000e+00
9.987098833972324341e-01 0.000000000000000000e+00
9.997983955316546156e-01 0.000000000000000000e+00
