# q (1/angstrom), Intensity (arb)
5.442561321563801468e-04 1.922472028164142088e+00
1.632768266578491423e-03 2.204699747090383966e+00
2.721280401000602915e-03 1.853446857598282094e+00
3.809792535422714191e-03 1.858111178803167007e+00
4.898304669844825467e-03 1.698753154285208566e+00
5.986816804266936742e-03 1.770164809495023306e+00
7.075328938689048018e-03 1.796286169357681928e+00
8.163841073111159294e-03 2.126364212866974412e+00
9.252353207533271437e-03 1.962770570235772283e+00
1.034086534195538185e-02 1.882220690503411120e+00
1.142937747637749399e-02 1.964638549275548485e+00
1.251788961079960440e-02 2.235583230429135426e+00
1.360640174522171481e-02 2.380540439226983551e+00
1.469491387964382695e-02 2.215823452849036812e+00
1.578342601406593909e-02 2.472762664636931618e+00
1.687193814848804777e-02 5.368276122525639238e+00
1.796045028291015991e-02 1.593316032692855977e+01
1.904896241733227205e-02 2.431251994317702270e+01
2.013747455175438072e-02 3.038696875015671850e+01
2.122598668617649287e-02 3.340607379118127795e+01
2.231449882059860501e-02 3.380460774704665994e+01
2.340301095502071715e-02 3.119272222933322070e+01
2.449152308944282930e-02 2.967746197999862545e+01
2.558003522386494144e-02 2.844855381762323177e+01
2.666854735828705011e-02 2.683917677149698733e+01
2.775705949270916573e-02 2.474570377758778505e+01
2.884557162713127440e-02 2.443659929391862917e+01
2.993408376155338307e-02 2.339945322622870805e+01
3.102259589597549869e-02 2.211361776450107186e+01
3.211110803039760736e-02 2.055969293405107123e+01
3.319962016481971950e-02 2.013802028094000462e+01
3.428813229924183165e-02 1.974215583835523802e+01
3.537664443366394379e-02 1.902198598985479805e+01
3.646515656808604899e-02 1.812328214103902724e+01
3.755366870250816808e-02 1.726368943015792468e+01
3.864218083693027328e-02 1.675417858929690951e+01
3.973069297135238542e-02 1.616679935319778139e+01
4.081920510577449757e-02 1.569131025849624450e+01
4.190771724019660971e-02 1.569760684083285085e+01
4.299622937461872185e-02 1.507677376799667002e+01
4.408474150904083400e-02 1.531745763390318693e+01
4.517325364346294614e-02 1.486018632004252105e+01
4.626176577788505134e-02 1.446623451679269401e+01
4.735027791230717042e-02 1.430759952348508079e+01
4.843879004672927563e-02 1.415663868783910573e+01
4.952730218115138777e-02 1.396340954768884934e+01
5.061581431557350685e-02 1.379036450064073804e+01
5.170432644999561900e-02 1.391873077088676780e+01
5.279283858441772420e-02 1.333733973649485804e+01
5.388135071883984328e-02 1.354787090226523993e+01
5.496986285326195543e-02 1.379140832304751463e+01
5.605837498768406063e-02 1.381394112964836474e+01
5.714688712210617277e-02 1.393376335332849969e+01
5.823539925652829186e-02 1.407669732642935578e+01
5.932391139095039012e-02 1.368908474369126615e+01
6.041242352537250920e-02 1.359083745043087532e+01
6.150093565979462135e-02 1.358438417248613028e+01
6.258944779421672655e-02 1.395511853310361694e+01
6.367795992863883869e-02 1.440809155505360728e+01
6.476647206306095084e-02 1.516982458465388817e+01
6.585498419748306298e-02 1.563861897789582933e+01
6.694349633190517512e-02 1.552872106462568702e+01
6.803200846632728727e-02 1.589872684289026061e+01
6.912052060074939941e-02 1.598333605150602210e+01
7.020903273517151155e-02 1.668611103186282207e+01
7.129754486959362370e-02 1.714497095379569913e+01
7.238605700401572196e-02 1.776833534967201089e+01
7.347456913843784798e-02 1.925622426844297763e+01
7.456308127285996012e-02 2.027052876660998848e+01
7.565159340728205839e-02 2.052155393488523316e+01
7.674010554170418441e-02 2.070192946709514814e+01
7.782861767612629655e-02 2.071245689153985836e+01
7.891712981054839482e-02 2.030306651046230115e+01
8.000564194497050696e-02 2.086462769443809862e+01
8.109415407939263298e-02 2.008549926995267754e+01
8.218266621381473125e-02 1.922553113314735640e+01
8.327117834823684339e-02 1.767881059813518618e+01
8.435969048265895553e-02 1.590379498320073992e+01
8.544820261708106768e-02 1.484441415922153240e+01
8.653671475150317982e-02 1.364171740302814229e+01
8.762522688592529196e-02 1.198081256799583549e+01
8.871373902034740411e-02 1.037501637403637034e+01
8.980225115476951625e-02 8.695642000130238358e+00
9.089076328919162839e-02 8.025377854265766331e+00
9.197927542361372666e-02 7.244352243754292431e+00
9.306778755803585268e-02 6.319184517721394556e+00
9.415629969245796482e-02 5.462481669859874600e+00
9.524481182688006309e-02 5.014709943268218950e+00
9.633332396130217523e-02 4.137432372425298155e+00
9.742183609572430125e-02 3.731560204578260098e+00
9.851034823014639952e-02 3.544396650990496056e+00
9.959886036456851166e-02 2.947441368319571708e+00
1.006873724989906238e-01 2.855628336811486534e+00
1.017758846334127498e-01 2.689486138625023059e+00
1.028643967678348620e-01 2.511445627766702771e+00
1.039529089022569464e-01 3.147643753831285807e+00
1.050414210366790724e-01 3.574472492756678221e+00
1.061299331711011845e-01 1.963440698775364979e+00
1.072184453055232967e-01 1.801704995110545937e+00
1.083069574399454088e-01 1.637257361741669470e+00
1.093954695743675209e-01 1.455242070878915328e+00
1.104839817087896192e-01 1.487460939970247864e+00
1.115724938432117314e-01 1.734580667462470416e+00
1.126610059776338435e-01 1.829456126969203567e+00
1.137495181120559695e-01 1.503978333860299443e+00
1.148380302464780817e-01 1.334862993702090606e+00
1.159265423809001938e-01 1.382295176003870196e+00
1.170150545153222921e-01 1.337156531278736793e+00
1.181035666497444042e-01 1.381359296926847335e+00
1.191920787841665164e-01 1.496385703063536354e+00
1.202805909185886285e-01 1.172065394199700350e+00
1.213691030530107406e-01 1.221782266755552016e+00
1.224576151874328667e-01 1.107346835675750540e+00
1.235461273218549511e-01 1.205708726665269737e+00
1.246346394562770632e-01 1.208324251814575589e+00
1.257231515906991892e-01 1.234936445106393776e+00
1.268116637251212875e-01 1.339187949502221642e+00
1.279001758595434135e-01 1.321168240609177147e+00
1.289886879939655395e-01 1.408309939964897950e+00
1.300772001283876100e-01 1.441473784184413631e+00
1.311657122628097361e-01 1.389264792949351346e+00
1.322542243972318621e-01 1.391995710480609105e+00
1.333427365316539603e-01 1.292267697496217949e+00
1.344312486660760864e-01 1.210443201456497420e+00
1.355197608004981846e-01 1.182107568305371004e+00
1.366082729349202829e-01 1.224106116617480922e+00
1.376967850693424089e-01 1.248098530318944910e+00
1.387852972037645072e-01 1.336286634070374291e+00
1.398738093381866332e-01 1.267920529074627822e+00
1.409623214726087592e-01 1.112187455765292654e+00
1.420508336070308575e-01 1.231126898628858157e+00
1.431393457414529835e-01 1.477419120959968524e+00
1.442278578758750818e-01 1.360596125136906309e+00
1.453163700102971800e-01 1.155615386212202722e+00
1.464048821447193061e-01 1.305660255116068313e+00
1.474933942791414043e-01 1.059193633266573897e+00
1.485819064135635303e-01 8.750549542207650688e-01
1.496704185479856564e-01 1.104399501819825602e+00
1.507589306824077546e-01 1.164409608170442922e+00
1.518474428168298529e-01 1.159161354894804319e+00
1.529359549512519789e-01 1.212400694583795513e+00
1.540244670856740772e-01 1.060727566668646205e+00
1.551129792200962032e-01 9.821564957570370069e-01
1.562014913545183292e-01 9.279042841736817593e-01
1.572900034889403997e-01 1.042619881567441453e+00
1.583785156233625258e-01 9.603786381525036830e-01
1.594670277577846518e-01 1.017623536013529062e+00
1.605555398922067500e-01 9.078515144551797533e-01
1.616440520266288761e-01 9.181656505497102216e-01
1.627325641610509743e-01 8.308421785640085488e-01
1.638210762954730726e-01 8.465636141320533881e-01
1.649095884298951986e-01 6.980823434555034623e-01
1.659981005643172969e-01 8.234916611203342285e-01
1.670866126987394229e-01 6.696787427133656934e-01
1.681751248331615489e-01 6.435554611033218464e-01
1.692636369675836472e-01 6.082242330429235011e-01
1.703521491020057455e-01 7.363035509948225865e-01
1.714406612364278715e-01 8.163801928198779478e-01
1.725291733708499697e-01 7.907280941468339819e-01
1.736176855052720958e-01 6.345094360008776135e-01
1.747061976396941940e-01 6.543561637176953383e-01
1.757947097741163200e-01 6.270524623829345501e-01
1.768832219085384183e-01 6.132452820559617379e-01
1.779717340429605166e-01 6.937927906702743286e-01
1.790602461773826426e-01 6.558028469584442632e-01
1.801487583118047686e-01 7.402334148713212159e-01
1.812372704462268669e-01 8.067443105055094321e-01
1.823257825806489929e-01 8.388826978793311184e-01
1.834142947150710912e-01 7.113985224136811780e-01
1.845028068494931894e-01 6.506905321253970698e-01
1.855913189839153155e-01 6.738627994220180994e-01
1.866798311183374137e-01 7.433988135673121889e-01
1.877683432527595397e-01 6.231269808275907707e-01
1.888568553871816658e-01 5.406752638602210226e-01
1.899453675216037363e-01 6.269710772454022418e-01
1.910338796560258623e-01 6.244712159589180800e-01
1.921223917904479883e-01 5.578073451246208236e-01
1.932109039248700866e-01 4.521656057308511834e-01
1.942994160592922126e-01 4.045576387462901380e-01
1.953879281937143109e-01 6.463387346667932576e-01
1.964764403281364091e-01 6.629302954063938103e-01
1.975649524625585352e-01 5.152295186287751960e-01
1.986534645969806334e-01 5.266770195916805619e-01
1.997419767314027594e-01 5.588275864189835573e-01
2.008304888658248855e-01 7.348309723673338567e-01
2.019190010002469560e-01 6.826106872625281596e-01
2.030075131346691097e-01 5.290824691278039893e-01
2.040960252690912080e-01 4.431194749645559483e-01
2.051845374035133340e-01 6.482609828579146694e-01
2.062730495379354323e-01 5.267569500227207158e-01
2.073615616723575306e-01 4.170530843661133247e-01
2.084500738067796566e-01 4.047702699300153029e-01
2.095385859412017548e-01 4.680521340054291102e-01
2.106270980756238809e-01 6.052838197092640371e-01
2.117156102100459791e-01 5.576007835934113643e-01
2.128041223444681052e-01 5.681877999074451679e-01
2.138926344788902034e-01 3.620945084247892964e-01
2.149811466133123017e-01 5.085398145918258450e-01
2.160696587477344277e-01 4.002885716833812779e-01
2.171581708821565260e-01 5.229352626065413290e-01
2.182466830165786797e-01 5.783404578156332576e-01
2.193351951510007503e-01 3.968401249828410471e-01
2.204237072854228485e-01 3.826399107151150503e-01
2.215122194198450023e-01 4.979530185876779314e-01
2.226007315542670728e-01 5.310449514143371630e-01
2.236892436886892266e-01 3.991718110461786040e-01
2.247777558231113249e-01 5.120855964249244607e-01
2.258662679575334509e-01 4.620564336795141003e-01
2.269547800919555491e-01 4.543003358919808221e-01
2.280432922263776474e-01 4.581515686642170238e-01
2.291318043607997734e-01 4.111345955866241297e-01
2.302203164952218717e-01 4.338620882120860500e-01
2.313088286296439977e-01 4.609622952256433592e-01
2.323973407640660960e-01 4.285894353516699340e-01
2.334858528984881942e-01 3.040532003778562142e-01
2.345743650329103203e-01 5.329082014050641192e-01
2.356628771673324185e-01 5.468552986248891301e-01
2.367513893017545445e-01 3.725479389080987858e-01
2.378399014361766428e-01 4.448893530246404993e-01
2.389284135705987966e-01 5.139072703754496985e-01
2.400169257050208671e-01 4.872420981879574953e-01
2.411054378394429654e-01 3.893715896451475089e-01
2.421939499738651191e-01 4.056631068201586032e-01
2.432824621082871897e-01 4.679711767604981532e-01
2.443709742427093434e-01 4.919695920906690390e-01
2.454594863771314417e-01 4.960553412079384827e-01
2.465479985115535122e-01 5.235456382921057639e-01
2.476365106459756660e-01 5.350552170805524810e-01
2.487250227803977642e-01 4.482652994640723421e-01
2.498135349148198903e-01 5.024979713515786983e-01
2.509020470492419608e-01 3.573892288369542314e-01
2.519905591836641423e-01 4.026215027129698143e-01
2.530790713180862128e-01 4.597398284529319312e-01
2.541675834525082833e-01 4.739470822483102808e-01
2.552560955869304649e-01 5.294647656107613898e-01
2.563446077213525354e-01 4.745513861226307029e-01
2.574331198557746614e-01 5.961463667609283590e-01
2.585216319901967874e-01 5.145812831077094529e-01
2.596101441246188579e-01 3.740101130753021863e-01
2.606986562590409839e-01 4.468323095669699541e-01
2.617871683934631100e-01 4.277836494680755663e-01
2.628756805278852360e-01 5.521182993299760255e-01
2.639641926623073065e-01 5.178378806124932510e-01
2.650527047967294325e-01 5.277848980642332322e-01
2.661412169311515585e-01 5.307854583393680770e-01
2.672297290655736290e-01 5.439728149818670033e-01
2.683182411999957551e-01 5.224799777165465287e-01
2.694067533344178811e-01 4.866281140213146728e-01
2.704952654688400071e-01 4.818823042660760336e-01
2.715837776032620776e-01 5.931498091301445896e-01
2.726722897376842036e-01 6.980144547796953702e-01
2.737608018721063297e-01 6.059408398731083167e-01
2.748493140065284002e-01 4.705011190289702938e-01
2.759378261409505817e-01 4.661502134815762588e-01
2.770263382753726522e-01 4.490178205987689353e-01
2.781148504097947782e-01 5.416000793077948572e-01
2.792033625442169043e-01 4.928599174488130785e-01
2.802918746786389748e-01 4.067206017845670374e-01
2.813803868130611008e-01 3.365857120202182529e-01
2.824688989474832268e-01 4.218215521939381318e-01
2.835574110819053528e-01 4.125303927105026247e-01
2.846459232163274233e-01 4.467360503467521227e-01
2.857344353507495494e-01 4.567294530538195119e-01
2.868229474851716754e-01 5.572383333617523249e-01
2.879114596195937459e-01 3.752396131805380008e-01
2.889999717540158719e-01 3.270605761048059890e-01
2.900884838884379979e-01 4.147881035204630251e-01
2.911769960228601239e-01 4.449153511224430702e-01
2.922655081572821945e-01 4.181573772021742741e-01
2.933540202917043205e-01 4.345899559820232128e-01
2.944425324261264465e-01 4.900885140254480632e-01
2.955310445605485170e-01 5.250952736017087119e-01
2.966195566949706985e-01 5.208503448141232894e-01
2.977080688293927691e-01 4.652934809770616909e-01
2.987965809638148951e-01 4.484213811520962878e-01
2.998850930982370211e-01 4.681539725844174882e-01
3.009736052326590916e-01 4.533815355815811188e-01
3.020621173670812176e-01 3.904313269572092793e-01
3.031506295015033436e-01 3.682755713152126020e-01
3.042391416359254697e-01 4.541530518276850614e-01
3.053276537703475402e-01 4.316065824703265719e-01
3.064161659047696662e-01 5.444907116047303930e-01
3.075046780391917922e-01 5.510882242497618932e-01
3.085931901736138627e-01 5.217879241767260368e-01
3.096817023080360443e-01 4.788073149935847539e-01
3.107702144424581148e-01 5.212195649477671111e-01
3.118587265768802408e-01 4.072244134131679516e-01
3.129472387113023668e-01 3.299896903970935824e-01
3.140357508457244373e-01 3.730884997986780860e-01
3.151242629801465633e-01 4.822702529772389113e-01
3.162127751145686894e-01 4.079578379371007202e-01
3.173012872489908154e-01 2.788076613697949568e-01
3.183897993834128859e-01 2.880073510510410273e-01
3.194783115178350119e-01 3.187100436627670064e-01
3.205668236522571379e-01 2.659094925055818237e-01
3.216553357866792084e-01 2.860739106498080275e-01
3.227438479211013345e-01 4.117589767465936745e-01
3.238323600555234605e-01 3.717385154982526529e-01
3.249208721899455865e-01 2.619004242084415068e-01
3.260093843243676570e-01 3.729755886165655454e-01
3.270978964587897830e-01 3.998720884295483557e-01
3.281864085932119091e-01 5.287975498478250103e-01
3.292749207276339796e-01 4.170537379083576468e-01
3.303634328620561611e-01 5.120546824270384434e-01
3.314519449964782316e-01 4.287048385624991909e-01
3.325404571309003021e-01 3.903535005782323708e-01
3.336289692653224837e-01 3.835892479800353527e-01
3.347174813997445542e-01 3.980161465030729318e-01
3.358059935341666802e-01 5.050014756309568753e-01
3.368945056685888062e-01 4.122386458922839836e-01
3.379830178030109322e-01 3.902976955684529514e-01
3.390715299374330027e-01 5.357626821927006233e-01
3.401600420718551288e-01 4.920882948383020761e-01
3.412485542062772548e-01 5.139260786191339747e-01
3.423370663406993253e-01 3.639690090656486632e-01
3.434255784751214513e-01 2.352666187362526529e-01
3.445140906095435773e-01 3.705497235072741091e-01
3.456026027439656478e-01 4.755539653295031144e-01
3.466911148783877739e-01 4.730536316662963259e-01
3.477796270128098999e-01 4.106752374727111743e-01
3.488681391472320259e-01 3.851486716024528079e-01
3.499566512816540964e-01 3.867793675771196149e-01
3.510451634160762779e-01 3.174324928684075786e-01
3.521336755504983484e-01 3.795626700891077121e-01
3.532221876849204190e-01 4.067803055310914573e-01
3.543106998193426005e-01 3.328304600970994898e-01
3.553992119537646710e-01 3.648246867947175787e-01
3.564877240881867970e-01 3.522743819548299626e-01
3.575762362226089230e-01 3.968086282729945680e-01
3.586647483570310491e-01 4.720806367091245903e-01
3.597532604914531196e-01 3.394655328104025926e-01
3.608417726258752456e-01 2.928798120823579154e-01
3.619302847602973716e-01 3.640877010554302018e-01
3.630187968947194421e-01 3.891567854634061518e-01
3.641073090291415681e-01 5.158597886126514709e-01
3.651958211635636942e-01 4.509243387744970022e-01
3.662843332979857647e-01 3.856490296239982740e-01
3.673728454324078907e-01 2.937595155842736006e-01
3.684613575668300167e-01 2.985873280978523781e-01
3.695498697012521427e-01 2.407692166845443182e-01
3.706383818356742132e-01 2.689285445968092603e-01
3.717268939700963948e-01 5.221989680301213355e-01
3.728154061045184653e-01 4.221468618122745653e-01
3.739039182389405358e-01 3.503803241970828708e-01
3.749924303733627173e-01 3.625956276357182873e-01
3.760809425077847878e-01 4.232730531220525449e-01
3.771694546422069139e-01 3.350147665703229194e-01
3.782579667766290399e-01 3.975668382955337421e-01
3.793464789110511104e-01 4.087406059545983794e-01
3.804349910454732364e-01 3.380931249842316078e-01
3.815235031798953624e-01 3.749087701596902633e-01
3.826120153143174885e-01 4.304752522946664328e-01
3.837005274487395590e-01 4.875786018005783262e-01
3.847890395831616850e-01 5.005551813881421452e-01
3.858775517175838110e-01 3.550989458364224305e-01
3.869660638520058815e-01 1.714423852565616357e-01
3.880545759864280075e-01 2.467192920072065476e-01
3.891430881208501336e-01 4.792539711298129390e-01
3.902316002552722596e-01 4.342555145890010238e-01
3.913201123896943301e-01 3.729244757955623157e-01
3.924086245241164561e-01 3.932578969125017920e-01
3.934971366585385821e-01 3.940796591469961641e-01
3.945856487929606526e-01 4.124296408964074345e-01
3.956741609273828342e-01 3.515176673888298353e-01
3.967626730618049047e-01 3.238408838627364617e-01
3.978511851962270307e-01 4.095769944028191389e-01
3.989396973306491567e-01 3.159151159303448253e-01
4.000282094650711717e-01 2.536583486230075124e-01
4.011167215994933533e-01 3.496586621800847894e-01
4.022052337339154793e-01 4.229120977981377649e-01
4.032937458683375498e-01 3.629061678742342423e-01
4.043822580027597313e-01 4.217195199935925842e-01
4.054707701371818018e-01 3.973685857212636563e-01
4.065592822716039278e-01 3.562157304018302995e-01
4.076477944060259984e-01 2.709766909358641840e-01
4.087363065404481244e-01 3.950844832615327817e-01
4.098248186748703059e-01 4.681828912901284667e-01
4.109133308092923764e-01 3.651968256294608750e-01
4.120018429437144469e-01 4.171895889980952177e-01
4.130903550781365730e-01 3.579612378124412686e-01
4.141788672125586435e-01 4.296477152388096243e-01
4.152673793469808250e-01 4.599798749872618941e-01
4.163558914814029510e-01 4.125131641145998174e-01
4.174444036158250215e-01 3.112605319705021856e-01
4.185329157502470920e-01 1.984610495401355479e-01
4.196214278846692181e-01 2.208132290376667584e-01
4.207099400190913996e-01 2.143474328881218582e-01
4.217984521535134701e-01 3.307344272996814993e-01
4.228869642879355961e-01 7.202177187549256843e-01
4.239754764223576666e-01 7.714390916644084939e-01
4.250639885567798482e-01 4.402025789064705208e-01
4.261525006912019187e-01 3.477080119674571534e-01
4.272410128256240447e-01 5.516371710085739011e-01
4.283295249600461152e-01 5.083565824795499566e-01
4.294180370944682412e-01 3.912940075391304617e-01
4.305065492288904228e-01 4.102201567014951422e-01
4.315950613633124933e-01 5.027640116856755270e-01
4.326835734977345638e-01 4.306840883177951440e-01
4.337720856321566898e-01 2.985459881701331142e-01
4.348605977665787603e-01 3.572603706708612492e-01
4.359491099010009418e-01 3.222271321866791993e-01
4.370376220354230679e-01 4.076901334464846371e-01
4.381261341698451384e-01 4.629315671123030995e-01
4.392146463042672089e-01 4.114881877238918406e-01
4.403031584386893349e-01 4.051005995606100640e-01
4.413916705731115164e-01 4.958673600853114039e-01
4.424801827075335869e-01 3.732678342717932196e-01
4.435686948419557130e-01 3.278550166453477743e-01
4.446572069763777835e-01 3.507497884461852067e-01
4.457457191107998540e-01 4.816274127039452679e-01
4.468342312452220355e-01 4.394735725346841093e-01
4.479227433796441615e-01 4.714928898615688979e-01
4.490112555140662320e-01 3.379078181340080533e-01
4.500997676484883581e-01 3.101312245890248676e-01
4.511882797829105396e-01 3.584725890926936387e-01
4.522767919173326101e-01 4.522110631243982937e-01
4.533653040517546806e-01 4.334627710959484403e-01
4.544538161861768066e-01 5.019032030129686461e-01
4.555423283205988771e-01 3.883241829319636906e-01
4.566308404550210587e-01 4.343802372277867363e-01
4.577193525894431847e-01 4.023267764485929376e-01
4.588078647238652552e-01 3.605430904893065502e-01
4.598963768582873257e-01 3.541902959361813430e-01
4.609848889927094517e-01 4.499953610940643500e-01
4.620734011271316333e-01 4.812559357738166455e-01
4.631619132615537038e-01 4.812582291212699204e-01
4.642504253959758298e-01 3.921851188702376589e-01
4.653389375303979003e-01 3.798614665244599564e-01
4.664274496648199708e-01 4.098692734474056465e-01
4.675159617992421524e-01 3.115175507971805757e-01
4.686044739336642784e-01 4.167676748094066852e-01
4.696929860680863489e-01 4.199208118816049051e-01
4.707814982025084749e-01 3.381572085325945665e-01
4.718700103369305454e-01 3.161353257777417269e-01
4.729585224713527269e-01 3.710811060556000740e-01
4.740470346057747975e-01 3.845440793555940928e-01
4.751355467401969235e-01 3.928075010598188754e-01
4.762240588746189940e-01 5.949337722877032775e-01
4.773125710090411755e-01 5.738949535779305222e-01
4.784010831434633015e-01 4.523076569077684184e-01
4.794895952778853720e-01 4.152751867955366549e-01
4.805781074123074426e-01 3.137262444564097308e-01
4.816666195467295686e-01 3.815188073564126370e-01
4.827551316811517501e-01 3.328658053239816894e-01
4.838436438155738206e-01 2.926011800378418570e-01
4.849321559499959466e-01 4.153491333169778699e-01
4.860206680844180172e-01 3.878253946247376405e-01
4.871091802188400877e-01 2.497573293182728804e-01
4.881976923532622692e-01 -1.776356839400250465e-15
4.892862044876843952e-01 2.991880565726727781e-01
4.903747166221064657e-01 2.724008235004458101e-01
4.914632287565285917e-01 3.156859292715292753e-01
4.925517408909506623e-01 5.146640763307068767e-01
4.936402530253728438e-01 8.756085220830911453e-01
4.947287651597949143e-01 5.711176299245899202e-01
4.958172772942170403e-01 3.908304916688898345e-01
4.969057894286391108e-01 4.192710572587010631e-01
4.979943015630612924e-01 3.965699348006932468e-01
4.990828136974834184e-01 4.055121896545355042e-01
5.001713258319054889e-01 4.463007154025806500e-01
5.012598379663275594e-01 3.994397334566546220e-01
5.023483501007496299e-01 3.473486235556411117e-01
5.034368622351718114e-01 4.664800756338802756e-01
5.045253743695939930e-01 4.580454063710259760e-01
5.056138865040160635e-01 2.745430014128196206e-01
5.067023986384381340e-01 3.756989055756765339e-01
5.077909107728602045e-01 6.727936483053706951e-01
5.088794229072823860e-01 6.005338875563772660e-01
5.099679350417044565e-01 6.396825199061222378e-01
5.110564471761266381e-01 5.573050733365221276e-01
5.121449593105487086e-01 4.134905581079539871e-01
5.132334714449707791e-01 4.308740521347100838e-01
5.143219835793929606e-01 3.173428262844559811e-01
5.154104957138150311e-01 3.705304549177412810e-01
5.164990078482371016e-01 4.074112794317397146e-01
5.175875199826592832e-01 4.458491604321768165e-01
5.186760321170813537e-01 4.234292027628576705e-01
5.197645442515035352e-01 3.797834673338176259e-01
5.208530563859256057e-01 3.910828744387266909e-01
5.219415685203476762e-01 3.420259459582890571e-01
5.230300806547697468e-01 4.551995834490991655e-01
5.241185927891919283e-01 6.248380736042928874e-01
5.252071049236141098e-01 6.484445125713804714e-01
5.262956170580361803e-01 5.445409860033088023e-01
5.273841291924582508e-01 4.562962575009716915e-01
5.284726413268803213e-01 3.974148379722048929e-01
5.295611534613025029e-01 4.469297402210905545e-01
5.306496655957245734e-01 4.314831503728431272e-01
5.317381777301467549e-01 4.082926789782650445e-01
5.328266898645688254e-01 1.988612811334178332e-01
5.339152019989908959e-01 5.001868102720941067e-02
5.350037141334130775e-01 7.427770014487045103e-02
5.360922262678351480e-01 2.926081184073048291e-01
5.371807384022572185e-01 3.897631145176827516e-01
5.382692505366794000e-01 5.312037534633677893e-01
5.393577626711014705e-01 4.991454938996930935e-01
5.404462748055236521e-01 4.127287878826528811e-01
5.415347869399457226e-01 3.832289599842866323e-01
5.426232990743677931e-01 4.489427402221508601e-01
5.437118112087898636e-01 3.675460972004511717e-01
5.448003233432120451e-01 4.259271386738188170e-01
5.458888354776342267e-01 3.944993117203026145e-01
5.469773476120562972e-01 4.329857141723945091e-01
5.480658597464783677e-01 3.901602472484242412e-01
5.491543718809004382e-01 4.152503043700015439e-01
5.502428840153226197e-01 3.991748974905267033e-01
5.513313961497446902e-01 4.106666697566208057e-01
5.524199082841668718e-01 4.898043522080861578e-01
5.535084204185889423e-01 4.113583377001042152e-01
5.545969325530110128e-01 3.640920324939624919e-01
5.556854446874331943e-01 3.421578173053223537e-01
5.567739568218552648e-01 3.935926967744070026e-01
5.578624689562773353e-01 3.830656587018683723e-01
5.589509810906995169e-01 3.913077880656476992e-01
5.600394932251215874e-01 3.532795305278710885e-01
5.611280053595437689e-01 3.616189129012461478e-01
5.622165174939658394e-01 4.259569687144857397e-01
5.633050296283879099e-01 3.621307474150281536e-01
5.643935417628099804e-01 3.441516000341415804e-01
5.654820538972321620e-01 3.899375472080901517e-01
5.665705660316543435e-01 4.570046633429267757e-01
5.676590781660764140e-01 4.081049551857471869e-01
5.687475903004984845e-01 4.003583857832637705e-01
5.698361024349205550e-01 3.864676933693029781e-01
5.709246145693427366e-01 3.893637285490925137e-01
5.720131267037648071e-01 3.965357814094652156e-01
5.731016388381869886e-01 4.370135091014084594e-01
5.741901509726090591e-01 4.075372613016625678e-01
5.752786631070311296e-01 4.242155119005399655e-01
5.763671752414533112e-01 4.767283135592670362e-01
5.774556873758753817e-01 4.277513962123027369e-01
5.785441995102974522e-01 3.295073307824356590e-01
5.796327116447196337e-01 4.084960704141611387e-01
5.807212237791417042e-01 5.302254077832415646e-01
5.818097359135638857e-01 4.559349427902859020e-01
5.828982480479859563e-01 4.375969367586396430e-01
5.839867601824080268e-01 4.227151599270762006e-01
5.850752723168300973e-01 4.117762576723809076e-01
5.861637844512522788e-01 3.682718522761074809e-01
5.872522965856744603e-01 3.937911603254988790e-01
5.883408087200965308e-01 3.309367706330288428e-01
5.894293208545186014e-01 3.761745284925606114e-01
5.905178329889406719e-01 3.883505658739423438e-01
5.916063451233627424e-01 3.733736672220118180e-01
5.926948572577849239e-01 4.111110883015758333e-01
5.937833693922071054e-01 4.062554439503909265e-01
5.948718815266291760e-01 4.575703871403220546e-01
5.959603936610512465e-01 4.150756726431978905e-01
5.970489057954734280e-01 4.041213912930974317e-01
5.981374179298954985e-01 4.552119772583456125e-01
5.992259300643175690e-01 4.744156557083343273e-01
6.003144421987397505e-01 5.238434558561699816e-01
6.014029543331618211e-01 4.691051402047410335e-01
6.024914664675840026e-01 4.270928864513372503e-01
6.035799786020060731e-01 3.477090755551071055e-01
6.046684907364281436e-01 3.819863982444555717e-01
6.057570028708503251e-01 4.307157245446475713e-01
6.068455150052723956e-01 4.395849439612860010e-01
6.079340271396945772e-01 4.730883360210480504e-01
6.090225392741166477e-01 4.149269730252846955e-01
6.101110514085387182e-01 3.645840716572923412e-01
6.111995635429607887e-01 4.400469829603821381e-01
6.122880756773829702e-01 4.184579410527025090e-01
6.133765878118051518e-01 3.831056009510973581e-01
6.144650999462272223e-01 3.583637811169815279e-01
6.155536120806492928e-01 4.058786187152652047e-01
6.166421242150713633e-01 3.672117236740177759e-01
6.177306363494934338e-01 3.083003471338567891e-01
6.188191484839156153e-01 3.387543415837690475e-01
6.199076606183377969e-01 4.050188635073421750e-01
6.209961727527598674e-01 3.680976521437973048e-01
6.220846848871819379e-01 4.375146853597602359e-01
6.231731970216041194e-01 4.067098205292403179e-01
6.242617091560261899e-01 3.306207871404200915e-01
6.253502212904482604e-01 3.297588628009009426e-01
6.264387334248704420e-01 3.950845999187890811e-01
6.275272455592925125e-01 4.156212722540626459e-01
6.286157576937146940e-01 3.847309554788136410e-01
6.297042698281367645e-01 3.421697930036682322e-01
6.307927819625588350e-01 3.561069596205790333e-01
6.318812940969809056e-01 3.328862046781093653e-01
6.329698062314030871e-01 2.836662019314264427e-01
6.340583183658252686e-01 3.630561401443586078e-01
6.351468305002473391e-01 4.149264085350736764e-01
6.362353426346694096e-01 4.084334368869395604e-01
6.373238547690914801e-01 3.918644424227295531e-01
6.384123669035135507e-01 3.577049902913600476e-01
6.395008790379357322e-01 3.854263368806343237e-01
6.405893911723579137e-01 3.393134880266295283e-01
6.416779033067799842e-01 3.668529938158027193e-01
6.427664154412020547e-01 4.312563994226064068e-01
6.438549275756242363e-01 3.682015207010156388e-01
6.449434397100463068e-01 3.890084353825926655e-01
6.460319518444683773e-01 3.792385483592699558e-01
6.471204639788905588e-01 3.824030561414772933e-01
6.482089761133126293e-01 3.592542684955528642e-01
6.492974882477348109e-01 3.881548368151950257e-01
6.503860003821568814e-01 3.429419294208795321e-01
6.514745125165789519e-01 4.157330025228986869e-01
6.525630246510010224e-01 4.195726278710463220e-01
6.536515367854232039e-01 3.852872251198071751e-01
6.547400489198453855e-01 3.942346050955105596e-01
6.558285610542674560e-01 4.906635195882831368e-01
6.569170731886895265e-01 5.441155485513444745e-01
6.580055853231115970e-01 4.471312285620943072e-01
6.590940974575336675e-01 4.251842984178750839e-01
6.601826095919558490e-01 3.547876124998108338e-01
6.612711217263780306e-01 3.737198141206974356e-01
6.623596338608001011e-01 3.399630078197848349e-01
6.634481459952221716e-01 3.468865341947839909e-01
6.645366581296442421e-01 6.307488108501839719e-01
6.656251702640664236e-01 4.802550786608446032e-01
6.667136823984884941e-01 3.538264577476137873e-01
6.678021945329106757e-01 3.412785274031922000e-01
6.688907066673327462e-01 3.200590545992429981e-01
6.699792188017549277e-01 4.315225522828551874e-01
6.710677309361769982e-01 6.271943744313617231e-01
6.721562430705990687e-01 4.442079090011912257e-01
6.732447552050211392e-01 3.917580458625486983e-01
6.743332673394433208e-01 3.951941119296513705e-01
6.754217794738655023e-01 3.883457134100734010e-01
6.765102916082875728e-01 4.418306518064483157e-01
6.775988037427096433e-01 5.318708437556445290e-01
6.786873158771317138e-01 4.235174745877188229e-01
6.797758280115537843e-01 4.420527216517626812e-01
6.808643401459759659e-01 3.966534079551955472e-01
6.819528522803981474e-01 3.955890472788805567e-01
6.830413644148202179e-01 4.328630916500788572e-01
6.841298765492422884e-01 4.674745856107929143e-01
6.852183886836643589e-01 3.876400872439411671e-01
6.863069008180865405e-01 4.120116764345542748e-01
6.873954129525086110e-01 3.729552699120652903e-01
6.884839250869307925e-01 3.705699349270794585e-01
6.895724372213528630e-01 4.219886137979305119e-01
6.906609493557749335e-01 4.465848427542766785e-01
6.917494614901971151e-01 3.385232594736518053e-01
6.928379736246191856e-01 3.533796158218258654e-01
6.939264857590412561e-01 3.388432768230220660e-01
6.950149978934634376e-01 3.191487220809250402e-01
6.961035100278856191e-01 3.748344364641607029e-01
6.971920221623076896e-01 3.426162857827286246e-01
6.982805342967297602e-01 3.007496256425454817e-01
6.993690464311518307e-01 4.491940700511207751e-01
7.004575585655739012e-01 4.440784909258290725e-01
7.015460706999960827e-01 4.049298474964846406e-01
7.026345828344182642e-01 3.979080425376348984e-01
7.037230949688403348e-01 4.145568714614871197e-01
7.048116071032624053e-01 4.571995433525390951e-01
7.059001192376844758e-01 4.567279824615972927e-01
7.069886313721066573e-01 3.990514955582771250e-01
7.080771435065287278e-01 3.859195545660121240e-01
7.091656556409509093e-01 3.468821433303670432e-01
7.102541677753729799e-01 3.935887324209002003e-01
7.113426799097950504e-01 3.989542915372616960e-01
7.124311920442172319e-01 2.872191764184659490e-01
7.135197041786393024e-01 2.908093931043786995e-01
7.146082163130613729e-01 3.143427921856645213e-01
7.156967284474835544e-01 3.290330337406590644e-01
7.167852405819057360e-01 3.487774033028134824e-01
7.178737527163278065e-01 2.894717257492569473e-01
7.189622648507498770e-01 2.925252112643548230e-01
7.200507769851719475e-01 2.676178545064509251e-01
7.211392891195940180e-01 2.873027496809275050e-01
7.222278012540161996e-01 3.328915321236625147e-01
7.233163133884383811e-01 3.188037817119937500e-01
7.244048255228604516e-01 3.784536657577017849e-01
7.254933376572825221e-01 3.845741336800365673e-01
7.265818497917045926e-01 3.696066045865240568e-01
7.276703619261267741e-01 2.619118650512355373e-01
7.287588740605488447e-01 2.571883759558595273e-01
7.298473861949710262e-01 2.911803927217118115e-01
7.309358983293930967e-01 3.512367030771414989e-01
7.320244104638151672e-01 3.607516473017788883e-01
7.331129225982373487e-01 4.259196534555726998e-01
7.342014347326594192e-01 3.719786007107455106e-01
7.352899468670814898e-01 3.061735711463082765e-01
7.363784590015036713e-01 2.688368680745902850e-01
7.374669711359257418e-01 3.077399621402658880e-01
7.385554832703479233e-01 4.245770822579739701e-01
7.396439954047699938e-01 4.061057676733756949e-01
7.407325075391920643e-01 3.446996706151637113e-01
7.418210196736141349e-01 3.798505621065633164e-01
7.429095318080363164e-01 3.221208809531734829e-01
7.439980439424584979e-01 3.279872236324958834e-01
7.450865560768805684e-01 3.627947828572288813e-01
7.461750682113026389e-01 3.106741506201853298e-01
7.472635803457247095e-01 2.359751398416634061e-01
7.483520924801468910e-01 1.946715392880236095e-01
7.494406046145689615e-01 2.975955868319424269e-01
7.505291167489911430e-01 3.390052963879046644e-01
7.516176288834132135e-01 3.438255410235928622e-01
7.527061410178352840e-01 3.807261664676140356e-01
7.537946531522574656e-01 4.131414661766239504e-01
7.548831652866795361e-01 3.265942144672706604e-01
7.559716774211016066e-01 2.771676905217752562e-01
7.570601895555237881e-01 2.472731784650186171e-01
7.581487016899458586e-01 2.738135322736265920e-01
7.592372138243680402e-01 3.005316208791697363e-01
7.603257259587901107e-01 2.684169901357442711e-01
7.614142380932121812e-01 2.781313625567225500e-01
7.625027502276342517e-01 2.573226328454421008e-01
7.635912623620564332e-01 2.187857352953841428e-01
7.646797744964786148e-01 1.362177944368898608e-01
7.657682866309006853e-01 5.642258905225183696e-02
7.668567987653227558e-01 1.408928356007415061e-01
7.679453108997448263e-01 1.479625668012296558e-01
7.690338230341670078e-01 6.914892814447792802e-02
7.701223351685890783e-01 4.641978735962126734e-02
7.712108473030112599e-01 5.951316764862824016e-03
7.722993594374333304e-01 1.417291210171267579e-02
7.733878715718554009e-01 3.762344875661582932e-02
7.744763837062775824e-01 7.383591890143925696e-02
7.755648958406996529e-01 3.176788612047221072e-02
7.766534079751217234e-01 0.000000000000000000e+00
7.777419201095439050e-01 0.000000000000000000e+00
7.788304322439659755e-01 0.000000000000000000e+00
7.799189443783881570e-01 0.000000000000000000e+00
7.810074565128102275e-01 0.000000000000000000e+00
7.820959686472322980e-01 0.000000000000000000e+00
7.831844807816543685e-01 0.000000000000000000e+00
7.842729929160765501e-01 0.000000000000000000e+00
7.853615050504987316e-01 0.000000000000000000e+00
7.864500171849208021e-01 0.000000000000000000e+00
7.875385293193428726e-01 0.000000000000000000e+00
7.886270414537649431e-01 0.000000000000000000e+00
7.897155535881871247e-01 0.000000000000000000e+00
7.908040657226091952e-01 0.000000000000000000e+00
7.918925778570313767e-01 0.000000000000000000e+00
7.929810899914534472e-01 0.000000000000000000e+00
7.940696021258755177e-01 0.000000000000000000e+00
7.951581142602976993e-01 0.000000000000000000e+00
7.962466263947197698e-01 0.000000000000000000e+00
7.973351385291418403e-01 0.000000000000000000e+00
7.984236506635640218e-01 0.000000000000000000e+00
7.995121627979860923e-01 0.000000000000000000e+00
8.006006749324081628e-01 0.000000000000000000e+00
8.016891870668303444e-01 0.000000000000000000e+00
8.027776992012525259e-01 0.000000000000000000e+00
8.038662113356744854e-01 0.000000000000000000e+00
8.049547234700966669e-01 0.000000000000000000e+00
8.060432356045187374e-01 0.000000000000000000e+00
8.071317477389409190e-01 0.000000000000000000e+00
8.082202598733631005e-01 0.000000000000000000e+00
8.093087720077850600e-01 0.000000000000000000e+00
8.103972841422072415e-01 0.000000000000000000e+00
8.114857962766293120e-01 0.000000000000000000e+00
8.125743084110514936e-01 0.000000000000000000e+00
8.136628205454736751e-01 0.000000000000000000e+00
8.147513326798956346e-01 0.000000000000000000e+00
8.158398448143178161e-01 0.000000000000000000e+00
8.169283569487397756e-01 0.000000000000000000e+00
8.180168690831619571e-01 0.000000000000000000e+00
8.191053812175841387e-01 0.000000000000000000e+00
8.201938933520062092e-01 0.000000000000000000e+00
8.212824054864283907e-01 0.000000000000000000e+00
8.223709176208503502e-01 0.000000000000000000e+00
8.234594297552725317e-01 0.000000000000000000e+00
8.245479418896947132e-01 0.000000000000000000e+00
8.256364540241167838e-01 0.000000000000000000e+00
8.267249661585389653e-01 0.000000000000000000e+00
8.278134782929609248e-01 0.000000000000000000e+00
8.289019904273831063e-01 0.000000000000000000e+00
8.299905025618052878e-01 0.000000000000000000e+00
8.310790146962272473e-01 0.000000000000000000e+00
8.321675268306494289e-01 0.000000000000000000e+00
8.332560389650714994e-01 0.000000000000000000e+00
8.343445510994936809e-01 0.000000000000000000e+00
8.354330632339158624e-01 0.000000000000000000e+00
8.365215753683378219e-01 0.000000000000000000e+00
8.376100875027600035e-01 0.000000000000000000e+00
8.386985996371820740e-01 0.000000000000000000e+00
8.397871117716042555e-01 0.000000000000000000e+00
8.408756239060264370e-01 0.000000000000000000e+00
8.419641360404483965e-01 0.000000000000000000e+00
8.430526481748705780e-01 0.000000000000000000e+00
8.441411603092925375e-01 0.000000000000000000e+00
8.452296724437147191e-01 0.000000000000000000e+00
8.463181845781369006e-01 0.000000000000000000e+00
8.474066967125589711e-01 0.000000000000000000e+00
8.484952088469811526e-01 0.000000000000000000e+00
8.495837209814033342e-01 0.000000000000000000e+00
8.506722331158252937e-01 0.000000000000000000e+00
8.517607452502474752e-01 0.000000000000000000e+00
8.528492573846695457e-01 0.000000000000000000e+00
8.539377695190917272e-01 0.000000000000000000e+00
8.550262816535139088e-01 0.000000000000000000e+00
8.561147937879358683e-01 0.000000000000000000e+00
8.572033059223580498e-01 0.000000000000000000e+00
8.582918180567800093e-01 0.000000000000000000e+00
8.593803301912021908e-01 0.000000000000000000e+00
8.604688423256243723e-01 0.000000000000000000e+00
8.615573544600464428e-01 0.000000000000000000e+00
8.626458665944686244e-01 0.000000000000000000e+00
8.637343787288905839e-01 0.000000000000000000e+00
8.648228908633127654e-01 0.000000000000000000e+00
8.659114029977349469e-01 0.000000000000000000e+00
8.669999151321570174e-01 0.000000000000000000e+00
8.680884272665791990e-01 0.000000000000000000e+00
8.691769394010011585e-01 0.000000000000000000e+00
8.702654515354233400e-01 0.000000000000000000e+00
8.713539636698455215e-01 0.000000000000000000e+00
8.724424758042674810e-01 0.000000000000000000e+00
8.735309879386896625e-01 0.000000000000000000e+00
8.746195000731117331e-01 0.000000000000000000e+00
8.757080122075339146e-01 0.000000000000000000e+00
8.767965243419560961e-01 0.000000000000000000e+00
8.778850364763780556e-01 0.000000000000000000e+00
8.789735486108002371e-01 0.000000000000000000e+00
8.800620607452223076e-01 0.000000000000000000e+00
8.811505728796444892e-01 0.000000000000000000e+00
8.822390850140666707e-01 0.000000000000000000e+00
8.833275971484886302e-01 0.000000000000000000e+00
8.844161092829108117e-01 0.000000000000000000e+00
8.855046214173327712e-01 0.000000000000000000e+00
8.865931335517549527e-01 0.000000000000000000e+00
8.876816456861771343e-01 0.000000000000000000e+00
8.887701578205992048e-01 0.000000000000000000e+00
8.898586699550213863e-01 0.000000000000000000e+00
8.909471820894433458e-01 0.000000000000000000e+00
8.920356942238655273e-01 0.000000000000000000e+00
8.931242063582877089e-01 0.000000000000000000e+00
8.942127184927097794e-01 0.000000000000000000e+00
8.953012306271319609e-01 0.000000000000000000e+00
8.963897427615539204e-01 0.000000000000000000e+00
8.974782548959761019e-01 0.000000000000000000e+00
8.985667670303982835e-01 0.000000000000000000e+00
8.996552791648202430e-01 0.000000000000000000e+00
9.007437912992424245e-01 0.000000000000000000e+00
9.018323034336646060e-01 0.000000000000000000e+00
9.029208155680866765e-01 0.000000000000000000e+00
9.040093277025088581e-01 0.000000000000000000e+00
9.050978398369308175e-01 0.000000000000000000e+00
9.061863519713529991e-01 0.000000000000000000e+00
9.072748641057751806e-01 0.000000000000000000e+00
9.083633762401972511e-01 0.000000000000000000e+00
9.094518883746194327e-01 0.000000000000000000e+00
9.105404005090413921e-01 0.000000000000000000e+00
9.116289126434635737e-01 0.000000000000000000e+00
9.127174247778857552e-01 0.000000000000000000e+00
9.138059369123077147e-01 0.000000000000000000e+00
9.148944490467298962e-01 0.000000000000000000e+00
9.159829611811519667e-01 0.000000000000000000e+00
9.170714733155741483e-01 0.000000000000000000e+00
9.181599854499963298e-01 0.000000000000000000e+00
9.192484975844182893e-01 0.000000000000000000e+00
9.203370097188404708e-01 0.000000000000000000e+00
9.214255218532625413e-01 0.000000000000000000e+00
9.225140339876847229e-01 0.000000000000000000e+00
9.236025461221069044e-01 0.000000000000000000e+00
9.246910582565288639e-01 0.000000000000000000e+00
9.257795703909510454e-01 0.000000000000000000e+00
9.268680825253730049e-01 0.000000000000000000e+00
9.279565946597951864e-01 0.000000000000000000e+00
9.290451067942173680e-01 0.000000000000000000e+00
9.301336189286394385e-01 0.000000000000000000e+00
9.312221310630616200e-01 0.000000000000000000e+00
9.323106431974835795e-01 0.000000000000000000e+00
9.333991553319057610e-01 0.000000000000000000e+00
9.344876674663279426e-01 0.000000000000000000e+00
9.355761796007500131e-01 0.000000000000000000e+00
9.366646917351721946e-01 0.000000000000000000e+00
9.377532038695941541e-01 0.000000000000000000e+00
9.388417160040163356e-01 0.000000000000000000e+00
9.399302281384385171e-01 0.000000000000000000e+00
9.410187402728604766e-01 0.000000000000000000e+00
9.421072524072826582e-01 0.000000000000000000e+00
9.431957645417047287e-01 0.000000000000000000e+00
9.442842766761269102e-01 0.000000000000000000e+00
9.453727888105490917e-01 0.000000000000000000e+00
9.464613009449710512e-01 0.000000000000000000e+00
9.475498130793932328e-01 0.000000000000000000e+00
9.486383252138154143e-01 0.000000000000000000e+00
9.497268373482374848e-01 0.000000000000000000e+00
9.508153494826596663e-01 0.000000000000000000e+00
9.519038616170816258e-01 0.000000000000000000e+00
9.529923737515038074e-01 0.000000000000000000e+00
9.540808858859259889e-01 0.000000000000000000e+00
9.551693980203479484e-01 0.000000000000000000e+00
9.562579101547701299e-01 0.000000000000000000e+00
9.573464222891922004e-01 0.000000000000000000e+00
9.584349344236143819e-01 0.000000000000000000e+00
9.595234465580365635e-01 0.000000000000000000e+00
9.606119586924585230e-01 0.000000000000000000e+00
9.617004708268807045e-01 0.000000000000000000e+00
9.627889829613027750e-01 0.000000000000000000e+00
9.638774950957249565e-01 0.000000000000000000e+00
9.649660072301471381e-01 0.000000000000000000e+00
9.660545193645690976e-01 0.000000000000000000e+00
9.671430314989912791e-01 0.000000000000000000e+00
9.682315436334132386e-01 0.000000000000000000e+00
9.693200557678354201e-01 0.000000000000000000e+00
9.704085679022576016e-01 0.000000000000000000e+00
9.714970800366796722e-01 0.000000000000000000e+00
9.725855921711018537e-01 0.000000000000000000e+00
9.736741043055238132e-01 0.000000000000000000e+00
9.747626164399459947e-01 0.000000000000000000e+00
9.758511285743681762e-01 0.000000000000000000e+00
9.769396407087902467e-01 0.000000000000000000e+00
9.780281528432124283e-01 0.000000000000000000e+00
9.791166649776343878e-01 0.000000000000000000e+00
9.802051771120565693e-01 0.000000000000000000e+00
9.812936892464787508e-01 0.000000000000000000e+00
9.823822013809007103e-01 0.000000000000000000e+00
9.834707135153228919e-01 0.000000000000000000e+00
9.845592256497449624e-01 0.000000000000000000e+00
9.856477377841671439e-01 0.000000000000000000e+00
9.867362499185893254e-01 0.000000000000000000e+00
9.878247620530112849e-01 0.000000000000000000e+00
9.889132741874334664e-01 0.000000000000000000e+00
9.900017863218555370e-01 0.000000000000000000e+00
9.910902984562777185e-01 0.000000000000000000e+00
9.921788105906999000e-01 0.000000000000000000e+00
9.932673227251218595e-01 0.000000000000000000e+00
9.943558348595440410e-01 0.000000000000000000e+00
9.954443469939662226e-01 0.000000000000000000e+00
9.965328591283881821e-01 0.000000000000000000e+00
9.976213712628103636e-01 0.000000000000000000e+00
9.987098833972324341e-01 0.000000000000000000e+00
9.997983955316546156e-01 0.000000000000000000e+00
