# q (1/angstrom), Intensity (arb)
5.442561321563801468e-04 3.038761949362738690e+00
1.632768266578491423e-03 3.172216795216245444e+00
2.721280401000602915e-03 2.690925142920183255e+00
3.809792535422714191e-03 2.134710482452465641e+00
4.898304669844825467e-03 2.274219928782091671e+00
5.986816804266936742e-03 2.363654739021914253e+00
7.075328938689048018e-03 2.395216776142157222e+00
8.163841073111159294e-03 2.267410814429808852e+00
9.252353207533271437e-03 2.150067793376155834e+00
1.034086534195538185e-02 2.260711848824357162e+00
1.142937747637749399e-02 2.555089326255173710e+00
1.251788961079960440e-02 2.380279495781151944e+00
1.360640174522171481e-02 2.654154041315185175e+00
1.469491387964382695e-02 2.555506599656806266e+00
1.578342601406593909e-02 2.751562699419238811e+00
1.687193814848804777e-02 3.577561012120932915e+00
1.796045028291015991e-02 6.500354855928547337e+00
1.904896241733227205e-02 9.476180793596130414e+00
2.013747455175438072e-02 1.210648134940020348e+01
2.122598668617649287e-02 1.391628981072336835e+01
2.231449882059860501e-02 1.303130796370193956e+01
2.340301095502071715e-02 1.278687227226021506e+01
2.449152308944282930e-02 1.273631132252882026e+01
2.558003522386494144e-02 1.248861585967739529e+01
2.666854735828705011e-02 1.247062011490644728e+01
2.775705949270916573e-02 1.203804853841485922e+01
2.884557162713127440e-02 1.151347450967655917e+01
2.993408376155338307e-02 1.139487924394727614e+01
3.102259589597549869e-02 1.118054520704047228e+01
3.211110803039760736e-02 1.033000220896225763e+01
3.319962016481971950e-02 1.036941515576242878e+01
3.428813229924183165e-02 9.830512352601765258e+00
3.537664443366394379e-02 9.968550367781448429e+00
3.646515656808604899e-02 9.630148650880615335e+00
3.755366870250816808e-02 9.503467207762463786e+00
3.864218083693027328e-02 9.317168014010610122e+00
3.973069297135238542e-02 9.454859859617975815e+00
4.081920510577449757e-02 9.578812749227955337e+00
4.190771724019660971e-02 9.200049495166386038e+00
4.299622937461872185e-02 8.938047693818939265e+00
4.408474150904083400e-02 9.240810920006296669e+00
4.517325364346294614e-02 9.495660884303923410e+00
4.626176577788505134e-02 9.375474430030717343e+00
4.735027791230717042e-02 9.487685808674006793e+00
4.843879004672927563e-02 9.671038228723272567e+00
4.952730218115138777e-02 9.723364892052945407e+00
5.061581431557350685e-02 9.986446709259684695e+00
5.170432644999561900e-02 1.041235307111141850e+01
5.279283858441772420e-02 1.032897075420603628e+01
5.388135071883984328e-02 1.010703087609779871e+01
5.496986285326195543e-02 1.021662004992152184e+01
5.605837498768406063e-02 1.015060168158619902e+01
5.714688712210617277e-02 1.049998648338592133e+01
5.823539925652829186e-02 1.118266337985726366e+01
5.932391139095039012e-02 1.102584859667335770e+01
6.041242352537250920e-02 1.134519679396903413e+01
6.150093565979462135e-02 1.173109783532414063e+01
6.258944779421672655e-02 1.192628247345199632e+01
6.367795992863883869e-02 1.185031497841246306e+01
6.476647206306095084e-02 1.223527440520539677e+01
6.585498419748306298e-02 1.257297129997587604e+01
6.694349633190517512e-02 1.307673560026181825e+01
6.803200846632728727e-02 1.379819695399867641e+01
6.912052060074939941e-02 1.436940190150470364e+01
7.020903273517151155e-02 1.523189295902658102e+01
7.129754486959362370e-02 1.590116717203372865e+01
7.238605700401572196e-02 1.674432908826424438e+01
7.347456913843784798e-02 1.760976717485556975e+01
7.456308127285996012e-02 1.859476641003875130e+01
7.565159340728205839e-02 1.957355285082800123e+01
7.674010554170418441e-02 1.975496125393592806e+01
7.782861767612629655e-02 2.004557501594373292e+01
7.891712981054839482e-02 1.919496715446732082e+01
8.000564194497050696e-02 1.960802898399370520e+01
8.109415407939263298e-02 1.934544038512244413e+01
8.218266621381473125e-02 1.880927264770510732e+01
8.327117834823684339e-02 1.785783721305519123e+01
8.435969048265895553e-02 1.682650717061126855e+01
8.544820261708106768e-02 1.619940721801659933e+01
8.653671475150317982e-02 1.543475384856388288e+01
8.762522688592529196e-02 1.493000019024282565e+01
8.871373902034740411e-02 1.384729455732516001e+01
8.980225115476951625e-02 1.282920027174218269e+01
9.089076328919162839e-02 1.249206342838454731e+01
9.197927542361372666e-02 1.190019867750569382e+01
9.306778755803585268e-02 1.094764938501202955e+01
9.415629969245796482e-02 1.012351677761719593e+01
9.524481182688006309e-02 9.267718794378760450e+00
9.633332396130217523e-02 8.330322127259119469e+00
9.742183609572430125e-02 7.810253122597103470e+00
9.851034823014639952e-02 6.987362047479756200e+00
9.959886036456851166e-02 6.272431579655995293e+00
1.006873724989906238e-01 5.507349044117631820e+00
1.017758846334127498e-01 4.777330730635107159e+00
1.028643967678348620e-01 4.304606894521450400e+00
1.039529089022569464e-01 3.933352975915523686e+00
1.050414210366790724e-01 3.432678406156036033e+00
1.061299331711011845e-01 3.003988157515804502e+00
1.072184453055232967e-01 2.806030764962612167e+00
1.083069574399454088e-01 2.532842278299725081e+00
1.093954695743675209e-01 2.275095131884189215e+00
1.104839817087896192e-01 2.255650148143359957e+00
1.115724938432117314e-01 2.190622422066883956e+00
1.126610059776338435e-01 1.974479615669029187e+00
1.137495181120559695e-01 1.956625569609219184e+00
1.148380302464780817e-01 1.842630821463542290e+00
1.159265423809001938e-01 1.754032580041624101e+00
1.170150545153222921e-01 1.585552894535588564e+00
1.181035666497444042e-01 1.347778212449689761e+00
1.191920787841665164e-01 1.435337559704944255e+00
1.202805909185886285e-01 1.233589726724119373e+00
1.213691030530107406e-01 1.396128092838486268e+00
1.224576151874328667e-01 1.339482501298986605e+00
1.235461273218549511e-01 1.504270313764997979e+00
1.246346394562770632e-01 1.610818461051387374e+00
1.257231515906991892e-01 1.585335562132987874e+00
1.268116637251212875e-01 1.515492954231962841e+00
1.279001758595434135e-01 1.192098407211982902e+00
1.289886879939655395e-01 1.216215842400885094e+00
1.300772001283876100e-01 1.426034475556154035e+00
1.311657122628097361e-01 1.473880904268339620e+00
1.322542243972318621e-01 1.354267963806810471e+00
1.333427365316539603e-01 1.297197633971078901e+00
1.344312486660760864e-01 1.128587582622886387e+00
1.355197608004981846e-01 1.167744451636478331e+00
1.366082729349202829e-01 1.235746187934227081e+00
1.376967850693424089e-01 1.296341936285772434e+00
1.387852972037645072e-01 1.506723715043774448e+00
1.398738093381866332e-01 1.491969660272109977e+00
1.409623214726087592e-01 1.378720119964075508e+00
1.420508336070308575e-01 1.496885125901377123e+00
1.431393457414529835e-01 1.353833004740458534e+00
1.442278578758750818e-01 1.139386165709943555e+00
1.453163700102971800e-01 9.666873883475428642e-01
1.464048821447193061e-01 1.200275209792030395e+00
1.474933942791414043e-01 1.237905326536271389e+00
1.485819064135635303e-01 1.181533638614247650e+00
1.496704185479856564e-01 1.163062602957223746e+00
1.507589306824077546e-01 1.047175405016501415e+00
1.518474428168298529e-01 1.112697392922409989e+00
1.529359549512519789e-01 1.191249174828223900e+00
1.540244670856740772e-01 1.099598317007805193e+00
1.551129792200962032e-01 1.072088493857986435e+00
1.562014913545183292e-01 1.015368382299461913e+00
1.572900034889403997e-01 1.073559759619080012e+00
1.583785156233625258e-01 9.475721807027710497e-01
1.594670277577846518e-01 8.536899125404637800e-01
1.605555398922067500e-01 8.815868384437592908e-01
1.616440520266288761e-01 1.000823936872906827e+00
1.627325641610509743e-01 8.884608506562390318e-01
1.638210762954730726e-01 1.040135189610801092e+00
1.649095884298951986e-01 1.046614576205881164e+00
1.659981005643172969e-01 9.280747835647602528e-01
1.670866126987394229e-01 8.909972425590613199e-01
1.681751248331615489e-01 9.453625937955649761e-01
1.692636369675836472e-01 8.292826307778575767e-01
1.703521491020057455e-01 8.313306046653217152e-01
1.714406612364278715e-01 8.922094625679779512e-01
1.725291733708499697e-01 8.427295844245676903e-01
1.736176855052720958e-01 8.354324652794815620e-01
1.747061976396941940e-01 7.412127465623967737e-01
1.757947097741163200e-01 6.506572034578699260e-01
1.768832219085384183e-01 7.270118428199303651e-01
1.779717340429605166e-01 7.526227156218325831e-01
1.790602461773826426e-01 7.889910530289743207e-01
1.801487583118047686e-01 8.785201800961104368e-01
1.812372704462268669e-01 9.358043274753544694e-01
1.823257825806489929e-01 7.937343185112855082e-01
1.834142947150710912e-01 8.492160979683731625e-01
1.845028068494931894e-01 7.744817077232273306e-01
1.855913189839153155e-01 7.950587139115867785e-01
1.866798311183374137e-01 7.968171764868898777e-01
1.877683432527595397e-01 6.249861431640475473e-01
1.888568553871816658e-01 6.012971434564189366e-01
1.899453675216037363e-01 6.892694324753154689e-01
1.910338796560258623e-01 8.210217739219380917e-01
1.921223917904479883e-01 8.459218442384326409e-01
1.932109039248700866e-01 6.649833641848239552e-01
1.942994160592922126e-01 6.945685578906477531e-01
1.953879281937143109e-01 7.803439534748743966e-01
1.964764403281364091e-01 6.903452124276050483e-01
1.975649524625585352e-01 6.266596395140471287e-01
1.986534645969806334e-01 5.685379373940921965e-01
1.997419767314027594e-01 5.169990574167453445e-01
2.008304888658248855e-01 7.216811281115003140e-01
2.019190010002469560e-01 6.564956582648502348e-01
2.030075131346691097e-01 6.559529652283053736e-01
2.040960252690912080e-01 6.178662416987243944e-01
2.051845374035133340e-01 7.223163588764709431e-01
2.062730495379354323e-01 6.547997096981763576e-01
2.073615616723575306e-01 5.516117569713543389e-01
2.084500738067796566e-01 5.557226887915440727e-01
2.095385859412017548e-01 5.431333440101830945e-01
2.106270980756238809e-01 8.175726934265288293e-01
2.117156102100459791e-01 1.010481203280594542e+00
2.128041223444681052e-01 7.888273632743505459e-01
2.138926344788902034e-01 4.940089109102974163e-01
2.149811466133123017e-01 5.347967316586945685e-01
2.160696587477344277e-01 6.451351708166885857e-01
2.171581708821565260e-01 6.557958273959698658e-01
2.182466830165786797e-01 7.295491439978132320e-01
2.193351951510007503e-01 7.025664710232994992e-01
2.204237072854228485e-01 7.336418122903918260e-01
2.215122194198450023e-01 7.218621796334758756e-01
2.226007315542670728e-01 6.862897271000782951e-01
2.236892436886892266e-01 5.822135952871327902e-01
2.247777558231113249e-01 5.954377353270157158e-01
2.258662679575334509e-01 5.675083900819988258e-01
2.269547800919555491e-01 5.932616050861749812e-01
2.280432922263776474e-01 5.332270838948218739e-01
2.291318043607997734e-01 5.239818060849721348e-01
2.302203164952218717e-01 5.531795155387317919e-01
2.313088286296439977e-01 5.382698426594014762e-01
2.323973407640660960e-01 5.647736159053327043e-01
2.334858528984881942e-01 5.270758159090611628e-01
2.345743650329103203e-01 6.122033222067635450e-01
2.356628771673324185e-01 7.003041392928803788e-01
2.367513893017545445e-01 5.377305007127564096e-01
2.378399014361766428e-01 5.469580777865008514e-01
2.389284135705987966e-01 5.787658948204530418e-01
2.400169257050208671e-01 6.173466130582614397e-01
2.411054378394429654e-01 4.865448395233364920e-01
2.421939499738651191e-01 4.923689418333960788e-01
2.432824621082871897e-01 5.362903248937662681e-01
2.443709742427093434e-01 5.699171771487989702e-01
2.454594863771314417e-01 6.016488191990383427e-01
2.465479985115535122e-01 5.480807588481066972e-01
2.476365106459756660e-01 5.391559721187544341e-01
2.487250227803977642e-01 5.264839950512314459e-01
2.498135349148198903e-01 6.101047424863175195e-01
2.509020470492419608e-01 4.324737818029085190e-01
2.519905591836641423e-01 4.915736957464726942e-01
2.530790713180862128e-01 6.795076277695262235e-01
2.541675834525082833e-01 8.267660922175288363e-01
2.552560955869304649e-01 7.001683882477536258e-01
2.563446077213525354e-01 6.195171076659722331e-01
2.574331198557746614e-01 6.622082422746071728e-01
2.585216319901967874e-01 6.737958510683288438e-01
2.596101441246188579e-01 6.494657184338734623e-01
2.606986562590409839e-01 5.856199819348653079e-01
2.617871683934631100e-01 5.240097421962559565e-01
2.628756805278852360e-01 6.447637565497039702e-01
2.639641926623073065e-01 5.817981636219027308e-01
2.650527047967294325e-01 6.384911627080658292e-01
2.661412169311515585e-01 6.215451046934372670e-01
2.672297290655736290e-01 5.480555680370997607e-01
2.683182411999957551e-01 5.852238296466563128e-01
2.694067533344178811e-01 6.138499119430669282e-01
2.704952654688400071e-01 6.669229236304250463e-01
2.715837776032620776e-01 6.257591911478463942e-01
2.726722897376842036e-01 7.078522951908592376e-01
2.737608018721063297e-01 7.339882545447373730e-01
2.748493140065284002e-01 6.624294804993695607e-01
2.759378261409505817e-01 6.967075320222448909e-01
2.770263382753726522e-01 7.085165479426827062e-01
2.781148504097947782e-01 6.425048732875584534e-01
2.792033625442169043e-01 5.962133977389196815e-01
2.802918746786389748e-01 6.479734074367211605e-01
2.813803868130611008e-01 5.988460512989277618e-01
2.824688989474832268e-01 5.851989638720898057e-01
2.835574110819053528e-01 6.060086282596248708e-01
2.846459232163274233e-01 6.018784653612350155e-01
2.857344353507495494e-01 4.963656503927644792e-01
2.868229474851716754e-01 6.322251259574116489e-01
2.879114596195937459e-01 6.218024088881115574e-01
2.889999717540158719e-01 5.290060210893781090e-01
2.900884838884379979e-01 6.033977371041405746e-01
2.911769960228601239e-01 7.166989159775720708e-01
2.922655081572821945e-01 7.333597470821224817e-01
2.933540202917043205e-01 6.255653478780320853e-01
2.944425324261264465e-01 5.900388514713910126e-01
2.955310445605485170e-01 5.725648306442661095e-01
2.966195566949706985e-01 6.470114557427990576e-01
2.977080688293927691e-01 6.266035855222735762e-01
2.987965809638148951e-01 6.588228570920868776e-01
2.998850930982370211e-01 6.898817132819257125e-01
3.009736052326590916e-01 6.530376030450550928e-01
3.020621173670812176e-01 5.923905540359086785e-01
3.031506295015033436e-01 5.860991992573438836e-01
3.042391416359254697e-01 5.050443843963208224e-01
3.053276537703475402e-01 5.888343449957282871e-01
3.064161659047696662e-01 7.522554538999575158e-01
3.075046780391917922e-01 7.399748588474146516e-01
3.085931901736138627e-01 6.278208108409746302e-01
3.096817023080360443e-01 5.949769122121661979e-01
3.107702144424581148e-01 6.528646232020616225e-01
3.118587265768802408e-01 5.844271055521375047e-01
3.129472387113023668e-01 5.724651515983474326e-01
3.140357508457244373e-01 5.929263131830957434e-01
3.151242629801465633e-01 6.215995324541534472e-01
3.162127751145686894e-01 5.911052171731849825e-01
3.173012872489908154e-01 5.283224657078537945e-01
3.183897993834128859e-01 5.563880806663732415e-01
3.194783115178350119e-01 5.186076686579994544e-01
3.205668236522571379e-01 5.589070465608774185e-01
3.216553357866792084e-01 5.050019547230650829e-01
3.227438479211013345e-01 5.022656745739979556e-01
3.238323600555234605e-01 4.965332207152393096e-01
3.249208721899455865e-01 4.723917340904417728e-01
3.260093843243676570e-01 5.890885982109015373e-01
3.270978964587897830e-01 6.473376992240478245e-01
3.281864085932119091e-01 7.365417504220772571e-01
3.292749207276339796e-01 6.081485539195963241e-01
3.303634328620561611e-01 7.666814598922080393e-01
3.314519449964782316e-01 7.272139593036772709e-01
3.325404571309003021e-01 6.536050950247975777e-01
3.336289692653224837e-01 6.045561543589688114e-01
3.347174813997445542e-01 5.142510001483504567e-01
3.358059935341666802e-01 5.512256689744940985e-01
3.368945056685888062e-01 5.707213375105197883e-01
3.379830178030109322e-01 5.278437623295157977e-01
3.390715299374330027e-01 6.869279648616295475e-01
3.401600420718551288e-01 6.837726418104885795e-01
3.412485542062772548e-01 5.530976457693572712e-01
3.423370663406993253e-01 5.479652769062912654e-01
3.434255784751214513e-01 4.505913176747231574e-01
3.445140906095435773e-01 6.113766592476554962e-01
3.456026027439656478e-01 7.000116220011598500e-01
3.466911148783877739e-01 5.943761487944705380e-01
3.477796270128098999e-01 5.478355425285048597e-01
3.488681391472320259e-01 5.584276451871428293e-01
3.499566512816540964e-01 6.417433949830382289e-01
3.510451634160762779e-01 5.805349034225937288e-01
3.521336755504983484e-01 6.120615923118055690e-01
3.532221876849204190e-01 5.521944431228860140e-01
3.543106998193426005e-01 4.973831366816892086e-01
3.553992119537646710e-01 4.817678391519297776e-01
3.564877240881867970e-01 5.673335743698153522e-01
3.575762362226089230e-01 5.314754534665571128e-01
3.586647483570310491e-01 4.920189973792403748e-01
3.597532604914531196e-01 5.328303410584691591e-01
3.608417726258752456e-01 6.563335818658302401e-01
3.619302847602973716e-01 6.555298208666027193e-01
3.630187968947194421e-01 6.485926505058312586e-01
3.641073090291415681e-01 6.851299638908869838e-01
3.651958211635636942e-01 5.844247140338421076e-01
3.662843332979857647e-01 5.286572901561434890e-01
3.673728454324078907e-01 5.682433697307995857e-01
3.684613575668300167e-01 5.883112307299214194e-01
3.695498697012521427e-01 4.332076076037445489e-01
3.706383818356742132e-01 3.843178457015543614e-01
3.717268939700963948e-01 5.928716442844663703e-01
3.728154061045184653e-01 5.738442042710367730e-01
3.739039182389405358e-01 5.069214902588630167e-01
3.749924303733627173e-01 6.380212407746626013e-01
3.760809425077847878e-01 5.913750021556882785e-01
3.771694546422069139e-01 5.338081107177234941e-01
3.782579667766290399e-01 5.366949450847027236e-01
3.793464789110511104e-01 5.162569776871333005e-01
3.804349910454732364e-01 6.807238300323703584e-01
3.815235031798953624e-01 6.951437593560569894e-01
3.826120153143174885e-01 5.884726211321869016e-01
3.837005274487395590e-01 5.946373454154265659e-01
3.847890395831616850e-01 6.537778262672162555e-01
3.858775517175838110e-01 6.209842815197958998e-01
3.869660638520058815e-01 4.288943171210473082e-01
3.880545759864280075e-01 4.978662265567148637e-01
3.891430881208501336e-01 7.233546815161311372e-01
3.902316002552722596e-01 6.497366349566231492e-01
3.913201123896943301e-01 5.367962981121525701e-01
3.924086245241164561e-01 5.091363647824955763e-01
3.934971366585385821e-01 5.107545392423151753e-01
3.945856487929606526e-01 5.113169363207212825e-01
3.956741609273828342e-01 5.837733983426591777e-01
3.967626730618049047e-01 6.406325688898739656e-01
3.978511851962270307e-01 5.306341188434533507e-01
3.989396973306491567e-01 5.320008021551956290e-01
4.000282094650711717e-01 5.618470932699128895e-01
4.011167215994933533e-01 4.830605378276988660e-01
4.022052337339154793e-01 5.313298091498541709e-01
4.032937458683375498e-01 4.825205801746772494e-01
4.043822580027597313e-01 4.639865021480797935e-01
4.054707701371818018e-01 4.784406807254413252e-01
4.065592822716039278e-01 5.284319647282309518e-01
4.076477944060259984e-01 5.479636461470587250e-01
4.087363065404481244e-01 6.170109420507365883e-01
4.098248186748703059e-01 6.189091237766035647e-01
4.109133308092923764e-01 5.688158417259838728e-01
4.120018429437144469e-01 5.827259258391919161e-01
4.130903550781365730e-01 4.975844394151458516e-01
4.141788672125586435e-01 5.196433747115047908e-01
4.152673793469808250e-01 5.818319285297732790e-01
4.163558914814029510e-01 5.435128183340083297e-01
4.174444036158250215e-01 5.316387775327271470e-01
4.185329157502470920e-01 5.572079988478915169e-01
4.196214278846692181e-01 5.367767640650367156e-01
4.207099400190913996e-01 5.183931507848971165e-01
4.217984521535134701e-01 6.177385207717289717e-01
4.228869642879355961e-01 5.920238778655235734e-01
4.239754764223576666e-01 5.681064517380711720e-01
4.250639885567798482e-01 5.720643436144552396e-01
4.261525006912019187e-01 6.149140936947183889e-01
4.272410128256240447e-01 6.414579186996594018e-01
4.283295249600461152e-01 6.005490496057337424e-01
4.294180370944682412e-01 5.268880682006518157e-01
4.305065492288904228e-01 5.747432449360356799e-01
4.315950613633124933e-01 6.162606960060958983e-01
4.326835734977345638e-01 5.796754338539891194e-01
4.337720856321566898e-01 5.921629067194444929e-01
4.348605977665787603e-01 6.482445605573001757e-01
4.359491099010009418e-01 5.225033490381072454e-01
4.370376220354230679e-01 5.813584197372172468e-01
4.381261341698451384e-01 6.777549053762470521e-01
4.392146463042672089e-01 5.758431143979390043e-01
4.403031584386893349e-01 5.508547914676817925e-01
4.413916705731115164e-01 5.851410380431225633e-01
4.424801827075335869e-01 5.493756506420641728e-01
4.435686948419557130e-01 5.734243938037728583e-01
4.446572069763777835e-01 6.069651242680418335e-01
4.457457191107998540e-01 6.760931619160981398e-01
4.468342312452220355e-01 6.339361669734770999e-01
4.479227433796441615e-01 6.402277351694447560e-01
4.490112555140662320e-01 5.013602266709042965e-01
4.500997676484883581e-01 5.179567580061252841e-01
4.511882797829105396e-01 5.997772466748596543e-01
4.522767919173326101e-01 5.642505037614480301e-01
4.533653040517546806e-01 5.389511891487295259e-01
4.544538161861768066e-01 5.504950171262184000e-01
4.555423283205988771e-01 4.686387387807329219e-01
4.566308404550210587e-01 5.462660016153044751e-01
4.577193525894431847e-01 4.869281003353229664e-01
4.588078647238652552e-01 5.021807453214197636e-01
4.598963768582873257e-01 4.729992627837766861e-01
4.609848889927094517e-01 5.611184785814806730e-01
4.620734011271316333e-01 5.270002754083709107e-01
4.631619132615537038e-01 5.585015111817774880e-01
4.642504253959758298e-01 5.303469087893954992e-01
4.653389375303979003e-01 6.225210486724783721e-01
4.664274496648199708e-01 5.205059900596911149e-01
4.675159617992421524e-01 3.496671256864249955e-01
4.686044739336642784e-01 5.071403681969925969e-01
4.696929860680863489e-01 5.063354641513715393e-01
4.707814982025084749e-01 4.746536277480331023e-01
4.718700103369305454e-01 5.393729578376387224e-01
4.729585224713527269e-01 6.914722395018255696e-01
4.740470346057747975e-01 5.454191985913698915e-01
4.751355467401969235e-01 4.575280281833791207e-01
4.762240588746189940e-01 5.263092237824391617e-01
4.773125710090411755e-01 5.538092931324385404e-01
4.784010831434633015e-01 4.639923683778626184e-01
4.794895952778853720e-01 5.043403612110370915e-01
4.805781074123074426e-01 5.667214875032904331e-01
4.816666195467295686e-01 5.898092979713407402e-01
4.827551316811517501e-01 4.616451120070088621e-01
4.838436438155738206e-01 5.456922198778624278e-01
4.849321559499959466e-01 5.922852629897512600e-01
4.860206680844180172e-01 5.771422822146714537e-01
4.871091802188400877e-01 5.110008285059866040e-01
4.881976923532622692e-01 2.426679679971481818e-01
4.892862044876843952e-01 5.495614551580327856e-01
4.903747166221064657e-01 6.114952564259521495e-01
4.914632287565285917e-01 5.797610257705745340e-01
4.925517408909506623e-01 5.890169112859489076e-01
4.936402530253728438e-01 6.173981104744381554e-01
4.947287651597949143e-01 5.555081968576036644e-01
4.958172772942170403e-01 4.886236186482157962e-01
4.969057894286391108e-01 5.271869940835696156e-01
4.979943015630612924e-01 5.253357918926031545e-01
4.990828136974834184e-01 6.481417252344741087e-01
5.001713258319054889e-01 6.138089452440951277e-01
5.012598379663275594e-01 6.127496504932565813e-01
5.023483501007496299e-01 6.641804126959467425e-01
5.034368622351718114e-01 6.351756721680033024e-01
5.045253743695939930e-01 6.184803815471404675e-01
5.056138865040160635e-01 5.340147542988322726e-01
5.067023986384381340e-01 5.022936484147209057e-01
5.077909107728602045e-01 5.786419635965280861e-01
5.088794229072823860e-01 6.075726901104410160e-01
5.099679350417044565e-01 5.889855762944549156e-01
5.110564471761266381e-01 5.196222636249743232e-01
5.121449593105487086e-01 5.778458658578333740e-01
5.132334714449707791e-01 6.315389219253937370e-01
5.143219835793929606e-01 5.601988733549472244e-01
5.154104957138150311e-01 6.194653719903211453e-01
5.164990078482371016e-01 6.514339103327131397e-01
5.175875199826592832e-01 6.541283157930894987e-01
5.186760321170813537e-01 5.889805304406472430e-01
5.197645442515035352e-01 5.576183060216521881e-01
5.208530563859256057e-01 5.859255590683272175e-01
5.219415685203476762e-01 5.588919814236668060e-01
5.230300806547697468e-01 6.192867480546286885e-01
5.241185927891919283e-01 7.115317768424471723e-01
5.252071049236141098e-01 8.132546743675632683e-01
5.262956170580361803e-01 6.961766339128878656e-01
5.273841291924582508e-01 6.859445294143604599e-01
5.284726413268803213e-01 6.515503449679496129e-01
5.295611534613025029e-01 6.178756206619624436e-01
5.306496655957245734e-01 6.577887973154190604e-01
5.317381777301467549e-01 5.081713786155788171e-01
5.328266898645688254e-01 3.280996631602910441e-01
5.339152019989908959e-01 2.127894894744475351e-01
5.350037141334130775e-01 2.608356224415704361e-01
5.360922262678351480e-01 4.036141436106621683e-01
5.371807384022572185e-01 5.492344041241228325e-01
5.382692505366794000e-01 6.200972838179978908e-01
5.393577626711014705e-01 6.444295427793065301e-01
5.404462748055236521e-01 5.777714791410559769e-01
5.415347869399457226e-01 5.695390484151374721e-01
5.426232990743677931e-01 6.508397105477143896e-01
5.437118112087898636e-01 6.778676536241103889e-01
5.448003233432120451e-01 6.768902222850829986e-01
5.458888354776342267e-01 4.759922433518273266e-01
5.469773476120562972e-01 4.894262673163911614e-01
5.480658597464783677e-01 5.549724454132700657e-01
5.491543718809004382e-01 5.555238453445134894e-01
5.502428840153226197e-01 5.473367848333712260e-01
5.513313961497446902e-01 5.607357377429309508e-01
5.524199082841668718e-01 5.915338659876940852e-01
5.535084204185889423e-01 5.751361572130431199e-01
5.545969325530110128e-01 6.013781202894961098e-01
5.556854446874331943e-01 5.986386678292046071e-01
5.567739568218552648e-01 5.705032965470451245e-01
5.578624689562773353e-01 5.340348609700420468e-01
5.589509810906995169e-01 6.156890514412118875e-01
5.600394932251215874e-01 4.990483905129821096e-01
5.611280053595437689e-01 5.517669349885512275e-01
5.622165174939658394e-01 6.596763523548521135e-01
5.633050296283879099e-01 5.801518851857885295e-01
5.643935417628099804e-01 6.161723510543524185e-01
5.654820538972321620e-01 5.801817963738020723e-01
5.665705660316543435e-01 6.317956422099104685e-01
5.676590781660764140e-01 6.111685050019364240e-01
5.687475903004984845e-01 5.735798631275201842e-01
5.698361024349205550e-01 5.372711660147544421e-01
5.709246145693427366e-01 5.910117591279338001e-01
5.720131267037648071e-01 5.751903076475635146e-01
5.731016388381869886e-01 5.515552112031407717e-01
5.741901509726090591e-01 6.068071207994822913e-01
5.752786631070311296e-01 6.204158104751211766e-01
5.763671752414533112e-01 6.140150866395135409e-01
5.774556873758753817e-01 5.704052343079286658e-01
5.785441995102974522e-01 5.651114506209644617e-01
5.796327116447196337e-01 6.629876247196087036e-01
5.807212237791417042e-01 6.221486083188771943e-01
5.818097359135638857e-01 6.101204408694460568e-01
5.828982480479859563e-01 6.485457538924652710e-01
5.839867601824080268e-01 6.244603309320950757e-01
5.850752723168300973e-01 5.671278347308401635e-01
5.861637844512522788e-01 5.220655655772503678e-01
5.872522965856744603e-01 5.119685005484253537e-01
5.883408087200965308e-01 4.897142627513080271e-01
5.894293208545186014e-01 5.370486633878552851e-01
5.905178329889406719e-01 5.347869961711424480e-01
5.916063451233627424e-01 5.330197923266268845e-01
5.926948572577849239e-01 5.076724618073367168e-01
5.937833693922071054e-01 5.888801019096199241e-01
5.948718815266291760e-01 6.491739511556904318e-01
5.959603936610512465e-01 6.438462066429657682e-01
5.970489057954734280e-01 6.087940539897971348e-01
5.981374179298954985e-01 6.597974620549003077e-01
5.992259300643175690e-01 6.202484134384587122e-01
6.003144421987397505e-01 6.277849430829203214e-01
6.014029543331618211e-01 6.240062416649649890e-01
6.024914664675840026e-01 5.585253253470998658e-01
6.035799786020060731e-01 5.645690725279646216e-01
6.046684907364281436e-01 6.325209286086597160e-01
6.057570028708503251e-01 6.186486652586129509e-01
6.068455150052723956e-01 5.489605183184114168e-01
6.079340271396945772e-01 5.773875415003626443e-01
6.090225392741166477e-01 5.333340342534000911e-01
6.101110514085387182e-01 5.526099659370302675e-01
6.111995635429607887e-01 5.966423106397762410e-01
6.122880756773829702e-01 5.738612957624180666e-01
6.133765878118051518e-01 5.610927507538985282e-01
6.144650999462272223e-01 6.252390961854175089e-01
6.155536120806492928e-01 7.030853460029629076e-01
6.166421242150713633e-01 5.781086908798087620e-01
6.177306363494934338e-01 4.972550962310329226e-01
6.188191484839156153e-01 5.674330416957147349e-01
6.199076606183377969e-01 6.132510238895321208e-01
6.209961727527598674e-01 5.628138342820268036e-01
6.220846848871819379e-01 5.679563923873089948e-01
6.231731970216041194e-01 5.505460851693300128e-01
6.242617091560261899e-01 4.969431213440760331e-01
6.253502212904482604e-01 4.780687935826684054e-01
6.264387334248704420e-01 5.257840216638225428e-01
6.275272455592925125e-01 5.625326899709577333e-01
6.286157576937146940e-01 6.109736524964883841e-01
6.297042698281367645e-01 5.960148360577957050e-01
6.307927819625588350e-01 6.129974794312964548e-01
6.318812940969809056e-01 5.632274986429433028e-01
6.329698062314030871e-01 5.528783004723187844e-01
6.340583183658252686e-01 5.840495260938087796e-01
6.351468305002473391e-01 5.959069194056549890e-01
6.362353426346694096e-01 5.495600534781210911e-01
6.373238547690914801e-01 5.553148454603071826e-01
6.384123669035135507e-01 5.799293046537279395e-01
6.395008790379357322e-01 6.030540232270311662e-01
6.405893911723579137e-01 5.850891920935268331e-01
6.416779033067799842e-01 5.730201302773600958e-01
6.427664154412020547e-01 6.137507472935563868e-01
6.438549275756242363e-01 5.641015127066797419e-01
6.449434397100463068e-01 6.020858324683739937e-01
6.460319518444683773e-01 5.894743279298264582e-01
6.471204639788905588e-01 5.079556033747483212e-01
6.482089761133126293e-01 5.322320022603488354e-01
6.492974882477348109e-01 5.030119414272995471e-01
6.503860003821568814e-01 5.484915103479810483e-01
6.514745125165789519e-01 6.655143981186775193e-01
6.525630246510010224e-01 5.906222864913335258e-01
6.536515367854232039e-01 5.310025542268821397e-01
6.547400489198453855e-01 5.564541018312372245e-01
6.558285610542674560e-01 5.700477779554553592e-01
6.569170731886895265e-01 6.884826848381244702e-01
6.580055853231115970e-01 6.172810755264279692e-01
6.590940974575336675e-01 5.015047750870991194e-01
6.601826095919558490e-01 5.760928704661729682e-01
6.612711217263780306e-01 5.371880318311337277e-01
6.623596338608001011e-01 5.380892171633782084e-01
6.634481459952221716e-01 6.255305046531347557e-01
6.645366581296442421e-01 6.408456678956113706e-01
6.656251702640664236e-01 6.111440702177510786e-01
6.667136823984884941e-01 5.454462785107985212e-01
6.678021945329106757e-01 5.923572579199181121e-01
6.688907066673327462e-01 5.391728255428187566e-01
6.699792188017549277e-01 5.634196689080201992e-01
6.710677309361769982e-01 4.831433322456213375e-01
6.721562430705990687e-01 4.933614858677550785e-01
6.732447552050211392e-01 5.257345849763304102e-01
6.743332673394433208e-01 5.836614701303961539e-01
6.754217794738655023e-01 5.675097875379844226e-01
6.765102916082875728e-01 6.024810535221885033e-01
6.775988037427096433e-01 6.324152490777397162e-01
6.786873158771317138e-01 5.126193563593748337e-01
6.797758280115537843e-01 4.898699688570324895e-01
6.808643401459759659e-01 5.223724644875442635e-01
6.819528522803981474e-01 5.332101083901328309e-01
6.830413644148202179e-01 5.320366554081772392e-01
6.841298765492422884e-01 5.164233991178726058e-01
6.852183886836643589e-01 4.676610514544368158e-01
6.863069008180865405e-01 4.476570773823027594e-01
6.873954129525086110e-01 5.459454541687343010e-01
6.884839250869307925e-01 5.342069700881797445e-01
6.895724372213528630e-01 5.533654764774240675e-01
6.906609493557749335e-01 5.543233862764882502e-01
6.917494614901971151e-01 4.344625625406006719e-01
6.928379736246191856e-01 4.454969816428313578e-01
6.939264857590412561e-01 4.927240955822824731e-01
6.950149978934634376e-01 5.409562734987147792e-01
6.961035100278856191e-01 5.551566776417917737e-01
6.971920221623076896e-01 4.807676659429258592e-01
6.982805342967297602e-01 4.740667168232430839e-01
6.993690464311518307e-01 5.755275459257696014e-01
7.004575585655739012e-01 5.652733318586111722e-01
7.015460706999960827e-01 4.962473429513494239e-01
7.026345828344182642e-01 4.606223841024146282e-01
7.037230949688403348e-01 4.675641980200140324e-01
7.048116071032624053e-01 5.600533670965575084e-01
7.059001192376844758e-01 4.909092392135754324e-01
7.069886313721066573e-01 4.752067729478994806e-01
7.080771435065287278e-01 4.589326656765280177e-01
7.091656556409509093e-01 5.019630438510294113e-01
7.102541677753729799e-01 4.878646096148315792e-01
7.113426799097950504e-01 4.528159381789329530e-01
7.124311920442172319e-01 4.216467994854014023e-01
7.135197041786393024e-01 4.442251133603623003e-01
7.146082163130613729e-01 4.138818532699133357e-01
7.156967284474835544e-01 4.301307948365646894e-01
7.167852405819057360e-01 4.695934741905887222e-01
7.178737527163278065e-01 3.767926922803859213e-01
7.189622648507498770e-01 3.209729249156705322e-01
7.200507769851719475e-01 3.432913340201029229e-01
7.211392891195940180e-01 3.743570162194966855e-01
7.222278012540161996e-01 3.633820821498634501e-01
7.233163133884383811e-01 3.803106327519696350e-01
7.244048255228604516e-01 4.506444741309039159e-01
7.254933376572825221e-01 4.473053821342460878e-01
7.265818497917045926e-01 4.308425493227332481e-01
7.276703619261267741e-01 4.201402370050555390e-01
7.287588740605488447e-01 4.269773282329225594e-01
7.298473861949710262e-01 4.301912029203105448e-01
7.309358983293930967e-01 4.136954756293462765e-01
7.320244104638151672e-01 3.805204408934095284e-01
7.331129225982373487e-01 4.440759884829237336e-01
7.342014347326594192e-01 4.360615513103827112e-01
7.352899468670814898e-01 4.206095709647037495e-01
7.363784590015036713e-01 4.737622218620440862e-01
7.374669711359257418e-01 4.256263609559436389e-01
7.385554832703479233e-01 4.402915281543346993e-01
7.396439954047699938e-01 4.031710021986736336e-01
7.407325075391920643e-01 3.684815779764925026e-01
7.418210196736141349e-01 4.292724238428426986e-01
7.429095318080363164e-01 4.306551855269766804e-01
7.439980439424584979e-01 3.873320930819019736e-01
7.450865560768805684e-01 4.025555363696131650e-01
7.461750682113026389e-01 3.486905881282851283e-01
7.472635803457247095e-01 3.482369924912003256e-01
7.483520924801468910e-01 2.957551093272705600e-01
7.494406046145689615e-01 3.836349730694585958e-01
7.505291167489911430e-01 4.039322740598585426e-01
7.516176288834132135e-01 4.098889499673479264e-01
7.527061410178352840e-01 4.336888381844676843e-01
7.537946531522574656e-01 4.142683415340027153e-01
7.548831652866795361e-01 4.148171887958920223e-01
7.559716774211016066e-01 4.615875965658986502e-01
7.570601895555237881e-01 4.018186933150662554e-01
7.581487016899458586e-01 4.274614107687249032e-01
7.592372138243680402e-01 3.631901088154041446e-01
7.603257259587901107e-01 3.513876888884404082e-01
7.614142380932121812e-01 3.507836872651086679e-01
7.625027502276342517e-01 3.503591469430755723e-01
7.635912623620564332e-01 2.818356685280765106e-01
7.646797744964786148e-01 1.403150994883457514e-01
7.657682866309006853e-01 4.572239946793210663e-02
7.668567987653227558e-01 9.954895019669507406e-02
7.679453108997448263e-01 6.688866082411948355e-02
7.690338230341670078e-01 0.000000000000000000e+00
7.701223351685890783e-01 6.937237473773461005e-02
7.712108473030112599e-01 7.522371992629039994e-02
7.722993594374333304e-01 1.489608503335473344e-01
7.733878715718554009e-01 1.301981498568021145e-01
7.744763837062775824e-01 1.161807394616962696e-01
7.755648958406996529e-01 3.675781246018983150e-02
7.766534079751217234e-01 0.000000000000000000e+00
7.777419201095439050e-01 0.000000000000000000e+00
7.788304322439659755e-01 0.000000000000000000e+00
7.799189443783881570e-01 0.000000000000000000e+00
7.810074565128102275e-01 0.000000000000000000e+00
7.820959686472322980e-01 0.000000000000000000e+00
7.831844807816543685e-01 0.000000000000000000e+00
7.842729929160765501e-01 0.000000000000000000e+00
7.853615050504987316e-01 0.000000000000000000e+00
7.864500171849208021e-01 0.000000000000000000e+00
7.875385293193428726e-01 0.000000000000000000e+00
7.886270414537649431e-01 0.000000000000000000e+00
7.897155535881871247e-01 0.000000000000000000e+00
7.908040657226091952e-01 0.000000000000000000e+00
7.918925778570313767e-01 0.000000000000000000e+00
7.929810899914534472e-01 0.000000000000000000e+00
7.940696021258755177e-01 0.000000000000000000e+00
7.951581142602976993e-01 0.000000000000000000e+00
7.962466263947197698e-01 0.000000000000000000e+00
7.973351385291418403e-01 0.000000000000000000e+00
7.984236506635640218e-01 0.000000000000000000e+00
7.995121627979860923e-01 0.000000000000000000e+00
8.006006749324081628e-01 0.000000000000000000e+00
8.016891870668303444e-01 0.000000000000000000e+00
8.027776992012525259e-01 0.000000000000000000e+00
8.038662113356744854e-01 0.000000000000000000e+00
8.049547234700966669e-01 0.000000000000000000e+00
8.060432356045187374e-01 0.000000000000000000e+00
8.071317477389409190e-01 0.000000000000000000e+00
8.082202598733631005e-01 0.000000000000000000e+00
8.093087720077850600e-01 0.000000000000000000e+00
8.103972841422072415e-01 0.000000000000000000e+00
8.114857962766293120e-01 0.000000000000000000e+00
8.125743084110514936e-01 0.000000000000000000e+00
8.136628205454736751e-01 0.000000000000000000e+00
8.147513326798956346e-01 0.000000000000000000e+00
8.158398448143178161e-01 0.000000000000000000e+00
8.169283569487397756e-01 0.000000000000000000e+00
8.180168690831619571e-01 0.000000000000000000e+00
8.191053812175841387e-01 0.000000000000000000e+00
8.201938933520062092e-01 0.000000000000000000e+00
8.212824054864283907e-01 0.000000000000000000e+00
8.223709176208503502e-01 0.000000000000000000e+00
8.234594297552725317e-01 0.000000000000000000e+00
8.245479418896947132e-01 0.000000000000000000e+00
8.256364540241167838e-01 0.000000000000000000e+00
8.267249661585389653e-01 0.000000000000000000e+00
8.278134782929609248e-01 0.000000000000000000e+00
8.289019904273831063e-01 0.000000000000000000e+00
8.299905025618052878e-01 0.000000000000000000e+00
8.310790146962272473e-01 0.000000000000000000e+00
8.321675268306494289e-01 0.000000000000000000e+00
8.332560389650714994e-01 0.000000000000000000e+00
8.343445510994936809e-01 0.000000000000000000e+00
8.354330632339158624e-01 0.000000000000000000e+00
8.365215753683378219e-01 0.000000000000000000e+00
8.376100875027600035e-01 0.000000000000000000e+00
8.386985996371820740e-01 0.000000000000000000e+00
8.397871117716042555e-01 0.000000000000000000e+00
8.408756239060264370e-01 0.000000000000000000e+00
8.419641360404483965e-01 0.000000000000000000e+00
8.430526481748705780e-01 0.000000000000000000e+00
8.441411603092925375e-01 0.000000000000000000e+00
8.452296724437147191e-01 0.000000000000000000e+00
8.463181845781369006e-01 0.000000000000000000e+00
8.474066967125589711e-01 0.000000000000000000e+00
8.484952088469811526e-01 0.000000000000000000e+00
8.495837209814033342e-01 0.000000000000000000e+00
8.506722331158252937e-01 0.000000000000000000e+00
8.517607452502474752e-01 0.000000000000000000e+00
8.528492573846695457e-01 0.000000000000000000e+00
8.539377695190917272e-01 0.000000000000000000e+00
8.550262816535139088e-01 0.000000000000000000e+00
8.561147937879358683e-01 0.000000000000000000e+00
8.572033059223580498e-01 0.000000000000000000e+00
8.582918180567800093e-01 0.000000000000000000e+00
8.593803301912021908e-01 0.000000000000000000e+00
8.604688423256243723e-01 0.000000000000000000e+00
8.615573544600464428e-01 0.000000000000000000e+00
8.626458665944686244e-01 0.000000000000000000e+00
8.637343787288905839e-01 0.000000000000000000e+00
8.648228908633127654e-01 0.000000000000000000e+00
8.659114029977349469e-01 0.000000000000000000e+00
8.669999151321570174e-01 0.000000000000000000e+00
8.680884272665791990e-01 0.000000000000000000e+00
8.691769394010011585e-01 0.000000000000000000e+00
8.702654515354233400e-01 0.000000000000000000e+00
8.713539636698455215e-01 0.000000000000000000e+00
8.724424758042674810e-01 0.000000000000000000e+00
8.735309879386896625e-01 0.000000000000000000e+00
8.746195000731117331e-01 0.000000000000000000e+00
8.757080122075339146e-01 0.000000000000000000e+00
8.767965243419560961e-01 0.000000000000000000e+00
8.778850364763780556e-01 0.000000000000000000e+00
8.789735486108002371e-01 0.000000000000000000e+00
8.800620607452223076e-01 0.000000000000000000e+00
8.811505728796444892e-01 0.000000000000000000e+00
8.822390850140666707e-01 0.000000000000000000e+00
8.833275971484886302e-01 0.000000000000000000e+00
8.844161092829108117e-01 0.000000000000000000e+00
8.855046214173327712e-01 0.000000000000000000e+00
8.865931335517549527e-01 0.000000000000000000e+00
8.876816456861771343e-01 0.000000000000000000e+00
8.887701578205992048e-01 0.000000000000000000e+00
8.898586699550213863e-01 0.000000000000000000e+00
8.909471820894433458e-01 0.000000000000000000e+00
8.920356942238655273e-01 0.000000000000000000e+00
8.931242063582877089e-01 0.000000000000000000e+00
8.942127184927097794e-01 0.000000000000000000e+00
8.953012306271319609e-01 0.000000000000000000e+00
8.963897427615539204e-01 0.000000000000000000e+00
8.974782548959761019e-01 0.000000000000000000e+00
8.985667670303982835e-01 0.000000000000000000e+00
8.996552791648202430e-01 0.000000000000000000e+00
9.007437912992424245e-01 0.000000000000000000e+00
9.018323034336646060e-01 0.000000000000000000e+00
9.029208155680866765e-01 0.000000000000000000e+00
9.040093277025088581e-01 0.000000000000000000e+00
9.050978398369308175e-01 0.000000000000000000e+00
9.061863519713529991e-01 0.000000000000000000e+00
9.072748641057751806e-01 0.000000000000000000e+00
9.083633762401972511e-01 0.000000000000000000e+00
9.094518883746194327e-01 0.000000000000000000e+00
9.105404005090413921e-01 0.000000000000000000e+00
9.116289126434635737e-01 0.000000000000000000e+00
9.127174247778857552e-01 0.000000000000000000e+00
9.138059369123077147e-01 0.000000000000000000e+00
9.148944490467298962e-01 0.000000000000000000e+00
9.159829611811519667e-01 0.000000000000000000e+00
9.170714733155741483e-01 0.000000000000000000e+00
9.181599854499963298e-01 0.000000000000000000e+00
9.192484975844182893e-01 0.000000000000000000e+00
9.203370097188404708e-01 0.000000000000000000e+00
9.214255218532625413e-01 0.000000000000000000e+00
9.225140339876847229e-01 0.000000000000000000e+00
9.236025461221069044e-01 0.000000000000000000e+00
9.246910582565288639e-01 0.000000000000000000e+00
9.257795703909510454e-01 0.000000000000000000e+00
9.268680825253730049e-01 0.000000000000000000e+00
9.279565946597951864e-01 0.000000000000000000e+00
9.290451067942173680e-01 0.000000000000000000e+00
9.301336189286394385e-01 0.000000000000000000e+00
9.312221310630616200e-01 0.000000000000000000e+00
9.323106431974835795e-01 0.000000000000000000e+00
9.333991553319057610e-01 0.000000000000000000e+00
9.344876674663279426e-01 0.000000000000000000e+00
9.355761796007500131e-01 0.000000000000000000e+00
9.366646917351721946e-01 0.000000000000000000e+00
9.377532038695941541e-01 0.000000000000000000e+00
9.388417160040163356e-01 0.000000000000000000e+00
9.399302281384385171e-01 0.000000000000000000e+00
9.410187402728604766e-01 0.000000000000000000e+00
9.421072524072826582e-01 0.000000000000000000e+00
9.431957645417047287e-01 0.000000000000000000e+00
9.442842766761269102e-01 0.000000000000000000e+00
9.453727888105490917e-01 0.000000000000000000e+00
9.464613009449710512e-01 0.000000000000000000e+00
9.475498130793932328e-01 0.000000000000000000e+00
9.486383252138154143e-01 0.000000000000000000e+00
9.497268373482374848e-01 0.000000000000000000e+00
9.508153494826596663e-01 0.000000000000000000e+00
9.519038616170816258e-01 0.000000000000000000e+00
9.529923737515038074e-01 0.000000000000000000e+00
9.540808858859259889e-01 0.000000000000000000e+00
9.551693980203479484e-01 0.000000000000000000e+00
9.562579101547701299e-01 0.000000000000000000e+00
9.573464222891922004e-01 0.000000000000000000e+00
9.584349344236143819e-01 0.000000000000000000e+00
9.595234465580365635e-01 0.000000000000000000e+00
9.606119586924585230e-01 0.000000000000000000e+00
9.617004708268807045e-01 0.000000000000000000e+00
9.627889829613027750e-01 0.000000000000000000e+00
9.638774950957249565e-01 0.000000000000000000e+00
9.649660072301471381e-01 0.000000000000000000e+00
9.660545193645690976e-01 0.000000000000000000e+00
9.671430314989912791e-01 0.000000000000000000e+00
9.682315436334132386e-01 0.000000000000000000e+00
9.693200557678354201e-01 0.000000000000000000e+00
9.704085679022576016e-01 0.000000000000000000e+00
9.714970800366796722e-01 0.000000000000000000e+00
9.725855921711018537e-01 0.000000000000000000e+00
9.736741043055238132e-01 0.000000000000000000e+00
9.747626164399459947e-01 0.000000000000000000e+00
9.758511285743681762e-01 0.000000000000000000e+00
9.769396407087902467e-01 0.000000000000000000e+00
9.780281528432124283e-01 0.000000000000000000e+00
9.791166649776343878e-01 0.000000000000000000e+00
9.802051771120565693e-01 0.000000000000000000e+00
9.812936892464787508e-01 0.000000000000000000e+00
9.823822013809007103e-01 0.000000000000000000e+00
9.834707135153228919e-01 0.000000000000000000e+00
9.845592256497449624e-01 0.000000000000000000e+00
9.856477377841671439e-01 0.000000000000000000e+00
9.867362499185893254e-01 0.000000000000000000e+00
9.878247620530112849e-01 0.000000000000000000e+00
9.889132741874334664e-01 0.000000000000000000e+00
9.900017863218555370e-01 0.000000000000000000e+00
9.910902984562777185e-01 0.000000000000000000e+00
9.921788105906999000e-01 0.000000000000000000e+00
9.932673227251218595e-01 0.000000000000000000e+00
9.943558348595440410e-01 0.000000000000000000e+00
9.954443469939662226e-01 0.000000000000000000e+00
9.965328591283881821e-01 0.000000000000000000e+00
9.976213712628103636e-01 0.000000000000000000e+00
9.987098833972324341e-01 0.000000000000000000e+00
9.997983955316546156e-01 0.000000000000000000e+00
