# q (1/angstrom), Intensity (arb)
5.442561321563801468e-04 1.046587503143735276e+00
1.632768266578491423e-03 1.804511247626921389e+00
2.721280401000602915e-03 1.212927962807343718e+00
3.809792535422714191e-03 5.849176611691877525e-01
4.898304669844825467e-03 8.914260760802967809e-01
5.986816804266936742e-03 1.387368473515923739e+00
7.075328938689048018e-03 1.274919167581835211e+00
8.163841073111159294e-03 1.720398295978768033e+00
9.252353207533271437e-03 1.564900635848099242e+00
1.034086534195538185e-02 1.525066724624341674e+00
1.142937747637749399e-02 1.614957440330533345e+00
1.251788961079960440e-02 1.443419923075454747e+00
1.360640174522171481e-02 1.215545032561513139e+00
1.469491387964382695e-02 1.048950462908431192e+00
1.578342601406593909e-02 1.158224550518188067e+00
1.687193814848804777e-02 3.258932715286766424e+00
1.796045028291015991e-02 9.452072026098811364e+00
1.904896241733227205e-02 1.500629720536745637e+01
2.013747455175438072e-02 1.967444502762606007e+01
2.122598668617649287e-02 2.358450321064718125e+01
2.231449882059860501e-02 2.427457329144752762e+01
2.340301095502071715e-02 2.557774643888447841e+01
2.449152308944282930e-02 2.596286760376066383e+01
2.558003522386494144e-02 2.699067977012272124e+01
2.666854735828705011e-02 2.846833877569150673e+01
2.775705949270916573e-02 2.698469722116155012e+01
2.884557162713127440e-02 2.688338032902736074e+01
2.993408376155338307e-02 2.791185131695602450e+01
3.102259589597549869e-02 2.819218965080561290e+01
3.211110803039760736e-02 2.715085640152342705e+01
3.319962016481971950e-02 2.707279388648052176e+01
3.428813229924183165e-02 2.622579841385439892e+01
3.537664443366394379e-02 2.561574504929804874e+01
3.646515656808604899e-02 2.485602153153948990e+01
3.755366870250816808e-02 2.356331567736977561e+01
3.864218083693027328e-02 2.284356620617061751e+01
3.973069297135238542e-02 2.308180522827039383e+01
4.081920510577449757e-02 2.234343028655896646e+01
4.190771724019660971e-02 2.107091555516903725e+01
4.299622937461872185e-02 2.072698923534742832e+01
4.408474150904083400e-02 1.980712990321303835e+01
4.517325364346294614e-02 1.933085686320223573e+01
4.626176577788505134e-02 1.910010964030831104e+01
4.735027791230717042e-02 1.870782903600146696e+01
4.843879004672927563e-02 1.798376142447713377e+01
4.952730218115138777e-02 1.840202078334365154e+01
5.061581431557350685e-02 1.780000528096584844e+01
5.170432644999561900e-02 1.786062469398487451e+01
5.279283858441772420e-02 1.747644896662724179e+01
5.388135071883984328e-02 1.710454251180697582e+01
5.496986285326195543e-02 1.674101192084866341e+01
5.605837498768406063e-02 1.657724977026655466e+01
5.714688712210617277e-02 1.594765231042977938e+01
5.823539925652829186e-02 1.528221378076763237e+01
5.932391139095039012e-02 1.482694600489021397e+01
6.041242352537250920e-02 1.432195795109037562e+01
6.150093565979462135e-02 1.320779788140860944e+01
6.258944779421672655e-02 1.237149327810746513e+01
6.367795992863883869e-02 1.232823336370730516e+01
6.476647206306095084e-02 1.217822135581404730e+01
6.585498419748306298e-02 1.169859469424347687e+01
6.694349633190517512e-02 1.160950632038496977e+01
6.803200846632728727e-02 1.142314302048670172e+01
6.912052060074939941e-02 1.089785799024497592e+01
7.020903273517151155e-02 1.037337257879780772e+01
7.129754486959362370e-02 9.791532951486914271e+00
7.238605700401572196e-02 9.591614162666097343e+00
7.347456913843784798e-02 9.439653269271881086e+00
7.456308127285996012e-02 9.386334792066996613e+00
7.565159340728205839e-02 8.891743044696941212e+00
7.674010554170418441e-02 8.781752453990405272e+00
7.782861767612629655e-02 8.453519620344655650e+00
7.891712981054839482e-02 8.271984337144171917e+00
8.000564194497050696e-02 8.005374014209163391e+00
8.109415407939263298e-02 7.641633879881092994e+00
8.218266621381473125e-02 7.543972838848706175e+00
8.327117834823684339e-02 7.207526059491904391e+00
8.435969048265895553e-02 6.955454167329319759e+00
8.544820261708106768e-02 7.099131754473912537e+00
8.653671475150317982e-02 7.205611283197047356e+00
8.762522688592529196e-02 6.783025731602675634e+00
8.871373902034740411e-02 6.215547863544649942e+00
8.980225115476951625e-02 6.235045736448638465e+00
9.089076328919162839e-02 6.012814815155426373e+00
9.197927542361372666e-02 5.904385793028479767e+00
9.306778755803585268e-02 5.761543994657374768e+00
9.415629969245796482e-02 5.744725644414987897e+00
9.524481182688006309e-02 5.425597812463774261e+00
9.633332396130217523e-02 5.285375233067933110e+00
9.742183609572430125e-02 4.963313313120481851e+00
9.851034823014639952e-02 5.080761424980940077e+00
9.959886036456851166e-02 4.935329561184229163e+00
1.006873724989906238e-01 4.214647474485568424e+00
1.017758846334127498e-01 3.713220396224270914e+00
1.028643967678348620e-01 4.042656340071973275e+00
1.039529089022569464e-01 3.978241685435769170e+00
1.050414210366790724e-01 4.035543133220166112e+00
1.061299331711011845e-01 3.957357881882833439e+00
1.072184453055232967e-01 3.804909686851411621e+00
1.083069574399454088e-01 3.499629268930794623e+00
1.093954695743675209e-01 3.239226174439465922e+00
1.104839817087896192e-01 3.307213079564341740e+00
1.115724938432117314e-01 3.177191421249716541e+00
1.126610059776338435e-01 3.303130287878627058e+00
1.137495181120559695e-01 3.267983038380750216e+00
1.148380302464780817e-01 2.861504093338668397e+00
1.159265423809001938e-01 3.094131106057631087e+00
1.170150545153222921e-01 3.012290303408773795e+00
1.181035666497444042e-01 2.692616239601047567e+00
1.191920787841665164e-01 2.626122750860632848e+00
1.202805909185886285e-01 2.617449703618893508e+00
1.213691030530107406e-01 2.630150801470357180e+00
1.224576151874328667e-01 2.493060222206112897e+00
1.235461273218549511e-01 2.304598897593239215e+00
1.246346394562770632e-01 2.401941079868334938e+00
1.257231515906991892e-01 2.487904530189013030e+00
1.268116637251212875e-01 2.160268737380416582e+00
1.279001758595434135e-01 2.022613903911334887e+00
1.289886879939655395e-01 2.243747315777882889e+00
1.300772001283876100e-01 2.205023372716873098e+00
1.311657122628097361e-01 1.988973061570652234e+00
1.322542243972318621e-01 2.163211684362517317e+00
1.333427365316539603e-01 2.106037885122249875e+00
1.344312486660760864e-01 1.951143171729050607e+00
1.355197608004981846e-01 1.671974792599741022e+00
1.366082729349202829e-01 1.586851948922250344e+00
1.376967850693424089e-01 1.500783431433061921e+00
1.387852972037645072e-01 1.415222338126454815e+00
1.398738093381866332e-01 1.723289188732042732e+00
1.409623214726087592e-01 1.916094003691629410e+00
1.420508336070308575e-01 1.911363352235468938e+00
1.431393457414529835e-01 1.690051324830401214e+00
1.442278578758750818e-01 1.666136127475013495e+00
1.453163700102971800e-01 1.656275700549871388e+00
1.464048821447193061e-01 1.444507987336569599e+00
1.474933942791414043e-01 1.646171882586967783e+00
1.485819064135635303e-01 1.574158400593558937e+00
1.496704185479856564e-01 1.448097068132806697e+00
1.507589306824077546e-01 1.368463316049957967e+00
1.518474428168298529e-01 1.300554069679680680e+00
1.529359549512519789e-01 1.317177210629402850e+00
1.540244670856740772e-01 1.528561147751441140e+00
1.551129792200962032e-01 1.336436490617652240e+00
1.562014913545183292e-01 1.481969737876939419e+00
1.572900034889403997e-01 1.279775408101373912e+00
1.583785156233625258e-01 1.133324875162982082e+00
1.594670277577846518e-01 1.193210741996471924e+00
1.605555398922067500e-01 1.365928099347854641e+00
1.616440520266288761e-01 1.228565642279951575e+00
1.627325641610509743e-01 1.269922385740986925e+00
1.638210762954730726e-01 1.288736354996693478e+00
1.649095884298951986e-01 1.233782567442531786e+00
1.659981005643172969e-01 1.340556208441855190e+00
1.670866126987394229e-01 1.142510876171961343e+00
1.681751248331615489e-01 1.246016721258603965e+00
1.692636369675836472e-01 1.357314435694277677e+00
1.703521491020057455e-01 1.295756185702209962e+00
1.714406612364278715e-01 1.250598174972626708e+00
1.725291733708499697e-01 1.277068502404183903e+00
1.736176855052720958e-01 1.259178270339607053e+00
1.747061976396941940e-01 1.318697800347088389e+00
1.757947097741163200e-01 1.029312083310474080e+00
1.768832219085384183e-01 1.109723367692382112e+00
1.779717340429605166e-01 1.204664298957952795e+00
1.790602461773826426e-01 1.181436708670508651e+00
1.801487583118047686e-01 1.285319338826566238e+00
1.812372704462268669e-01 1.409821802006010927e+00
1.823257825806489929e-01 1.254565453212219239e+00
1.834142947150710912e-01 1.203249811198023878e+00
1.845028068494931894e-01 1.165962478574556371e+00
1.855913189839153155e-01 1.052064244361515577e+00
1.866798311183374137e-01 1.090493196752611027e+00
1.877683432527595397e-01 1.180835162275371886e+00
1.888568553871816658e-01 1.286414243461051043e+00
1.899453675216037363e-01 1.327459661842382843e+00
1.910338796560258623e-01 1.192156251302604275e+00
1.921223917904479883e-01 1.264760437834377527e+00
1.932109039248700866e-01 1.298707189776772353e+00
1.942994160592922126e-01 1.092455282606612954e+00
1.953879281937143109e-01 1.089208374500369558e+00
1.964764403281364091e-01 1.238442199272382638e+00
1.975649524625585352e-01 1.363942621773201580e+00
1.986534645969806334e-01 1.330472022079028704e+00
1.997419767314027594e-01 1.144378033691763719e+00
2.008304888658248855e-01 3.767048920374129750e-01
2.019190010002469560e-01 0.000000000000000000e+00
2.030075131346691097e-01 9.449480727753680753e-01
2.040960252690912080e-01 1.204251614581540508e+00
2.051845374035133340e-01 1.339983249370490626e+00
2.062730495379354323e-01 1.363473617257586312e+00
2.073615616723575306e-01 1.212768380287814196e+00
2.084500738067796566e-01 1.209533900235646442e+00
2.095385859412017548e-01 1.253929709732164000e+00
2.106270980756238809e-01 1.189202032991575564e+00
2.117156102100459791e-01 1.234606877520727508e+00
2.128041223444681052e-01 1.229358267382835379e+00
2.138926344788902034e-01 9.804894312370588949e-01
2.149811466133123017e-01 9.934759310477883076e-01
2.160696587477344277e-01 1.113481957384180987e+00
2.171581708821565260e-01 1.100262234979798137e+00
2.182466830165786797e-01 1.258587219432442339e+00
2.193351951510007503e-01 1.230664475626793930e+00
2.204237072854228485e-01 1.263739585262152687e+00
2.215122194198450023e-01 1.141573579295410923e+00
2.226007315542670728e-01 1.085805890449909938e+00
2.236892436886892266e-01 1.193206977276647152e+00
2.247777558231113249e-01 1.168043111396992018e+00
2.258662679575334509e-01 1.137551843608065383e+00
2.269547800919555491e-01 1.270237246965058020e+00
2.280432922263776474e-01 1.249581774302352954e+00
2.291318043607997734e-01 1.209622584264950618e+00
2.302203164952218717e-01 1.270349913038062439e+00
2.313088286296439977e-01 1.165602375412120750e+00
2.323973407640660960e-01 1.121777728148858344e+00
2.334858528984881942e-01 1.298854470599145827e+00
2.345743650329103203e-01 1.248537725665133991e+00
2.356628771673324185e-01 1.155043584156940639e+00
2.367513893017545445e-01 1.106810454451332859e+00
2.378399014361766428e-01 9.560816723795557692e-01
2.389284135705987966e-01 9.648283405988316019e-01
2.400169257050208671e-01 8.515867781117378854e-01
2.411054378394429654e-01 1.048355558812964716e+00
2.421939499738651191e-01 1.100207043961351161e+00
2.432824621082871897e-01 1.019463839594404675e+00
2.443709742427093434e-01 1.104314872657706559e+00
2.454594863771314417e-01 1.123312953157334704e+00
2.465479985115535122e-01 9.813957831867430315e-01
2.476365106459756660e-01 1.083908409866314315e+00
2.487250227803977642e-01 1.198996018536750086e+00
2.498135349148198903e-01 1.038811991045545113e+00
2.509020470492419608e-01 1.030128310539597081e+00
2.519905591836641423e-01 1.175550858104150720e+00
2.530790713180862128e-01 1.204267125743339051e+00
2.541675834525082833e-01 1.272575818980056894e+00
2.552560955869304649e-01 1.124526143201949324e+00
2.563446077213525354e-01 1.078075251478722407e+00
2.574331198557746614e-01 1.239043683245430572e+00
2.585216319901967874e-01 1.180411771177695357e+00
2.596101441246188579e-01 1.169971862700872833e+00
2.606986562590409839e-01 9.997203151640619012e-01
2.617871683934631100e-01 1.051554740393989107e+00
2.628756805278852360e-01 1.092142389111486978e+00
2.639641926623073065e-01 1.073460998753203555e+00
2.650527047967294325e-01 1.140787660174837015e+00
2.661412169311515585e-01 1.172093922640737418e+00
2.672297290655736290e-01 1.153565989036898998e+00
2.683182411999957551e-01 1.059991019037203941e+00
2.694067533344178811e-01 1.246595336420678990e+00
2.704952654688400071e-01 1.224921063266883436e+00
2.715837776032620776e-01 1.087650598851226391e+00
2.726722897376842036e-01 9.818775027617654416e-01
2.737608018721063297e-01 1.054187942685217649e+00
2.748493140065284002e-01 1.057724607216471213e+00
2.759378261409505817e-01 1.170572215648800096e+00
2.770263382753726522e-01 1.208385389497237838e+00
2.781148504097947782e-01 1.140801927317884434e+00
2.792033625442169043e-01 1.186029348488304436e+00
2.802918746786389748e-01 1.020552540087814819e+00
2.813803868130611008e-01 9.919859305651907988e-01
2.824688989474832268e-01 1.080817161216645061e+00
2.835574110819053528e-01 1.061637052112164525e+00
2.846459232163274233e-01 9.512694459048915974e-01
2.857344353507495494e-01 1.120242439905139165e+00
2.868229474851716754e-01 1.156249452640736308e+00
2.879114596195937459e-01 1.233605985421636575e+00
2.889999717540158719e-01 1.213898322254649997e+00
2.900884838884379979e-01 1.064582600362237841e+00
2.911769960228601239e-01 1.011429723943992443e+00
2.922655081572821945e-01 1.095381911988416945e+00
2.933540202917043205e-01 1.144626587728081901e+00
2.944425324261264465e-01 1.140771937202616826e+00
2.955310445605485170e-01 1.123421405794253758e+00
2.966195566949706985e-01 9.818559060864053833e-01
2.977080688293927691e-01 1.070269094493710327e+00
2.987965809638148951e-01 1.031512927471348817e+00
2.998850930982370211e-01 1.050290358024870585e+00
3.009736052326590916e-01 1.194556126619835013e+00
3.020621173670812176e-01 9.542075636913391889e-01
3.031506295015033436e-01 8.846959375808403081e-01
3.042391416359254697e-01 1.043199111721856198e+00
3.053276537703475402e-01 1.110920257719737236e+00
3.064161659047696662e-01 1.113840821387388047e+00
3.075046780391917922e-01 1.101982173554517885e+00
3.085931901736138627e-01 1.111650952932778935e+00
3.096817023080360443e-01 9.688509001282703537e-01
3.107702144424581148e-01 1.066851365894889270e+00
3.118587265768802408e-01 1.099373233616329770e+00
3.129472387113023668e-01 1.064678633277889475e+00
3.140357508457244373e-01 1.137988286692957374e+00
3.151242629801465633e-01 9.952818794255069434e-01
3.162127751145686894e-01 1.030836865613231623e+00
3.173012872489908154e-01 1.086580148438535787e+00
3.183897993834128859e-01 1.039903418018884196e+00
3.194783115178350119e-01 1.145797978921887506e+00
3.205668236522571379e-01 1.177170622626700691e+00
3.216553357866792084e-01 1.064485102515908110e+00
3.227438479211013345e-01 1.112316480132507834e+00
3.238323600555234605e-01 1.110984389875225631e+00
3.249208721899455865e-01 1.068358820621424954e+00
3.260093843243676570e-01 9.336315015430329822e-01
3.270978964587897830e-01 9.839169864166734669e-01
3.281864085932119091e-01 1.022761179421534550e+00
3.292749207276339796e-01 1.004394881669210093e+00
3.303634328620561611e-01 1.042003364233911711e+00
3.314519449964782316e-01 9.352546070174518889e-01
3.325404571309003021e-01 1.011681069687144330e+00
3.336289692653224837e-01 9.134933056250194028e-01
3.347174813997445542e-01 9.906874584539338002e-01
3.358059935341666802e-01 1.053063465194149728e+00
3.368945056685888062e-01 9.996415576825565807e-01
3.379830178030109322e-01 1.079168754731394841e+00
3.390715299374330027e-01 1.132505234296861119e+00
3.401600420718551288e-01 1.067231300985865161e+00
3.412485542062772548e-01 1.259098982162026203e+00
3.423370663406993253e-01 1.155178834408765454e+00
3.434255784751214513e-01 9.787635491152624212e-01
3.445140906095435773e-01 1.175241658556981150e+00
3.456026027439656478e-01 1.221519107949935901e+00
3.466911148783877739e-01 1.142207576026342153e+00
3.477796270128098999e-01 1.115105232528899037e+00
3.488681391472320259e-01 1.013563948430805439e+00
3.499566512816540964e-01 1.038970805970841127e+00
3.510451634160762779e-01 1.149047813524518347e+00
3.521336755504983484e-01 1.069116049308533434e+00
3.532221876849204190e-01 1.098819992062106010e+00
3.543106998193426005e-01 1.057025482379007286e+00
3.553992119537646710e-01 9.354963247494048062e-01
3.564877240881867970e-01 1.056870431960954093e+00
3.575762362226089230e-01 1.158261588471397374e+00
3.586647483570310491e-01 1.052375162903880224e+00
3.597532604914531196e-01 9.235618141246497714e-01
3.608417726258752456e-01 1.097560503115674990e+00
3.619302847602973716e-01 1.183100373155108187e+00
3.630187968947194421e-01 1.081840110884456863e+00
3.641073090291415681e-01 1.032128120417112882e+00
3.651958211635636942e-01 8.470792426242201856e-01
3.662843332979857647e-01 9.162797415601815487e-01
3.673728454324078907e-01 1.099055706822081646e+00
3.684613575668300167e-01 1.002211473439334810e+00
3.695498697012521427e-01 1.010550238682027313e+00
3.706383818356742132e-01 1.089781544943246416e+00
3.717268939700963948e-01 1.208865535961399118e+00
3.728154061045184653e-01 1.255892883685488570e+00
3.739039182389405358e-01 1.260625094028782200e+00
3.749924303733627173e-01 1.250346855665867452e+00
3.760809425077847878e-01 1.180620142185659915e+00
3.771694546422069139e-01 1.046268511222390174e+00
3.782579667766290399e-01 1.148521674358670808e+00
3.793464789110511104e-01 1.135267314978980480e+00
3.804349910454732364e-01 1.120998304536300338e+00
3.815235031798953624e-01 1.071612033135627584e+00
3.826120153143174885e-01 1.042854783355249282e+00
3.837005274487395590e-01 1.047844738957136812e+00
3.847890395831616850e-01 1.129896449235390676e+00
3.858775517175838110e-01 1.016335824367894602e+00
3.869660638520058815e-01 1.013311639973263567e+00
3.880545759864280075e-01 1.136422430246220472e+00
3.891430881208501336e-01 9.914785725495747215e-01
3.902316002552722596e-01 9.844325312866537558e-01
3.913201123896943301e-01 1.137021057975820426e+00
3.924086245241164561e-01 1.053619509260617093e+00
3.934971366585385821e-01 9.526004975900654870e-01
3.945856487929606526e-01 9.555758448981901410e-01
3.956741609273828342e-01 1.124680116598486990e+00
3.967626730618049047e-01 1.039374459514327498e+00
3.978511851962270307e-01 9.811345276398100168e-01
3.989396973306491567e-01 9.939895511808991557e-01
4.000282094650711717e-01 9.823415674030755440e-01
4.011167215994933533e-01 9.172396425911699680e-01
4.022052337339154793e-01 1.002799013556204599e+00
4.032937458683375498e-01 1.021215948298232590e+00
4.043822580027597313e-01 1.033876518428968438e+00
4.054707701371818018e-01 1.163962827940217437e+00
4.065592822716039278e-01 1.182261488882595302e+00
4.076477944060259984e-01 1.034055606514167280e+00
4.087363065404481244e-01 1.149643306252464470e+00
4.098248186748703059e-01 1.078474996183386381e+00
4.109133308092923764e-01 9.852046223632378030e-01
4.120018429437144469e-01 9.209569866346551947e-01
4.130903550781365730e-01 1.002286614116616903e+00
4.141788672125586435e-01 1.030036516715602701e+00
4.152673793469808250e-01 9.581193528244931201e-01
4.163558914814029510e-01 1.120546067923134714e+00
4.174444036158250215e-01 1.179758992678179297e+00
4.185329157502470920e-01 1.055752396005013694e+00
4.196214278846692181e-01 9.568198715472284732e-01
4.207099400190913996e-01 1.026929905383125785e+00
4.217984521535134701e-01 1.037790295273962826e+00
4.228869642879355961e-01 1.028415140240758419e+00
4.239754764223576666e-01 9.734898965042120267e-01
4.250639885567798482e-01 1.022285403092093148e+00
4.261525006912019187e-01 9.360429246235231204e-01
4.272410128256240447e-01 1.082208706828984290e+00
4.283295249600461152e-01 1.087500116315439413e+00
4.294180370944682412e-01 9.614144409533356139e-01
4.305065492288904228e-01 1.085508106121105598e+00
4.315950613633124933e-01 1.180929054883501195e+00
4.326835734977345638e-01 1.094798166593195177e+00
4.337720856321566898e-01 9.976407143309060643e-01
4.348605977665787603e-01 9.478423276120064855e-01
4.359491099010009418e-01 1.076120219027435709e+00
4.370376220354230679e-01 1.125599293983114535e+00
4.381261341698451384e-01 1.024867714996760881e+00
4.392146463042672089e-01 1.028109279607724247e+00
4.403031584386893349e-01 1.030157698549976075e+00
4.413916705731115164e-01 1.039117704281908416e+00
4.424801827075335869e-01 1.144818484032965600e+00
4.435686948419557130e-01 1.064048629418687497e+00
4.446572069763777835e-01 1.019934877622791447e+00
4.457457191107998540e-01 1.072356919503858919e+00
4.468342312452220355e-01 9.999104114679404631e-01
4.479227433796441615e-01 1.054235631266219997e+00
4.490112555140662320e-01 1.076661261352807486e+00
4.500997676484883581e-01 1.044531449608747664e+00
4.511882797829105396e-01 1.026197838714921318e+00
4.522767919173326101e-01 1.057424698999227530e+00
4.533653040517546806e-01 1.061710804218444437e+00
4.544538161861768066e-01 1.094266059365214261e+00
4.555423283205988771e-01 1.018811316887559215e+00
4.566308404550210587e-01 1.014187728428739277e+00
4.577193525894431847e-01 1.020653756102928966e+00
4.588078647238652552e-01 9.997237302972283857e-01
4.598963768582873257e-01 1.117858747934558750e+00
4.609848889927094517e-01 1.016495919326738218e+00
4.620734011271316333e-01 1.008868183774914939e+00
4.631619132615537038e-01 1.049061498054605579e+00
4.642504253959758298e-01 1.098443251620773609e+00
4.653389375303979003e-01 1.065542810336738810e+00
4.664274496648199708e-01 9.809588655602770046e-01
4.675159617992421524e-01 1.004713529058221866e+00
4.686044739336642784e-01 9.862484121839205642e-01
4.696929860680863489e-01 9.633855301643894364e-01
4.707814982025084749e-01 1.010816554311819715e+00
4.718700103369305454e-01 1.175286598310870900e+00
4.729585224713527269e-01 1.108617693811888572e+00
4.740470346057747975e-01 1.086933474343217298e+00
4.751355467401969235e-01 9.652818526422546341e-01
4.762240588746189940e-01 1.002884660378139614e+00
4.773125710090411755e-01 9.705614642001929582e-01
4.784010831434633015e-01 9.095616932833099355e-01
4.794895952778853720e-01 9.722263642462589672e-01
4.805781074123074426e-01 1.051263317103737549e+00
4.816666195467295686e-01 1.079456971333931037e+00
4.827551316811517501e-01 1.067204988699351986e+00
4.838436438155738206e-01 1.191529807851441802e+00
4.849321559499959466e-01 1.107376230852766597e+00
4.860206680844180172e-01 1.117346539062353372e+00
4.871091802188400877e-01 1.042422396142923091e+00
4.881976923532622692e-01 1.102854246232542579e+00
4.892862044876843952e-01 1.050027098688120830e+00
4.903747166221064657e-01 1.098703180028621773e+00
4.914632287565285917e-01 9.825155549748529893e-01
4.925517408909506623e-01 9.609304568554719594e-01
4.936402530253728438e-01 9.587639954251354624e-01
4.947287651597949143e-01 9.523253530295772151e-01
4.958172772942170403e-01 1.060036365031784555e+00
4.969057894286391108e-01 1.168940946153801619e+00
4.979943015630612924e-01 1.238686643253089414e+00
4.990828136974834184e-01 1.113934663685864024e+00
5.001713258319054889e-01 9.681560367983514936e-01
5.012598379663275594e-01 1.072038358514468825e+00
5.023483501007496299e-01 1.152565852532363877e+00
5.034368622351718114e-01 1.218338008714415110e+00
5.045253743695939930e-01 1.067696986691482053e+00
5.056138865040160635e-01 1.158211116280343234e+00
5.067023986384381340e-01 9.734483843879520037e-01
5.077909107728602045e-01 9.344385565207780076e-01
5.088794229072823860e-01 9.157114932695424869e-01
5.099679350417044565e-01 9.272486112970703687e-01
5.110564471761266381e-01 9.931210806485033515e-01
5.121449593105487086e-01 1.086114867006195084e+00
5.132334714449707791e-01 9.947724048180095480e-01
5.143219835793929606e-01 9.395302503159488339e-01
5.154104957138150311e-01 9.014842371748770233e-01
5.164990078482371016e-01 1.033685797446691979e+00
5.175875199826592832e-01 1.015915347904741139e+00
5.186760321170813537e-01 1.063387996235748645e+00
5.197645442515035352e-01 1.145730420757502088e+00
5.208530563859256057e-01 1.107211043465158085e+00
5.219415685203476762e-01 9.515159498452714359e-01
5.230300806547697468e-01 1.026403277725991714e+00
5.241185927891919283e-01 1.019293968965797603e+00
5.252071049236141098e-01 1.044142750993426461e+00
5.262956170580361803e-01 1.032589064961895176e+00
5.273841291924582508e-01 9.589286614477323667e-01
5.284726413268803213e-01 9.400170720517166956e-01
5.295611534613025029e-01 1.010510366752933820e+00
5.306496655957245734e-01 9.456431347637934692e-01
5.317381777301467549e-01 9.872870945042020452e-01
5.328266898645688254e-01 1.043905786626892152e+00
5.339152019989908959e-01 1.041657030070467727e+00
5.350037141334130775e-01 1.085653858460704058e+00
5.360922262678351480e-01 1.028828418865343153e+00
5.371807384022572185e-01 1.057466150585636200e+00
5.382692505366794000e-01 9.243035850352114835e-01
5.393577626711014705e-01 9.669889644636882053e-01
5.404462748055236521e-01 1.064085296353461274e+00
5.415347869399457226e-01 1.195747685538361083e+00
5.426232990743677931e-01 1.105172777582559718e+00
5.437118112087898636e-01 1.021798176766193222e+00
5.448003233432120451e-01 1.004336830506440847e+00
5.458888354776342267e-01 1.035861670668509760e+00
5.469773476120562972e-01 9.796076117489604940e-01
5.480658597464783677e-01 9.228240118771129374e-01
5.491543718809004382e-01 1.026999104126705475e+00
5.502428840153226197e-01 1.111382828700818948e+00
5.513313961497446902e-01 1.079004178964838800e+00
5.524199082841668718e-01 1.083488985625100653e+00
5.535084204185889423e-01 9.978335636763944194e-01
5.545969325530110128e-01 9.646016898332643308e-01
5.556854446874331943e-01 9.448510894404407168e-01
5.567739568218552648e-01 1.089943406010096538e+00
5.578624689562773353e-01 1.053294976726112608e+00
5.589509810906995169e-01 1.023516017928470134e+00
5.600394932251215874e-01 1.046353872323388501e+00
5.611280053595437689e-01 1.007855263259402889e+00
5.622165174939658394e-01 9.057003972415262893e-01
5.633050296283879099e-01 9.570004686585171783e-01
5.643935417628099804e-01 1.034052094018349521e+00
5.654820538972321620e-01 1.026699802134274364e+00
5.665705660316543435e-01 9.928172915274231514e-01
5.676590781660764140e-01 1.014937518247476689e+00
5.687475903004984845e-01 1.039411160795559397e+00
5.698361024349205550e-01 1.066495574933595591e+00
5.709246145693427366e-01 1.102673745922132298e+00
5.720131267037648071e-01 1.021364191574722469e+00
5.731016388381869886e-01 1.089925473804649769e+00
5.741901509726090591e-01 1.009343387073355913e+00
5.752786631070311296e-01 1.017495756275403451e+00
5.763671752414533112e-01 1.085882716666681347e+00
5.774556873758753817e-01 1.055400830064417761e+00
5.785441995102974522e-01 9.796048539828134949e-01
5.796327116447196337e-01 1.003147167495809455e+00
5.807212237791417042e-01 1.120793797088390775e+00
5.818097359135638857e-01 1.065876350507458881e+00
5.828982480479859563e-01 1.082177250193913309e+00
5.839867601824080268e-01 1.035276697157916814e+00
5.850752723168300973e-01 1.012348688951577813e+00
5.861637844512522788e-01 9.768588299747822390e-01
5.872522965856744603e-01 1.028052318135019405e+00
5.883408087200965308e-01 1.003139280935299027e+00
5.894293208545186014e-01 1.036408737357623622e+00
5.905178329889406719e-01 1.061662120321726022e+00
5.916063451233627424e-01 1.046909971996324629e+00
5.926948572577849239e-01 1.101153638919591060e+00
5.937833693922071054e-01 1.089448460984190348e+00
5.948718815266291760e-01 1.075901189018861004e+00
5.959603936610512465e-01 1.080604136878973165e+00
5.970489057954734280e-01 1.055808733878405903e+00
5.981374179298954985e-01 9.989113266664144675e-01
5.992259300643175690e-01 9.851815482907255728e-01
6.003144421987397505e-01 1.077286162503234834e+00
6.014029543331618211e-01 9.794216771189905302e-01
6.024914664675840026e-01 9.658449749966937503e-01
6.035799786020060731e-01 9.664049872209936609e-01
6.046684907364281436e-01 1.041311425837118776e+00
6.057570028708503251e-01 1.036032034052206896e+00
6.068455150052723956e-01 1.071701045649195549e+00
6.079340271396945772e-01 1.052295023262841411e+00
6.090225392741166477e-01 1.102052678101996364e+00
6.101110514085387182e-01 1.036752399115062673e+00
6.111995635429607887e-01 1.039584368795249958e+00
6.122880756773829702e-01 1.088533765859796887e+00
6.133765878118051518e-01 9.845778220975631712e-01
6.144650999462272223e-01 9.274170985003387102e-01
6.155536120806492928e-01 1.048427888282269294e+00
6.166421242150713633e-01 1.055023624126434356e+00
6.177306363494934338e-01 9.671523770798877706e-01
6.188191484839156153e-01 9.403629033207021592e-01
6.199076606183377969e-01 1.007786597927800898e+00
6.209961727527598674e-01 1.020844747424924037e+00
6.220846848871819379e-01 9.267916935493456521e-01
6.231731970216041194e-01 1.025576217077173169e+00
6.242617091560261899e-01 1.021763672511989185e+00
6.253502212904482604e-01 1.012743256346658072e+00
6.264387334248704420e-01 1.023570915122732572e+00
6.275272455592925125e-01 1.047114549103071113e+00
6.286157576937146940e-01 1.015114835070114907e+00
6.297042698281367645e-01 1.014707233370277351e+00
6.307927819625588350e-01 9.391884470734535029e-01
6.318812940969809056e-01 9.390303046086394545e-01
6.329698062314030871e-01 1.077020988149472558e+00
6.340583183658252686e-01 1.087693778553733281e+00
6.351468305002473391e-01 1.013417406263357634e+00
6.362353426346694096e-01 1.031396735078102367e+00
6.373238547690914801e-01 1.076199741076479199e+00
6.384123669035135507e-01 1.033525497628840384e+00
6.395008790379357322e-01 1.082147711261042033e+00
6.405893911723579137e-01 1.007042792636347883e+00
6.416779033067799842e-01 9.454363395551084182e-01
6.427664154412020547e-01 1.020310005012534660e+00
6.438549275756242363e-01 9.518850715180366961e-01
6.449434397100463068e-01 9.719279237507674196e-01
6.460319518444683773e-01 9.789773572379019129e-01
6.471204639788905588e-01 9.991087521105797009e-01
6.482089761133126293e-01 1.035973640188720069e+00
6.492974882477348109e-01 1.050933509809704347e+00
6.503860003821568814e-01 1.004859638698931690e+00
6.514745125165789519e-01 9.066037624050409249e-01
6.525630246510010224e-01 9.922655862835920715e-01
6.536515367854232039e-01 1.003365065003302803e+00
6.547400489198453855e-01 9.739405960108040716e-01
6.558285610542674560e-01 1.020151613411433900e+00
6.569170731886895265e-01 1.075451988280979876e+00
6.580055853231115970e-01 1.063219507671295361e+00
6.590940974575336675e-01 1.011338060830846430e+00
6.601826095919558490e-01 1.042845608387967360e+00
6.612711217263780306e-01 9.797338788885134875e-01
6.623596338608001011e-01 1.003865233268243173e+00
6.634481459952221716e-01 1.092652254640697151e+00
6.645366581296442421e-01 1.063839281640733603e+00
6.656251702640664236e-01 1.038648176998872685e+00
6.667136823984884941e-01 1.105124159760656255e+00
6.678021945329106757e-01 1.025793242992818932e+00
6.688907066673327462e-01 9.779170539923285332e-01
6.699792188017549277e-01 1.025783754908751177e+00
6.710677309361769982e-01 9.475394549282913914e-01
6.721562430705990687e-01 1.001134063674959052e+00
6.732447552050211392e-01 9.849593439492299041e-01
6.743332673394433208e-01 1.004353306978901017e+00
6.754217794738655023e-01 1.032218586795675463e+00
6.765102916082875728e-01 9.902272804635003922e-01
6.775988037427096433e-01 9.134794447436789255e-01
6.786873158771317138e-01 9.932834074585379369e-01
6.797758280115537843e-01 9.601897379906407792e-01
6.808643401459759659e-01 9.233337115237372217e-01
6.819528522803981474e-01 1.021375680668040076e+00
6.830413644148202179e-01 1.042618532303308143e+00
6.841298765492422884e-01 9.784544559384809048e-01
6.852183886836643589e-01 9.419382329552714594e-01
6.863069008180865405e-01 1.027242812178894127e+00
6.873954129525086110e-01 1.093189846619942784e+00
6.884839250869307925e-01 1.051990991416943189e+00
6.895724372213528630e-01 1.052018264801235503e+00
6.906609493557749335e-01 9.589467891851644055e-01
6.917494614901971151e-01 9.854130581139344258e-01
6.928379736246191856e-01 1.006376647685387482e+00
6.939264857590412561e-01 1.011248528490469312e+00
6.950149978934634376e-01 9.821488149530370748e-01
6.961035100278856191e-01 1.101210323317786788e+00
6.971920221623076896e-01 1.132106129372946413e+00
6.982805342967297602e-01 1.080230430042400158e+00
6.993690464311518307e-01 1.020382909732440169e+00
7.004575585655739012e-01 1.042279600380746629e+00
7.015460706999960827e-01 1.005700459865208174e+00
7.026345828344182642e-01 9.980987465739303843e-01
7.037230949688403348e-01 1.062920777144988449e+00
7.048116071032624053e-01 1.039727098553740348e+00
7.059001192376844758e-01 1.036214230009139925e+00
7.069886313721066573e-01 1.060236301022298377e+00
7.080771435065287278e-01 1.026785828178526927e+00
7.091656556409509093e-01 1.031337788269164335e+00
7.102541677753729799e-01 1.083758510232534888e+00
7.113426799097950504e-01 9.665505028535967824e-01
7.124311920442172319e-01 9.711017108431683198e-01
7.135197041786393024e-01 9.882994774845794694e-01
7.146082163130613729e-01 1.035377946459801635e+00
7.156967284474835544e-01 9.452582957979522860e-01
7.167852405819057360e-01 1.009382715890016158e+00
7.178737527163278065e-01 9.906989552552385447e-01
7.189622648507498770e-01 1.032472487584740861e+00
7.200507769851719475e-01 1.023798500880285900e+00
7.211392891195940180e-01 9.654894042335921966e-01
7.222278012540161996e-01 1.004560913962507129e+00
7.233163133884383811e-01 9.887038443337701210e-01
7.244048255228604516e-01 9.623867013802431813e-01
7.254933376572825221e-01 9.846450110941269429e-01
7.265818497917045926e-01 1.025168967688786736e+00
7.276703619261267741e-01 1.048321908492397370e+00
7.287588740605488447e-01 1.014199294386923356e+00
7.298473861949710262e-01 1.020625424479682408e+00
7.309358983293930967e-01 1.143494555837740734e+00
7.320244104638151672e-01 1.057555562828197182e+00
7.331129225982373487e-01 1.012039307478602268e+00
7.342014347326594192e-01 1.009818297185365310e+00
7.352899468670814898e-01 1.088389567022410631e+00
7.363784590015036713e-01 1.044387793891070615e+00
7.374669711359257418e-01 1.021062437732561889e+00
7.385554832703479233e-01 1.011145115787815740e+00
7.396439954047699938e-01 1.024266844689776690e+00
7.407325075391920643e-01 1.044360134635351045e+00
7.418210196736141349e-01 1.006201555917719759e+00
7.429095318080363164e-01 1.071968951989054730e+00
7.439980439424584979e-01 1.060770442117897616e+00
7.450865560768805684e-01 1.037605530800728815e+00
7.461750682113026389e-01 1.044640986347118883e+00
7.472635803457247095e-01 1.040323661797971866e+00
7.483520924801468910e-01 1.053073382639635014e+00
7.494406046145689615e-01 1.061128098699127165e+00
7.505291167489911430e-01 1.008616744051865410e+00
7.516176288834132135e-01 9.907118386649820252e-01
7.527061410178352840e-01 9.662358529501151594e-01
7.537946531522574656e-01 9.866583272701969776e-01
7.548831652866795361e-01 1.025632462126544908e+00
7.559716774211016066e-01 1.032417073235112781e+00
7.570601895555237881e-01 1.055381666206463009e+00
7.581487016899458586e-01 1.089962091805505295e+00
7.592372138243680402e-01 1.067003617310357200e+00
7.603257259587901107e-01 1.011790636622947659e+00
7.614142380932121812e-01 1.030551375261875791e+00
7.625027502276342517e-01 9.588338679629000438e-01
7.635912623620564332e-01 7.844320394523833784e-01
7.646797744964786148e-01 7.487005351943540887e-01
7.657682866309006853e-01 6.771898278358747802e-01
7.668567987653227558e-01 6.094823642344806558e-01
7.679453108997448263e-01 5.553272360700916011e-01
7.690338230341670078e-01 5.090135847811101399e-01
7.701223351685890783e-01 4.536694292988423527e-01
7.712108473030112599e-01 4.203284082685714296e-01
7.722993594374333304e-01 3.465294924375532659e-01
7.733878715718554009e-01 2.199448299328983225e-01
7.744763837062775824e-01 1.293509725226029694e-01
7.755648958406996529e-01 3.144018993346464619e-02
7.766534079751217234e-01 0.000000000000000000e+00
7.777419201095439050e-01 0.000000000000000000e+00
7.788304322439659755e-01 0.000000000000000000e+00
7.799189443783881570e-01 0.000000000000000000e+00
7.810074565128102275e-01 0.000000000000000000e+00
7.820959686472322980e-01 0.000000000000000000e+00
7.831844807816543685e-01 0.000000000000000000e+00
7.842729929160765501e-01 0.000000000000000000e+00
7.853615050504987316e-01 0.000000000000000000e+00
7.864500171849208021e-01 0.000000000000000000e+00
7.875385293193428726e-01 0.000000000000000000e+00
7.886270414537649431e-01 0.000000000000000000e+00
7.897155535881871247e-01 0.000000000000000000e+00
7.908040657226091952e-01 0.000000000000000000e+00
7.918925778570313767e-01 0.000000000000000000e+00
7.929810899914534472e-01 0.000000000000000000e+00
7.940696021258755177e-01 0.000000000000000000e+00
7.951581142602976993e-01 0.000000000000000000e+00
7.962466263947197698e-01 0.000000000000000000e+00
7.973351385291418403e-01 0.000000000000000000e+00
7.984236506635640218e-01 0.000000000000000000e+00
7.995121627979860923e-01 0.000000000000000000e+00
8.006006749324081628e-01 0.000000000000000000e+00
8.016891870668303444e-01 0.000000000000000000e+00
8.027776992012525259e-01 0.000000000000000000e+00
8.038662113356744854e-01 0.000000000000000000e+00
8.049547234700966669e-01 0.000000000000000000e+00
8.060432356045187374e-01 0.000000000000000000e+00
8.071317477389409190e-01 0.000000000000000000e+00
8.082202598733631005e-01 0.000000000000000000e+00
8.093087720077850600e-01 0.000000000000000000e+00
8.103972841422072415e-01 0.000000000000000000e+00
8.114857962766293120e-01 0.000000000000000000e+00
8.125743084110514936e-01 0.000000000000000000e+00
8.136628205454736751e-01 0.000000000000000000e+00
8.147513326798956346e-01 0.000000000000000000e+00
8.158398448143178161e-01 0.000000000000000000e+00
8.169283569487397756e-01 0.000000000000000000e+00
8.180168690831619571e-01 0.000000000000000000e+00
8.191053812175841387e-01 0.000000000000000000e+00
8.201938933520062092e-01 0.000000000000000000e+00
8.212824054864283907e-01 0.000000000000000000e+00
8.223709176208503502e-01 0.000000000000000000e+00
8.234594297552725317e-01 0.000000000000000000e+00
8.245479418896947132e-01 0.000000000000000000e+00
8.256364540241167838e-01 0.000000000000000000e+00
8.267249661585389653e-01 0.000000000000000000e+00
8.278134782929609248e-01 0.000000000000000000e+00
8.289019904273831063e-01 0.000000000000000000e+00
8.299905025618052878e-01 0.000000000000000000e+00
8.310790146962272473e-01 0.000000000000000000e+00
8.321675268306494289e-01 0.000000000000000000e+00
8.332560389650714994e-01 0.000000000000000000e+00
8.343445510994936809e-01 0.000000000000000000e+00
8.354330632339158624e-01 0.000000000000000000e+00
8.365215753683378219e-01 0.000000000000000000e+00
8.376100875027600035e-01 0.000000000000000000e+00
8.386985996371820740e-01 0.000000000000000000e+00
8.397871117716042555e-01 0.000000000000000000e+00
8.408756239060264370e-01 0.000000000000000000e+00
8.419641360404483965e-01 0.000000000000000000e+00
8.430526481748705780e-01 0.000000000000000000e+00
8.441411603092925375e-01 0.000000000000000000e+00
8.452296724437147191e-01 0.000000000000000000e+00
8.463181845781369006e-01 0.000000000000000000e+00
8.474066967125589711e-01 0.000000000000000000e+00
8.484952088469811526e-01 0.000000000000000000e+00
8.495837209814033342e-01 0.000000000000000000e+00
8.506722331158252937e-01 0.000000000000000000e+00
8.517607452502474752e-01 0.000000000000000000e+00
8.528492573846695457e-01 0.000000000000000000e+00
8.539377695190917272e-01 0.000000000000000000e+00
8.550262816535139088e-01 0.000000000000000000e+00
8.561147937879358683e-01 0.000000000000000000e+00
8.572033059223580498e-01 0.000000000000000000e+00
8.582918180567800093e-01 0.000000000000000000e+00
8.593803301912021908e-01 0.000000000000000000e+00
8.604688423256243723e-01 0.000000000000000000e+00
8.615573544600464428e-01 0.000000000000000000e+00
8.626458665944686244e-01 0.000000000000000000e+00
8.637343787288905839e-01 0.000000000000000000e+00
8.648228908633127654e-01 0.000000000000000000e+00
8.659114029977349469e-01 0.000000000000000000e+00
8.669999151321570174e-01 0.000000000000000000e+00
8.680884272665791990e-01 0.000000000000000000e+00
8.691769394010011585e-01 0.000000000000000000e+00
8.702654515354233400e-01 0.000000000000000000e+00
8.713539636698455215e-01 0.000000000000000000e+00
8.724424758042674810e-01 0.000000000000000000e+00
8.735309879386896625e-01 0.000000000000000000e+00
8.746195000731117331e-01 0.000000000000000000e+00
8.757080122075339146e-01 0.000000000000000000e+00
8.767965243419560961e-01 0.000000000000000000e+00
8.778850364763780556e-01 0.000000000000000000e+00
8.789735486108002371e-01 0.000000000000000000e+00
8.800620607452223076e-01 0.000000000000000000e+00
8.811505728796444892e-01 0.000000000000000000e+00
8.822390850140666707e-01 0.000000000000000000e+00
8.833275971484886302e-01 0.000000000000000000e+00
8.844161092829108117e-01 0.000000000000000000e+00
8.855046214173327712e-01 0.000000000000000000e+00
8.865931335517549527e-01 0.000000000000000000e+00
8.876816456861771343e-01 0.000000000000000000e+00
8.887701578205992048e-01 0.000000000000000000e+00
8.898586699550213863e-01 0.000000000000000000e+00
8.909471820894433458e-01 0.000000000000000000e+00
8.920356942238655273e-01 0.000000000000000000e+00
8.931242063582877089e-01 0.000000000000000000e+00
8.942127184927097794e-01 0.000000000000000000e+00
8.953012306271319609e-01 0.000000000000000000e+00
8.963897427615539204e-01 0.000000000000000000e+00
8.974782548959761019e-01 0.000000000000000000e+00
8.985667670303982835e-01 0.000000000000000000e+00
8.996552791648202430e-01 0.000000000000000000e+00
9.007437912992424245e-01 0.000000000000000000e+00
9.018323034336646060e-01 0.000000000000000000e+00
9.029208155680866765e-01 0.000000000000000000e+00
9.040093277025088581e-01 0.000000000000000000e+00
9.050978398369308175e-01 0.000000000000000000e+00
9.061863519713529991e-01 0.000000000000000000e+00
9.072748641057751806e-01 0.000000000000000000e+00
9.083633762401972511e-01 0.000000000000000000e+00
9.094518883746194327e-01 0.000000000000000000e+00
9.105404005090413921e-01 0.000000000000000000e+00
9.116289126434635737e-01 0.000000000000000000e+00
9.127174247778857552e-01 0.000000000000000000e+00
9.138059369123077147e-01 0.000000000000000000e+00
9.148944490467298962e-01 0.000000000000000000e+00
9.159829611811519667e-01 0.000000000000000000e+00
9.170714733155741483e-01 0.000000000000000000e+00
9.181599854499963298e-01 0.000000000000000000e+00
9.192484975844182893e-01 0.000000000000000000e+00
9.203370097188404708e-01 0.000000000000000000e+00
9.214255218532625413e-01 0.000000000000000000e+00
9.225140339876847229e-01 0.000000000000000000e+00
9.236025461221069044e-01 0.000000000000000000e+00
9.246910582565288639e-01 0.000000000000000000e+00
9.257795703909510454e-01 0.000000000000000000e+00
9.268680825253730049e-01 0.000000000000000000e+00
9.279565946597951864e-01 0.000000000000000000e+00
9.290451067942173680e-01 0.000000000000000000e+00
9.301336189286394385e-01 0.000000000000000000e+00
9.312221310630616200e-01 0.000000000000000000e+00
9.323106431974835795e-01 0.000000000000000000e+00
9.333991553319057610e-01 0.000000000000000000e+00
9.344876674663279426e-01 0.000000000000000000e+00
9.355761796007500131e-01 0.000000000000000000e+00
9.366646917351721946e-01 0.000000000000000000e+00
9.377532038695941541e-01 0.000000000000000000e+00
9.388417160040163356e-01 0.000000000000000000e+00
9.399302281384385171e-01 0.000000000000000000e+00
9.410187402728604766e-01 0.000000000000000000e+00
9.421072524072826582e-01 0.000000000000000000e+00
9.431957645417047287e-01 0.000000000000000000e+00
9.442842766761269102e-01 0.000000000000000000e+00
9.453727888105490917e-01 0.000000000000000000e+00
9.464613009449710512e-01 0.000000000000000000e+00
9.475498130793932328e-01 0.000000000000000000e+00
9.486383252138154143e-01 0.000000000000000000e+00
9.497268373482374848e-01 0.000000000000000000e+00
9.508153494826596663e-01 0.000000000000000000e+00
9.519038616170816258e-01 0.000000000000000000e+00
9.529923737515038074e-01 0.000000000000000000e+00
9.540808858859259889e-01 0.000000000000000000e+00
9.551693980203479484e-01 0.000000000000000000e+00
9.562579101547701299e-01 0.000000000000000000e+00
9.573464222891922004e-01 0.000000000000000000e+00
9.584349344236143819e-01 0.000000000000000000e+00
9.595234465580365635e-01 0.000000000000000000e+00
9.606119586924585230e-01 0.000000000000000000e+00
9.617004708268807045e-01 0.000000000000000000e+00
9.627889829613027750e-01 0.000000000000000000e+00
9.638774950957249565e-01 0.000000000000000000e+00
9.649660072301471381e-01 0.000000000000000000e+00
9.660545193645690976e-01 0.000000000000000000e+00
9.671430314989912791e-01 0.000000000000000000e+00
9.682315436334132386e-01 0.000000000000000000e+00
9.693200557678354201e-01 0.000000000000000000e+00
9.704085679022576016e-01 0.000000000000000000e+00
9.714970800366796722e-01 0.000000000000000000e+00
9.725855921711018537e-01 0.000000000000000000e+00
9.736741043055238132e-01 0.000000000000000000e+00
9.747626164399459947e-01 0.000000000000000000e+00
9.758511285743681762e-01 0.000000000000000000e+00
9.769396407087902467e-01 0.000000000000000000e+00
9.780281528432124283e-01 0.000000000000000000e+00
9.791166649776343878e-01 0.000000000000000000e+00
9.802051771120565693e-01 0.000000000000000000e+00
9.812936892464787508e-01 0.000000000000000000e+00
9.823822013809007103e-01 0.000000000000000000e+00
9.834707135153228919e-01 0.000000000000000000e+00
9.845592256497449624e-01 0.000000000000000000e+00
9.856477377841671439e-01 0.000000000000000000e+00
9.867362499185893254e-01 0.000000000000000000e+00
9.878247620530112849e-01 0.000000000000000000e+00
9.889132741874334664e-01 0.000000000000000000e+00
9.900017863218555370e-01 0.000000000000000000e+00
9.910902984562777185e-01 0.000000000000000000e+00
9.921788105906999000e-01 0.000000000000000000e+00
9.932673227251218595e-01 0.000000000000000000e+00
9.943558348595440410e-01 0.000000000000000000e+00
9.954443469939662226e-01 0.000000000000000000e+00
9.965328591283881821e-01 0.000000000000000000e+00
9.976213712628103636e-01 0.000000000000000000e+00
9.987098833972324341e-01 0.000000000000000000e+00
9.997983955316546156e-01 0.000000000000000000e+00
