# q (1/angstrom), Intensity (arb)
5.442561321563801468e-04 2.291727567712513292e+00
1.632768266578491423e-03 1.436459536532925796e+00
2.721280401000602915e-03 2.017923429926664625e+00
3.809792535422714191e-03 2.578176189341460756e+00
4.898304669844825467e-03 2.663384999493560557e+00
5.986816804266936742e-03 2.219926264056685028e+00
7.075328938689048018e-03 1.933943997526874625e+00
8.163841073111159294e-03 2.069767395969771329e+00
9.252353207533271437e-03 2.030589396823515358e+00
1.034086534195538185e-02 2.030692779092564848e+00
1.142937747637749399e-02 2.242329557553343733e+00
1.251788961079960440e-02 2.506752225513395160e+00
1.360640174522171481e-02 2.697642720698302909e+00
1.469491387964382695e-02 3.063502597351881462e+00
1.578342601406593909e-02 4.445176452014097279e+00
1.687193814848804777e-02 1.661873895501931742e+01
1.796045028291015991e-02 5.696466610723403790e+01
1.904896241733227205e-02 9.008550795650158705e+01
2.013747455175438072e-02 1.171301445050596612e+02
2.122598668617649287e-02 1.376859409557335425e+02
2.231449882059860501e-02 1.377573630942228533e+02
2.340301095502071715e-02 1.335292143130673992e+02
2.449152308944282930e-02 1.274002544274776767e+02
2.558003522386494144e-02 1.191959258127560162e+02
2.666854735828705011e-02 1.140052117476122788e+02
2.775705949270916573e-02 1.073066882742395478e+02
2.884557162713127440e-02 1.003561263046228333e+02
2.993408376155338307e-02 9.276332813157553403e+01
3.102259589597549869e-02 8.516728548791411413e+01
3.211110803039760736e-02 7.999354016298917713e+01
3.319962016481971950e-02 7.452721026087425571e+01
3.428813229924183165e-02 6.971750419112920838e+01
3.537664443366394379e-02 6.558974182526908692e+01
3.646515656808604899e-02 6.220340469690849261e+01
3.755366870250816808e-02 5.854035126291785929e+01
3.864218083693027328e-02 5.622155541176220339e+01
3.973069297135238542e-02 5.372388655800176593e+01
4.081920510577449757e-02 5.246857262379469233e+01
4.190771724019660971e-02 5.140526413375627612e+01
4.299622937461872185e-02 4.940710151150233287e+01
4.408474150904083400e-02 4.810124090819100218e+01
4.517325364346294614e-02 4.596313471977359200e+01
4.626176577788505134e-02 4.356722248051951141e+01
4.735027791230717042e-02 4.129971558859588043e+01
4.843879004672927563e-02 4.011505808238156590e+01
4.952730218115138777e-02 3.877295163062132133e+01
5.061581431557350685e-02 3.628268097366390776e+01
5.170432644999561900e-02 3.483724100080898722e+01
5.279283858441772420e-02 3.412290671784215590e+01
5.388135071883984328e-02 3.333699132837179491e+01
5.496986285326195543e-02 3.232051358204361691e+01
5.605837498768406063e-02 3.146396183251705025e+01
5.714688712210617277e-02 3.082271512120509982e+01
5.823539925652829186e-02 2.996960992284332548e+01
5.932391139095039012e-02 2.911438316883689481e+01
6.041242352537250920e-02 2.862324105135712315e+01
6.150093565979462135e-02 2.846268559270222198e+01
6.258944779421672655e-02 2.804078639717220511e+01
6.367795992863883869e-02 2.725284519695417984e+01
6.476647206306095084e-02 2.746649822732913293e+01
6.585498419748306298e-02 2.796431899078698535e+01
6.694349633190517512e-02 2.828114093968741116e+01
6.803200846632728727e-02 2.849888791790219855e+01
6.912052060074939941e-02 2.911594156094259489e+01
7.020903273517151155e-02 3.031660459793258866e+01
7.129754486959362370e-02 3.166498240808289566e+01
7.238605700401572196e-02 3.309463421775677006e+01
7.347456913843784798e-02 3.502554288376637714e+01
7.456308127285996012e-02 3.711542001257147660e+01
7.565159340728205839e-02 3.824740592163636421e+01
7.674010554170418441e-02 3.889593770163011044e+01
7.782861767612629655e-02 3.902859505976474708e+01
7.891712981054839482e-02 3.891476958900742034e+01
8.000564194497050696e-02 3.799971978073934054e+01
8.109415407939263298e-02 3.659165948050106465e+01
8.218266621381473125e-02 3.581761813392851934e+01
8.327117834823684339e-02 3.422496393618288835e+01
8.435969048265895553e-02 3.195991752216905013e+01
8.544820261708106768e-02 2.969431704113574710e+01
8.653671475150317982e-02 2.815640477198915193e+01
8.762522688592529196e-02 2.650859836289477300e+01
8.871373902034740411e-02 2.423732707245935103e+01
8.980225115476951625e-02 2.282936794843918449e+01
9.089076328919162839e-02 2.161107643210027263e+01
9.197927542361372666e-02 2.003801549803964122e+01
9.306778755803585268e-02 1.850058470155608248e+01
9.415629969245796482e-02 1.731121737205582178e+01
9.524481182688006309e-02 1.648955958599867699e+01
9.633332396130217523e-02 1.528534898730911706e+01
9.742183609572430125e-02 1.409286021885750806e+01
9.851034823014639952e-02 1.283594282572489753e+01
9.959886036456851166e-02 1.123757366222748999e+01
1.006873724989906238e-01 1.036836178067481029e+01
1.017758846334127498e-01 9.439518033032628708e+00
1.028643967678348620e-01 8.583140415918888877e+00
1.039529089022569464e-01 7.628942164871750364e+00
1.050414210366790724e-01 6.911321397450894466e+00
1.061299331711011845e-01 6.507920111682402364e+00
1.072184453055232967e-01 5.765572455965031651e+00
1.083069574399454088e-01 5.237299708873887738e+00
1.093954695743675209e-01 4.838838891672395448e+00
1.104839817087896192e-01 4.565603589845432353e+00
1.115724938432117314e-01 4.441319242201728912e+00
1.126610059776338435e-01 4.186609965799732436e+00
1.137495181120559695e-01 3.901357033989206968e+00
1.148380302464780817e-01 3.489940566820312284e+00
1.159265423809001938e-01 3.278840162766918809e+00
1.170150545153222921e-01 3.235429202982283314e+00
1.181035666497444042e-01 3.449665600692624068e+00
1.191920787841665164e-01 3.174624809211229248e+00
1.202805909185886285e-01 2.842461496612123995e+00
1.213691030530107406e-01 2.989799225739595556e+00
1.224576151874328667e-01 2.881619228901346474e+00
1.235461273218549511e-01 2.841612701820826814e+00
1.246346394562770632e-01 2.629978243054413412e+00
1.257231515906991892e-01 2.605421340995297541e+00
1.268116637251212875e-01 2.458194430378165762e+00
1.279001758595434135e-01 2.470498523449474959e+00
1.289886879939655395e-01 2.303496315440133557e+00
1.300772001283876100e-01 2.304101556965074238e+00
1.311657122628097361e-01 2.679968532181808527e+00
1.322542243972318621e-01 2.323490285164361069e+00
1.333427365316539603e-01 2.458951552659605966e+00
1.344312486660760864e-01 2.433927497792065964e+00
1.355197608004981846e-01 2.285569591851700721e+00
1.366082729349202829e-01 2.138806706266446866e+00
1.376967850693424089e-01 1.982931498617404031e+00
1.387852972037645072e-01 2.144875230935225474e+00
1.398738093381866332e-01 2.291243710536571498e+00
1.409623214726087592e-01 2.274787078179155486e+00
1.420508336070308575e-01 2.218041110132720206e+00
1.431393457414529835e-01 2.242848915105046359e+00
1.442278578758750818e-01 2.209880287801103904e+00
1.453163700102971800e-01 2.255218318647029818e+00
1.464048821447193061e-01 2.115409069717310686e+00
1.474933942791414043e-01 1.834902615471383669e+00
1.485819064135635303e-01 1.864027729107878173e+00
1.496704185479856564e-01 2.043489951155139650e+00
1.507589306824077546e-01 2.033635810019735146e+00
1.518474428168298529e-01 1.846290341679358349e+00
1.529359549512519789e-01 1.778935812433431352e+00
1.540244670856740772e-01 1.638551122480070177e+00
1.551129792200962032e-01 1.575644444835530678e+00
1.562014913545183292e-01 1.708331789275675305e+00
1.572900034889403997e-01 1.602380402598038600e+00
1.583785156233625258e-01 1.431253181740473224e+00
1.594670277577846518e-01 1.473475606042899955e+00
1.605555398922067500e-01 1.544358007619477391e+00
1.616440520266288761e-01 1.398441348267057904e+00
1.627325641610509743e-01 1.419855916830593756e+00
1.638210762954730726e-01 1.394090429395864916e+00
1.649095884298951986e-01 1.327947620814418528e+00
1.659981005643172969e-01 1.293393153101796145e+00
1.670866126987394229e-01 1.189004088842875007e+00
1.681751248331615489e-01 1.058196986634719394e+00
1.692636369675836472e-01 1.095342960339365845e+00
1.703521491020057455e-01 9.066002888137205673e-01
1.714406612364278715e-01 1.012889155314811163e+00
1.725291733708499697e-01 1.124449508800001496e+00
1.736176855052720958e-01 9.902210892920919605e-01
1.747061976396941940e-01 9.771902726059469302e-01
1.757947097741163200e-01 1.181448883568888775e+00
1.768832219085384183e-01 1.068405831097518188e+00
1.779717340429605166e-01 9.721196687231845601e-01
1.790602461773826426e-01 9.965929157535438065e-01
1.801487583118047686e-01 1.069666158857748073e+00
1.812372704462268669e-01 1.070587511170273842e+00
1.823257825806489929e-01 9.010855869088150172e-01
1.834142947150710912e-01 6.143804897110332064e-01
1.845028068494931894e-01 7.977526093379960770e-01
1.855913189839153155e-01 8.419978412642254995e-01
1.866798311183374137e-01 8.752735756467160400e-01
1.877683432527595397e-01 9.977052037506943805e-01
1.888568553871816658e-01 9.631577918340976652e-01
1.899453675216037363e-01 1.005581261339232313e+00
1.910338796560258623e-01 1.047822800034662549e+00
1.921223917904479883e-01 8.230751452115434574e-01
1.932109039248700866e-01 5.743987672572004044e-01
1.942994160592922126e-01 7.177372660060097331e-01
1.953879281937143109e-01 7.814235218115577197e-01
1.964764403281364091e-01 7.335873375248720407e-01
1.975649524625585352e-01 7.006678895356337478e-01
1.986534645969806334e-01 6.628856847974429201e-01
1.997419767314027594e-01 5.642565744789305171e-01
2.008304888658248855e-01 6.628256877707663364e-01
2.019190010002469560e-01 6.431325852251266184e-01
2.030075131346691097e-01 7.460249798297677870e-01
2.040960252690912080e-01 6.468791728339624569e-01
2.051845374035133340e-01 6.841951222787709952e-01
2.062730495379354323e-01 6.672412423856357577e-01
2.073615616723575306e-01 5.973710961791915963e-01
2.084500738067796566e-01 6.374936378217856969e-01
2.095385859412017548e-01 6.293969868163973302e-01
2.106270980756238809e-01 6.897341022527339049e-01
2.117156102100459791e-01 6.773243112312510306e-01
2.128041223444681052e-01 6.403718030579348408e-01
2.138926344788902034e-01 6.619915316275939432e-01
2.149811466133123017e-01 4.721928951302061250e-01
2.160696587477344277e-01 4.496563433787788000e-01
2.171581708821565260e-01 5.677162516609968179e-01
2.182466830165786797e-01 5.197337897775575755e-01
2.193351951510007503e-01 3.978868504996331268e-01
2.204237072854228485e-01 4.100280616143052725e-01
2.215122194198450023e-01 4.366625037451683511e-01
2.226007315542670728e-01 6.243651393123847981e-01
2.236892436886892266e-01 6.397883918870537201e-01
2.247777558231113249e-01 5.673371864267107156e-01
2.258662679575334509e-01 5.331527397557103143e-01
2.269547800919555491e-01 6.003188810349975313e-01
2.280432922263776474e-01 6.979161707851400109e-01
2.291318043607997734e-01 7.094794813419120771e-01
2.302203164952218717e-01 5.788133711908898249e-01
2.313088286296439977e-01 5.583883583839952536e-01
2.323973407640660960e-01 4.447784184055638690e-01
2.334858528984881942e-01 5.757268493445764079e-01
2.345743650329103203e-01 4.405624163547834371e-01
2.356628771673324185e-01 3.631472428118840412e-01
2.367513893017545445e-01 4.434563283716528304e-01
2.378399014361766428e-01 5.230995886175016096e-01
2.389284135705987966e-01 5.877196722607092028e-01
2.400169257050208671e-01 6.071414857004633348e-01
2.411054378394429654e-01 4.359781281170977962e-01
2.421939499738651191e-01 3.562687095690222350e-01
2.432824621082871897e-01 2.794287061610880585e-01
2.443709742427093434e-01 4.197577945289090451e-01
2.454594863771314417e-01 4.145299702281040055e-01
2.465479985115535122e-01 2.037897524886886913e-01
2.476365106459756660e-01 2.370497132787168226e-01
2.487250227803977642e-01 3.983739930939780294e-01
2.498135349148198903e-01 4.429769120748563438e-01
2.509020470492419608e-01 4.759084858481781311e-01
2.519905591836641423e-01 5.498376280087224899e-01
2.530790713180862128e-01 4.426282169839446112e-01
2.541675834525082833e-01 4.478547566703685590e-01
2.552560955869304649e-01 3.834316381160363107e-01
2.563446077213525354e-01 4.487449972273349630e-01
2.574331198557746614e-01 5.061574752155877377e-01
2.585216319901967874e-01 3.274158267065967465e-01
2.596101441246188579e-01 4.172750196691321634e-01
2.606986562590409839e-01 4.958272971259649609e-01
2.617871683934631100e-01 4.762115861027531594e-01
2.628756805278852360e-01 4.407114039509725245e-01
2.639641926623073065e-01 4.248881598109406355e-01
2.650527047967294325e-01 3.817232709860238771e-01
2.661412169311515585e-01 3.997600936172460706e-01
2.672297290655736290e-01 3.442796681680402315e-01
2.683182411999957551e-01 4.123364405869889282e-01
2.694067533344178811e-01 4.212802394832948494e-01
2.704952654688400071e-01 3.853026488676256633e-01
2.715837776032620776e-01 4.795638339700758479e-01
2.726722897376842036e-01 3.615505271284682465e-01
2.737608018721063297e-01 2.765826231005839020e-01
2.748493140065284002e-01 3.878300711947666457e-01
2.759378261409505817e-01 5.392454480777200132e-01
2.770263382753726522e-01 4.751994735502869105e-01
2.781148504097947782e-01 5.979133793010014131e-01
2.792033625442169043e-01 4.428520098507586766e-01
2.802918746786389748e-01 4.107184510256498555e-01
2.813803868130611008e-01 5.645720332072450276e-01
2.824688989474832268e-01 4.329531837349893664e-01
2.835574110819053528e-01 4.058707531816239111e-01
2.846459232163274233e-01 4.123691792096018105e-01
2.857344353507495494e-01 4.596037042472929102e-01
2.868229474851716754e-01 4.285807404249375452e-01
2.879114596195937459e-01 3.979168435185265196e-01
2.889999717540158719e-01 4.307240509567371589e-01
2.900884838884379979e-01 3.148876879461610656e-01
2.911769960228601239e-01 3.334106458499874748e-01
2.922655081572821945e-01 3.635808159041875598e-01
2.933540202917043205e-01 4.787678288778298707e-01
2.944425324261264465e-01 5.256467548017198510e-01
2.955310445605485170e-01 2.945788145826995219e-01
2.966195566949706985e-01 5.184406981733324926e-01
2.977080688293927691e-01 5.162021378554850770e-01
2.987965809638148951e-01 4.254178434641815443e-01
2.998850930982370211e-01 3.214741231286026846e-01
3.009736052326590916e-01 3.912179770536248213e-01
3.020621173670812176e-01 3.622685364630982008e-01
3.031506295015033436e-01 3.656774789910439694e-01
3.042391416359254697e-01 2.722426493756593402e-01
3.053276537703475402e-01 4.718677190239937147e-01
3.064161659047696662e-01 4.996369804005897919e-01
3.075046780391917922e-01 4.156703622002044796e-01
3.085931901736138627e-01 3.625699996299385219e-01
3.096817023080360443e-01 3.992550527830260876e-01
3.107702144424581148e-01 3.902380852868603256e-01
3.118587265768802408e-01 3.842499215530885692e-01
3.129472387113023668e-01 4.173490929608476563e-01
3.140357508457244373e-01 3.818472852222338787e-01
3.151242629801465633e-01 4.530863595739376137e-01
3.162127751145686894e-01 5.472737468986537124e-01
3.173012872489908154e-01 4.598238142484802893e-01
3.183897993834128859e-01 3.678438116665354585e-01
3.194783115178350119e-01 4.737668402263128797e-01
3.205668236522571379e-01 4.361169744412300986e-01
3.216553357866792084e-01 3.902121505608793228e-01
3.227438479211013345e-01 5.342839666923975273e-01
3.238323600555234605e-01 4.639908282540883278e-01
3.249208721899455865e-01 4.724510523290206265e-01
3.260093843243676570e-01 5.466093440656187852e-01
3.270978964587897830e-01 4.487059727408038157e-01
3.281864085932119091e-01 4.885500397207831469e-01
3.292749207276339796e-01 4.411468411602559314e-01
3.303634328620561611e-01 5.132078892544242876e-01
3.314519449964782316e-01 4.340327805823811502e-01
3.325404571309003021e-01 3.276222138204367695e-01
3.336289692653224837e-01 3.279899907589491903e-01
3.347174813997445542e-01 4.608368154644946202e-01
3.358059935341666802e-01 4.880595236572240481e-01
3.368945056685888062e-01 5.861471096438641837e-01
3.379830178030109322e-01 4.903779081878596457e-01
3.390715299374330027e-01 2.570852100102758442e-01
3.401600420718551288e-01 2.745506256608987172e-01
3.412485542062772548e-01 4.226146754056205879e-01
3.423370663406993253e-01 3.904892551905625453e-01
3.434255784751214513e-01 3.377000563199299421e-01
3.445140906095435773e-01 2.744513167665694198e-01
3.456026027439656478e-01 3.166931691989436359e-01
3.466911148783877739e-01 4.432262972842071491e-01
3.477796270128098999e-01 3.010931059098833629e-01
3.488681391472320259e-01 4.096992121120965891e-01
3.499566512816540964e-01 3.572764056119144271e-01
3.510451634160762779e-01 3.599086730011133994e-01
3.521336755504983484e-01 4.042353370103963783e-01
3.532221876849204190e-01 4.472119017121265472e-01
3.543106998193426005e-01 3.446130313272366408e-01
3.553992119537646710e-01 4.371962777890239238e-01
3.564877240881867970e-01 4.137384179596761413e-01
3.575762362226089230e-01 4.316118185937600771e-01
3.586647483570310491e-01 4.828530154787635809e-01
3.597532604914531196e-01 5.108078533764253137e-01
3.608417726258752456e-01 5.183766200716757311e-01
3.619302847602973716e-01 4.724706251531980428e-01
3.630187968947194421e-01 4.371475777952777975e-01
3.641073090291415681e-01 4.007759144929021744e-01
3.651958211635636942e-01 4.413108839096793190e-01
3.662843332979857647e-01 4.112822914029141685e-01
3.673728454324078907e-01 3.552798108789136933e-01
3.684613575668300167e-01 3.143303737984322055e-01
3.695498697012521427e-01 4.161702898400836403e-01
3.706383818356742132e-01 4.739649318414418389e-01
3.717268939700963948e-01 3.847467748598241144e-01
3.728154061045184653e-01 3.529546303959456566e-01
3.739039182389405358e-01 3.890294308393595912e-01
3.749924303733627173e-01 4.639045897722908762e-01
3.760809425077847878e-01 3.768149428263090073e-01
3.771694546422069139e-01 2.392306127323990950e-01
3.782579667766290399e-01 1.884932087566468795e-01
3.793464789110511104e-01 1.708400551345103935e-01
3.804349910454732364e-01 2.314877344730117414e-01
3.815235031798953624e-01 2.006869542287077479e-01
3.826120153143174885e-01 3.201633857398622496e-01
3.837005274487395590e-01 3.875180324362936801e-01
3.847890395831616850e-01 3.647260100413358686e-01
3.858775517175838110e-01 3.950922417727777969e-01
3.869660638520058815e-01 4.367899771456951186e-01
3.880545759864280075e-01 3.323121764026417679e-01
3.891430881208501336e-01 2.249892582966879218e-01
3.902316002552722596e-01 2.683847653547388745e-01
3.913201123896943301e-01 3.109924579226284180e-01
3.924086245241164561e-01 3.070856378650077545e-01
3.934971366585385821e-01 3.647105645340804614e-01
3.945856487929606526e-01 3.391572209919058167e-01
3.956741609273828342e-01 2.762575365240618197e-01
3.967626730618049047e-01 3.695431315374992920e-01
3.978511851962270307e-01 4.026098079758195780e-01
3.989396973306491567e-01 4.542434194885434096e-01
4.000282094650711717e-01 3.927158199888278745e-01
4.011167215994933533e-01 4.526415786368112038e-01
4.022052337339154793e-01 5.783058741496258648e-01
4.032937458683375498e-01 4.918985617516575815e-01
4.043822580027597313e-01 3.380652453265966528e-01
4.054707701371818018e-01 3.444559834838614165e-01
4.065592822716039278e-01 3.769567465629624081e-01
4.076477944060259984e-01 4.983464574459386398e-01
4.087363065404481244e-01 5.050635128358269554e-01
4.098248186748703059e-01 4.766564237058101838e-01
4.109133308092923764e-01 5.288817839606867466e-01
4.120018429437144469e-01 3.890323734552030288e-01
4.130903550781365730e-01 3.103228005782643351e-01
4.141788672125586435e-01 4.902821347169048494e-01
4.152673793469808250e-01 3.661261354428813064e-01
4.163558914814029510e-01 1.939090147396687058e-01
4.174444036158250215e-01 2.786446453056363737e-01
4.185329157502470920e-01 4.353245508663743379e-01
4.196214278846692181e-01 3.840090947786105602e-01
4.207099400190913996e-01 3.478311079441880338e-01
4.217984521535134701e-01 3.366169555183677886e-01
4.228869642879355961e-01 3.126867166727524960e-01
4.239754764223576666e-01 3.106688627120082202e-01
4.250639885567798482e-01 3.001287972731958575e-01
4.261525006912019187e-01 3.614545745166672930e-01
4.272410128256240447e-01 3.980307118909660602e-01
4.283295249600461152e-01 3.158635546507237990e-01
4.294180370944682412e-01 3.436321334867944444e-01
4.305065492288904228e-01 3.677567910814225627e-01
4.315950613633124933e-01 3.319209697968812378e-01
4.326835734977345638e-01 2.526114231776794838e-01
4.337720856321566898e-01 3.447274032547849032e-01
4.348605977665787603e-01 3.942045142024070969e-01
4.359491099010009418e-01 3.257229514640567203e-01
4.370376220354230679e-01 2.880197109701985170e-01
4.381261341698451384e-01 2.467352490656207209e-01
4.392146463042672089e-01 2.175289021368573827e-01
4.403031584386893349e-01 2.617588857391037749e-01
4.413916705731115164e-01 3.595437582603651094e-01
4.424801827075335869e-01 4.674092496687300979e-01
4.435686948419557130e-01 3.989679127740757281e-01
4.446572069763777835e-01 2.635106254779291390e-01
4.457457191107998540e-01 2.649640038143683540e-01
4.468342312452220355e-01 4.282623332560095974e-01
4.479227433796441615e-01 4.533047574860393780e-01
4.490112555140662320e-01 3.374526870349967567e-01
4.500997676484883581e-01 3.227005651274534870e-01
4.511882797829105396e-01 3.518500234834398555e-01
4.522767919173326101e-01 3.389334703037700791e-01
4.533653040517546806e-01 3.136964171309397642e-01
4.544538161861768066e-01 3.191040117850203472e-01
4.555423283205988771e-01 3.810122170131666763e-01
4.566308404550210587e-01 3.700273482221128063e-01
4.577193525894431847e-01 3.518539815939973892e-01
4.588078647238652552e-01 3.799330074691340542e-01
4.598963768582873257e-01 3.326665425032064860e-01
4.609848889927094517e-01 3.110117144165478464e-01
4.620734011271316333e-01 3.408487884149487002e-01
4.631619132615537038e-01 4.309496275321009762e-01
4.642504253959758298e-01 4.483094197286678906e-01
4.653389375303979003e-01 3.669020047501057036e-01
4.664274496648199708e-01 4.339039551106012027e-01
4.675159617992421524e-01 4.252603587647261207e-01
4.686044739336642784e-01 3.968915746954948531e-01
4.696929860680863489e-01 3.799880163943516465e-01
4.707814982025084749e-01 3.998636563413047185e-01
4.718700103369305454e-01 3.398305722311611987e-01
4.729585224713527269e-01 4.238984036402815292e-01
4.740470346057747975e-01 4.052299954723590503e-01
4.751355467401969235e-01 3.305739927848314608e-01
4.762240588746189940e-01 3.656234635459636451e-01
4.773125710090411755e-01 3.271062651510714403e-01
4.784010831434633015e-01 3.133656924346084338e-01
4.794895952778853720e-01 3.999545155559136589e-01
4.805781074123074426e-01 3.830638838377495858e-01
4.816666195467295686e-01 2.592708337159876919e-01
4.827551316811517501e-01 2.807704500410963533e-01
4.838436438155738206e-01 3.520550722704420821e-01
4.849321559499959466e-01 3.037881342820440977e-01
4.860206680844180172e-01 1.923397618382658436e-01
4.871091802188400877e-01 6.290847368186724964e-02
4.881976923532622692e-01 3.691472168880967075e-01
4.892862044876843952e-01 3.647370635675866168e-01
4.903747166221064657e-01 3.812458934936149291e-01
4.914632287565285917e-01 3.632162651137598175e-01
4.925517408909506623e-01 3.227867683390464038e-01
4.936402530253728438e-01 3.386343291387650112e-01
4.947287651597949143e-01 3.447043604499828717e-01
4.958172772942170403e-01 4.615161682111246222e-01
4.969057894286391108e-01 5.202923619633885721e-01
4.979943015630612924e-01 3.702371697444526433e-01
4.990828136974834184e-01 3.552877345809068999e-01
5.001713258319054889e-01 3.543162585449710633e-01
5.012598379663275594e-01 4.540261548242998657e-01
5.023483501007496299e-01 4.402122995161725783e-01
5.034368622351718114e-01 3.258859421429729508e-01
5.045253743695939930e-01 3.658978030931390180e-01
5.056138865040160635e-01 4.025501029734321889e-01
5.067023986384381340e-01 3.646885607571146437e-01
5.077909107728602045e-01 3.424755613441021751e-01
5.088794229072823860e-01 3.261399817081667152e-01
5.099679350417044565e-01 3.806996634841670613e-01
5.110564471761266381e-01 3.944665226660628576e-01
5.121449593105487086e-01 4.247646259718873551e-01
5.132334714449707791e-01 5.049188463140001915e-01
5.143219835793929606e-01 4.141931625615615786e-01
5.154104957138150311e-01 3.848930903215226351e-01
5.164990078482371016e-01 4.311101463672741829e-01
5.175875199826592832e-01 4.468024357545949954e-01
5.186760321170813537e-01 3.746966343577984304e-01
5.197645442515035352e-01 4.171151152398095974e-01
5.208530563859256057e-01 4.636291004026364959e-01
5.219415685203476762e-01 3.272424307754207007e-01
5.230300806547697468e-01 3.342674480242582291e-01
5.241185927891919283e-01 3.197292757802738805e-01
5.252071049236141098e-01 3.490131497826407525e-01
5.262956170580361803e-01 3.361306052151498136e-01
5.273841291924582508e-01 4.160067757199410465e-01
5.284726413268803213e-01 4.388013112315558573e-01
5.295611534613025029e-01 4.659334490435984577e-01
5.306496655957245734e-01 4.561160823935974662e-01
5.317381777301467549e-01 4.209817384028706755e-01
5.328266898645688254e-01 3.306372464565718872e-01
5.339152019989908959e-01 3.345390703055031167e-01
5.350037141334130775e-01 3.486996459072546628e-01
5.360922262678351480e-01 3.931494999357827425e-01
5.371807384022572185e-01 4.736185757918391914e-01
5.382692505366794000e-01 4.689129554369397823e-01
5.393577626711014705e-01 4.204594097878437964e-01
5.404462748055236521e-01 4.133253313238665072e-01
5.415347869399457226e-01 3.605943196702980913e-01
5.426232990743677931e-01 3.332022689949756256e-01
5.437118112087898636e-01 4.039517772461174161e-01
5.448003233432120451e-01 3.975718075164405008e-01
5.458888354776342267e-01 3.714667192578495758e-01
5.469773476120562972e-01 3.364757036982908289e-01
5.480658597464783677e-01 3.537376976815753693e-01
5.491543718809004382e-01 4.448658454873406498e-01
5.502428840153226197e-01 6.106073356604113656e-01
5.513313961497446902e-01 5.928430003847662277e-01
5.524199082841668718e-01 3.949419437466268334e-01
5.535084204185889423e-01 3.551843010369317710e-01
5.545969325530110128e-01 4.011180527908404514e-01
5.556854446874331943e-01 3.258165555559831006e-01
5.567739568218552648e-01 2.778014750369397490e-01
5.578624689562773353e-01 3.077877929036123561e-01
5.589509810906995169e-01 3.661961552299164424e-01
5.600394932251215874e-01 3.876645086855550204e-01
5.611280053595437689e-01 3.227834629552024381e-01
5.622165174939658394e-01 4.183194644290129105e-01
5.633050296283879099e-01 3.363579864517340923e-01
5.643935417628099804e-01 3.986144704128911087e-01
5.654820538972321620e-01 4.352044470234730511e-01
5.665705660316543435e-01 3.510409066392892186e-01
5.676590781660764140e-01 3.018071697603676995e-01
5.687475903004984845e-01 4.241479160395336123e-01
5.698361024349205550e-01 4.077537751298692115e-01
5.709246145693427366e-01 4.438999030251036260e-01
5.720131267037648071e-01 4.856061129889841510e-01
5.731016388381869886e-01 5.095268192758251047e-01
5.741901509726090591e-01 4.625171580839886332e-01
5.752786631070311296e-01 4.462966532267245157e-01
5.763671752414533112e-01 3.749052123121376923e-01
5.774556873758753817e-01 4.122815431738828806e-01
5.785441995102974522e-01 3.605955122506454558e-01
5.796327116447196337e-01 2.884029227633035930e-01
5.807212237791417042e-01 2.853652745212293951e-01
5.818097359135638857e-01 3.216484905239092029e-01
5.828982480479859563e-01 3.631361465688556223e-01
5.839867601824080268e-01 3.476602977506555447e-01
5.850752723168300973e-01 3.088381571542111459e-01
5.861637844512522788e-01 3.138357811133314357e-01
5.872522965856744603e-01 3.222465211824836473e-01
5.883408087200965308e-01 4.034505185473253874e-01
5.894293208545186014e-01 4.435090491946187541e-01
5.905178329889406719e-01 3.790197456002815102e-01
5.916063451233627424e-01 3.467923174953533305e-01
5.926948572577849239e-01 3.567210900225532555e-01
5.937833693922071054e-01 3.790957150334293146e-01
5.948718815266291760e-01 4.245808295041513247e-01
5.959603936610512465e-01 3.793308908165755611e-01
5.970489057954734280e-01 3.199894986773976768e-01
5.981374179298954985e-01 3.211474612122096062e-01
5.992259300643175690e-01 3.866151100593082646e-01
6.003144421987397505e-01 2.792489069976689109e-01
6.014029543331618211e-01 3.837285626899920032e-01
6.024914664675840026e-01 4.827499433000141948e-01
6.035799786020060731e-01 4.113253452510861052e-01
6.046684907364281436e-01 3.540849382439237303e-01
6.057570028708503251e-01 3.251986470323551259e-01
6.068455150052723956e-01 4.100101107471090245e-01
6.079340271396945772e-01 2.827789642632971834e-01
6.090225392741166477e-01 2.837825230294175327e-01
6.101110514085387182e-01 3.674146991472646562e-01
6.111995635429607887e-01 3.681433882362501464e-01
6.122880756773829702e-01 2.916374661248184452e-01
6.133765878118051518e-01 2.848546078027229811e-01
6.144650999462272223e-01 2.553439539030115668e-01
6.155536120806492928e-01 2.444776676697397733e-01
6.166421242150713633e-01 2.372950866486185362e-01
6.177306363494934338e-01 2.956843104785420451e-01
6.188191484839156153e-01 3.471500659959456669e-01
6.199076606183377969e-01 3.193163876497635556e-01
6.209961727527598674e-01 2.801688751015802836e-01
6.220846848871819379e-01 3.096349341290913770e-01
6.231731970216041194e-01 3.558909058897850031e-01
6.242617091560261899e-01 3.882129727993142154e-01
6.253502212904482604e-01 2.941851510031199268e-01
6.264387334248704420e-01 3.640461175000275773e-01
6.275272455592925125e-01 3.261084067496362593e-01
6.286157576937146940e-01 2.898290823878753031e-01
6.297042698281367645e-01 3.195639870235336133e-01
6.307927819625588350e-01 3.559205146970718658e-01
6.318812940969809056e-01 3.928420391200955208e-01
6.329698062314030871e-01 3.689424633136066944e-01
6.340583183658252686e-01 3.551147423490608190e-01
6.351468305002473391e-01 2.682914940951590665e-01
6.362353426346694096e-01 3.001774440686499901e-01
6.373238547690914801e-01 3.329645364479763003e-01
6.384123669035135507e-01 3.640325899940695109e-01
6.395008790379357322e-01 3.835779504456073852e-01
6.405893911723579137e-01 3.740633070975665220e-01
6.416779033067799842e-01 3.595113544685020202e-01
6.427664154412020547e-01 2.996284494908536544e-01
6.438549275756242363e-01 4.070518927264465958e-01
6.449434397100463068e-01 3.135026924644481738e-01
6.460319518444683773e-01 3.160112461076884927e-01
6.471204639788905588e-01 4.520092420504511210e-01
6.482089761133126293e-01 4.217089481088613923e-01
6.492974882477348109e-01 2.659193322340467347e-01
6.503860003821568814e-01 2.124229194571292112e-02
6.514745125165789519e-01 6.401477755771267653e-03
6.525630246510010224e-01 1.786338962863780466e-01
6.536515367854232039e-01 2.781497717562828598e-01
6.547400489198453855e-01 2.457170598736588829e-01
6.558285610542674560e-01 2.655139422949268635e-01
6.569170731886895265e-01 3.071238611699698140e-01
6.580055853231115970e-01 2.510700717080354138e-01
6.590940974575336675e-01 2.581992442515694819e-01
6.601826095919558490e-01 2.795343968851433658e-01
6.612711217263780306e-01 2.714029559235306976e-01
6.623596338608001011e-01 3.421552402603609266e-01
6.634481459952221716e-01 2.888818036531155542e-01
6.645366581296442421e-01 2.937267858701666512e-01
6.656251702640664236e-01 3.301731097496531930e-01
6.667136823984884941e-01 3.615897819736009211e-01
6.678021945329106757e-01 3.793777001513625180e-01
6.688907066673327462e-01 3.447319050939405827e-01
6.699792188017549277e-01 3.754704616963504549e-01
6.710677309361769982e-01 4.291283000583661078e-01
6.721562430705990687e-01 4.607944300147526207e-01
6.732447552050211392e-01 4.734184228689564122e-01
6.743332673394433208e-01 3.830270512604148081e-01
6.754217794738655023e-01 3.822328092874265337e-01
6.765102916082875728e-01 4.420743831197047058e-01
6.775988037427096433e-01 4.096863535666077638e-01
6.786873158771317138e-01 3.766193898518555017e-01
6.797758280115537843e-01 4.419658477111454431e-01
6.808643401459759659e-01 4.037264723119164955e-01
6.819528522803981474e-01 4.296226704292092080e-01
6.830413644148202179e-01 4.050431964360079462e-01
6.841298765492422884e-01 3.263445372436386549e-01
6.852183886836643589e-01 3.678758843000196066e-01
6.863069008180865405e-01 3.422634164986160243e-01
6.873954129525086110e-01 3.805327127620330430e-01
6.884839250869307925e-01 4.216767597638728660e-01
6.895724372213528630e-01 4.164262963897513714e-01
6.906609493557749335e-01 3.928746395749964648e-01
6.917494614901971151e-01 3.505524529221712982e-01
6.928379736246191856e-01 3.670371830792511503e-01
6.939264857590412561e-01 3.603449646910181769e-01
6.950149978934634376e-01 2.271060459956686373e-01
6.961035100278856191e-01 1.953412270900880543e-01
6.971920221623076896e-01 3.720916948204351371e-01
6.982805342967297602e-01 3.805280013500862424e-01
6.993690464311518307e-01 3.635284721981975053e-01
7.004575585655739012e-01 3.137914886168786666e-01
7.015460706999960827e-01 3.165811750601914554e-01
7.026345828344182642e-01 2.831255888047810032e-01
7.037230949688403348e-01 3.724832198130965111e-01
7.048116071032624053e-01 3.456981078990253309e-01
7.059001192376844758e-01 3.238097031144508975e-01
7.069886313721066573e-01 3.446370430207217339e-01
7.080771435065287278e-01 3.849258103239474593e-01
7.091656556409509093e-01 4.245946731953011977e-01
7.102541677753729799e-01 3.954126784983476028e-01
7.113426799097950504e-01 3.144888043929796595e-01
7.124311920442172319e-01 2.409039923573903508e-01
7.135197041786393024e-01 3.159102140396292668e-01
7.146082163130613729e-01 3.131109093745951810e-01
7.156967284474835544e-01 3.093344627794962776e-01
7.167852405819057360e-01 2.943113304114604034e-01
7.178737527163278065e-01 3.096702101046542310e-01
7.189622648507498770e-01 3.327653438963604771e-01
7.200507769851719475e-01 3.126089002621448287e-01
7.211392891195940180e-01 3.391823033214205196e-01
7.222278012540161996e-01 2.649629903277013199e-01
7.233163133884383811e-01 2.815350770994005103e-01
7.244048255228604516e-01 2.918011145741523649e-01
7.254933376572825221e-01 3.306182185693931075e-01
7.265818497917045926e-01 2.957446876482023868e-01
7.276703619261267741e-01 2.254586334416117666e-01
7.287588740605488447e-01 2.855904078551319003e-01
7.298473861949710262e-01 2.979499196515984494e-01
7.309358983293930967e-01 3.375664950569863265e-01
7.320244104638151672e-01 3.408335347585591535e-01
7.331129225982373487e-01 2.732915649724887430e-01
7.342014347326594192e-01 2.558858982980289909e-01
7.352899468670814898e-01 3.021032356489463666e-01
7.363784590015036713e-01 2.914865177387344630e-01
7.374669711359257418e-01 2.350101089110658847e-01
7.385554832703479233e-01 2.366439744818027435e-01
7.396439954047699938e-01 2.954724959378349780e-01
7.407325075391920643e-01 3.063741877408698855e-01
7.418210196736141349e-01 2.563507380122107548e-01
7.429095318080363164e-01 2.152084165105083713e-01
7.439980439424584979e-01 2.353768128406930060e-01
7.450865560768805684e-01 1.891002573206659321e-01
7.461750682113026389e-01 1.814520445797214165e-01
7.472635803457247095e-01 1.666225260431577482e-01
7.483520924801468910e-01 1.996561664192757490e-01
7.494406046145689615e-01 2.558398091407525499e-01
7.505291167489911430e-01 2.148749389918442887e-01
7.516176288834132135e-01 2.495037332018821274e-01
7.527061410178352840e-01 2.430605032582278113e-01
7.537946531522574656e-01 2.087992371372564548e-01
7.548831652866795361e-01 2.565217765487943780e-01
7.559716774211016066e-01 2.391356502996035971e-01
7.570601895555237881e-01 3.343443656946245568e-01
7.581487016899458586e-01 2.626652445347836817e-01
7.592372138243680402e-01 2.122590369743182492e-01
7.603257259587901107e-01 1.825434965758443440e-01
7.614142380932121812e-01 1.803504305532452889e-01
7.625027502276342517e-01 2.877114558710545111e-01
7.635912623620564332e-01 2.065808073088284402e-01
7.646797744964786148e-01 1.345954224764192020e-01
7.657682866309006853e-01 1.100242207403692163e-01
7.668567987653227558e-01 6.374258129778098692e-02
7.679453108997448263e-01 3.268583137151992446e-02
7.690338230341670078e-01 3.466725359171718424e-02
7.701223351685890783e-01 2.906922235146680578e-02
7.712108473030112599e-01 0.000000000000000000e+00
7.722993594374333304e-01 4.230293118312022926e-02
7.733878715718554009e-01 3.918444198029913395e-02
7.744763837062775824e-01 8.819470949804575355e-02
7.755648958406996529e-01 2.775704027255332385e-02
7.766534079751217234e-01 0.000000000000000000e+00
7.777419201095439050e-01 0.000000000000000000e+00
7.788304322439659755e-01 0.000000000000000000e+00
7.799189443783881570e-01 0.000000000000000000e+00
7.810074565128102275e-01 0.000000000000000000e+00
7.820959686472322980e-01 0.000000000000000000e+00
7.831844807816543685e-01 0.000000000000000000e+00
7.842729929160765501e-01 0.000000000000000000e+00
7.853615050504987316e-01 0.000000000000000000e+00
7.864500171849208021e-01 0.000000000000000000e+00
7.875385293193428726e-01 0.000000000000000000e+00
7.886270414537649431e-01 0.000000000000000000e+00
7.897155535881871247e-01 0.000000000000000000e+00
7.908040657226091952e-01 0.000000000000000000e+00
7.918925778570313767e-01 0.000000000000000000e+00
7.929810899914534472e-01 0.000000000000000000e+00
7.940696021258755177e-01 0.000000000000000000e+00
7.951581142602976993e-01 0.000000000000000000e+00
7.962466263947197698e-01 0.000000000000000000e+00
7.973351385291418403e-01 0.000000000000000000e+00
7.984236506635640218e-01 0.000000000000000000e+00
7.995121627979860923e-01 0.000000000000000000e+00
8.006006749324081628e-01 0.000000000000000000e+00
8.016891870668303444e-01 0.000000000000000000e+00
8.027776992012525259e-01 0.000000000000000000e+00
8.038662113356744854e-01 0.000000000000000000e+00
8.049547234700966669e-01 0.000000000000000000e+00
8.060432356045187374e-01 0.000000000000000000e+00
8.071317477389409190e-01 0.000000000000000000e+00
8.082202598733631005e-01 0.000000000000000000e+00
8.093087720077850600e-01 0.000000000000000000e+00
8.103972841422072415e-01 0.000000000000000000e+00
8.114857962766293120e-01 0.000000000000000000e+00
8.125743084110514936e-01 0.000000000000000000e+00
8.136628205454736751e-01 0.000000000000000000e+00
8.147513326798956346e-01 0.000000000000000000e+00
8.158398448143178161e-01 0.000000000000000000e+00
8.169283569487397756e-01 0.000000000000000000e+00
8.180168690831619571e-01 0.000000000000000000e+00
8.191053812175841387e-01 0.000000000000000000e+00
8.201938933520062092e-01 0.000000000000000000e+00
8.212824054864283907e-01 0.000000000000000000e+00
8.223709176208503502e-01 0.000000000000000000e+00
8.234594297552725317e-01 0.000000000000000000e+00
8.245479418896947132e-01 0.000000000000000000e+00
8.256364540241167838e-01 0.000000000000000000e+00
8.267249661585389653e-01 0.000000000000000000e+00
8.278134782929609248e-01 0.000000000000000000e+00
8.289019904273831063e-01 0.000000000000000000e+00
8.299905025618052878e-01 0.000000000000000000e+00
8.310790146962272473e-01 0.000000000000000000e+00
8.321675268306494289e-01 0.000000000000000000e+00
8.332560389650714994e-01 0.000000000000000000e+00
8.343445510994936809e-01 0.000000000000000000e+00
8.354330632339158624e-01 0.000000000000000000e+00
8.365215753683378219e-01 0.000000000000000000e+00
8.376100875027600035e-01 0.000000000000000000e+00
8.386985996371820740e-01 0.000000000000000000e+00
8.397871117716042555e-01 0.000000000000000000e+00
8.408756239060264370e-01 0.000000000000000000e+00
8.419641360404483965e-01 0.000000000000000000e+00
8.430526481748705780e-01 0.000000000000000000e+00
8.441411603092925375e-01 0.000000000000000000e+00
8.452296724437147191e-01 0.000000000000000000e+00
8.463181845781369006e-01 0.000000000000000000e+00
8.474066967125589711e-01 0.000000000000000000e+00
8.484952088469811526e-01 0.000000000000000000e+00
8.495837209814033342e-01 0.000000000000000000e+00
8.506722331158252937e-01 0.000000000000000000e+00
8.517607452502474752e-01 0.000000000000000000e+00
8.528492573846695457e-01 0.000000000000000000e+00
8.539377695190917272e-01 0.000000000000000000e+00
8.550262816535139088e-01 0.000000000000000000e+00
8.561147937879358683e-01 0.000000000000000000e+00
8.572033059223580498e-01 0.000000000000000000e+00
8.582918180567800093e-01 0.000000000000000000e+00
8.593803301912021908e-01 0.000000000000000000e+00
8.604688423256243723e-01 0.000000000000000000e+00
8.615573544600464428e-01 0.000000000000000000e+00
8.626458665944686244e-01 0.000000000000000000e+00
8.637343787288905839e-01 0.000000000000000000e+00
8.648228908633127654e-01 0.000000000000000000e+00
8.659114029977349469e-01 0.000000000000000000e+00
8.669999151321570174e-01 0.000000000000000000e+00
8.680884272665791990e-01 0.000000000000000000e+00
8.691769394010011585e-01 0.000000000000000000e+00
8.702654515354233400e-01 0.000000000000000000e+00
8.713539636698455215e-01 0.000000000000000000e+00
8.724424758042674810e-01 0.000000000000000000e+00
8.735309879386896625e-01 0.000000000000000000e+00
8.746195000731117331e-01 0.000000000000000000e+00
8.757080122075339146e-01 0.000000000000000000e+00
8.767965243419560961e-01 0.000000000000000000e+00
8.778850364763780556e-01 0.000000000000000000e+00
8.789735486108002371e-01 0.000000000000000000e+00
8.800620607452223076e-01 0.000000000000000000e+00
8.811505728796444892e-01 0.000000000000000000e+00
8.822390850140666707e-01 0.000000000000000000e+00
8.833275971484886302e-01 0.000000000000000000e+00
8.844161092829108117e-01 0.000000000000000000e+00
8.855046214173327712e-01 0.000000000000000000e+00
8.865931335517549527e-01 0.000000000000000000e+00
8.876816456861771343e-01 0.000000000000000000e+00
8.887701578205992048e-01 0.000000000000000000e+00
8.898586699550213863e-01 0.000000000000000000e+00
8.909471820894433458e-01 0.000000000000000000e+00
8.920356942238655273e-01 0.000000000000000000e+00
8.931242063582877089e-01 0.000000000000000000e+00
8.942127184927097794e-01 0.000000000000000000e+00
8.953012306271319609e-01 0.000000000000000000e+00
8.963897427615539204e-01 0.000000000000000000e+00
8.974782548959761019e-01 0.000000000000000000e+00
8.985667670303982835e-01 0.000000000000000000e+00
8.996552791648202430e-01 0.000000000000000000e+00
9.007437912992424245e-01 0.000000000000000000e+00
9.018323034336646060e-01 0.000000000000000000e+00
9.029208155680866765e-01 0.000000000000000000e+00
9.040093277025088581e-01 0.000000000000000000e+00
9.050978398369308175e-01 0.000000000000000000e+00
9.061863519713529991e-01 0.000000000000000000e+00
9.072748641057751806e-01 0.000000000000000000e+00
9.083633762401972511e-01 0.000000000000000000e+00
9.094518883746194327e-01 0.000000000000000000e+00
9.105404005090413921e-01 0.000000000000000000e+00
9.116289126434635737e-01 0.000000000000000000e+00
9.127174247778857552e-01 0.000000000000000000e+00
9.138059369123077147e-01 0.000000000000000000e+00
9.148944490467298962e-01 0.000000000000000000e+00
9.159829611811519667e-01 0.000000000000000000e+00
9.170714733155741483e-01 0.000000000000000000e+00
9.181599854499963298e-01 0.000000000000000000e+00
9.192484975844182893e-01 0.000000000000000000e+00
9.203370097188404708e-01 0.000000000000000000e+00
9.214255218532625413e-01 0.000000000000000000e+00
9.225140339876847229e-01 0.000000000000000000e+00
9.236025461221069044e-01 0.000000000000000000e+00
9.246910582565288639e-01 0.000000000000000000e+00
9.257795703909510454e-01 0.000000000000000000e+00
9.268680825253730049e-01 0.000000000000000000e+00
9.279565946597951864e-01 0.000000000000000000e+00
9.290451067942173680e-01 0.000000000000000000e+00
9.301336189286394385e-01 0.000000000000000000e+00
9.312221310630616200e-01 0.000000000000000000e+00
9.323106431974835795e-01 0.000000000000000000e+00
9.333991553319057610e-01 0.000000000000000000e+00
9.344876674663279426e-01 0.000000000000000000e+00
9.355761796007500131e-01 0.000000000000000000e+00
9.366646917351721946e-01 0.000000000000000000e+00
9.377532038695941541e-01 0.000000000000000000e+00
9.388417160040163356e-01 0.000000000000000000e+00
9.399302281384385171e-01 0.000000000000000000e+00
9.410187402728604766e-01 0.000000000000000000e+00
9.421072524072826582e-01 0.000000000000000000e+00
9.431957645417047287e-01 0.000000000000000000e+00
9.442842766761269102e-01 0.000000000000000000e+00
9.453727888105490917e-01 0.000000000000000000e+00
9.464613009449710512e-01 0.000000000000000000e+00
9.475498130793932328e-01 0.000000000000000000e+00
9.486383252138154143e-01 0.000000000000000000e+00
9.497268373482374848e-01 0.000000000000000000e+00
9.508153494826596663e-01 0.000000000000000000e+00
9.519038616170816258e-01 0.000000000000000000e+00
9.529923737515038074e-01 0.000000000000000000e+00
9.540808858859259889e-01 0.000000000000000000e+00
9.551693980203479484e-01 0.000000000000000000e+00
9.562579101547701299e-01 0.000000000000000000e+00
9.573464222891922004e-01 0.000000000000000000e+00
9.584349344236143819e-01 0.000000000000000000e+00
9.595234465580365635e-01 0.000000000000000000e+00
9.606119586924585230e-01 0.000000000000000000e+00
9.617004708268807045e-01 0.000000000000000000e+00
9.627889829613027750e-01 0.000000000000000000e+00
9.638774950957249565e-01 0.000000000000000000e+00
9.649660072301471381e-01 0.000000000000000000e+00
9.660545193645690976e-01 0.000000000000000000e+00
9.671430314989912791e-01 0.000000000000000000e+00
9.682315436334132386e-01 0.000000000000000000e+00
9.693200557678354201e-01 0.000000000000000000e+00
9.704085679022576016e-01 0.000000000000000000e+00
9.714970800366796722e-01 0.000000000000000000e+00
9.725855921711018537e-01 0.000000000000000000e+00
9.736741043055238132e-01 0.000000000000000000e+00
9.747626164399459947e-01 0.000000000000000000e+00
9.758511285743681762e-01 0.000000000000000000e+00
9.769396407087902467e-01 0.000000000000000000e+00
9.780281528432124283e-01 0.000000000000000000e+00
9.791166649776343878e-01 0.000000000000000000e+00
9.802051771120565693e-01 0.000000000000000000e+00
9.812936892464787508e-01 0.000000000000000000e+00
9.823822013809007103e-01 0.000000000000000000e+00
9.834707135153228919e-01 0.000000000000000000e+00
9.845592256497449624e-01 0.000000000000000000e+00
9.856477377841671439e-01 0.000000000000000000e+00
9.867362499185893254e-01 0.000000000000000000e+00
9.878247620530112849e-01 0.000000000000000000e+00
9.889132741874334664e-01 0.000000000000000000e+00
9.900017863218555370e-01 0.000000000000000000e+00
9.910902984562777185e-01 0.000000000000000000e+00
9.921788105906999000e-01 0.000000000000000000e+00
9.932673227251218595e-01 0.000000000000000000e+00
9.943558348595440410e-01 0.000000000000000000e+00
9.954443469939662226e-01 0.000000000000000000e+00
9.965328591283881821e-01 0.000000000000000000e+00
9.976213712628103636e-01 0.000000000000000000e+00
9.987098833972324341e-01 0.000000000000000000e+00
9.997983955316546156e-01 0.000000000000000000e+00
