# q (1/Angstrom), Intensity (arb)
2.078726924066784734e-02 2.464329646180265172e+02
2.212838338006469993e-02 3.157537450876794765e+02
2.346949751946154905e-02 3.760249568878292621e+02
2.481061165885840164e-02 4.920897650749699892e+02
2.615172579825525423e-02 5.102902142481786996e+02
2.749283993765210335e-02 4.783709267000494947e+02
2.883395407704895941e-02 4.414106422807274157e+02
3.017506821644580506e-02 4.110801443701192284e+02
3.151618235584265765e-02 3.847018215799131440e+02
3.285729649523951718e-02 3.582823989270270317e+02
3.419841063463636283e-02 3.366664402719987379e+02
3.553952477403321542e-02 3.160849548613303455e+02
3.688063891343006800e-02 3.006450459750066102e+02
3.822175305282692059e-02 2.894704060845809863e+02
3.956286719222376624e-02 2.789721559806944811e+02
4.090398133162062577e-02 2.702498205134468208e+02
4.224509547101747142e-02 2.636341901372101120e+02
4.358620961041432401e-02 2.570580384495438011e+02
4.492732374981117660e-02 2.538203367659577907e+02
4.626843788920802919e-02 2.547192619175118580e+02
4.760955202860488178e-02 2.517239577347589830e+02
4.895066616800172743e-02 2.495217966101064917e+02
5.029178030739858696e-02 2.492808228802255144e+02
5.163289444679544649e-02 2.501258565388017132e+02
5.297400858619229214e-02 2.520173063201194168e+02
5.431512272558913779e-02 2.525288639939392965e+02
5.565623686498599731e-02 2.525901260167000828e+02
5.699735100438284990e-02 2.535893261262144165e+02
5.833846514377969555e-02 2.570407498614916335e+02
5.967957928317654814e-02 2.608958911872237536e+02
6.102069342257340767e-02 2.614541889063676194e+02
6.236180756197025332e-02 2.628676973375363559e+02
6.370292170136709897e-02 2.657803043161306960e+02
6.504403584076395850e-02 2.700144483016056256e+02
6.638514998016080415e-02 2.742748666298793978e+02
6.772626411955766368e-02 2.757162225894571748e+02
6.906737825895450933e-02 2.787147622334450148e+02
7.040849239835136886e-02 2.814820229627690651e+02
7.174960653774821451e-02 2.830963558461652951e+02
7.309072067714506016e-02 2.874769693200787515e+02
7.443183481654190581e-02 2.931802528215316670e+02
7.577294895593877921e-02 2.960581613052793841e+02
7.711406309533562486e-02 2.953400983232878048e+02
7.845517723473247051e-02 2.981832915307541612e+02
7.979629137412933004e-02 2.993059635622262817e+02
8.113740551352617569e-02 3.008141697333635420e+02
8.247851965292302134e-02 3.032341762632715927e+02
8.381963379231988087e-02 3.055269689441582273e+02
8.516074793171674040e-02 3.071879490202074976e+02
8.650186207111358605e-02 3.098947255512754850e+02
8.784297621051043170e-02 3.102999767757443124e+02
8.918409034990729123e-02 3.099214606083403964e+02
9.052520448930413688e-02 3.101924572041183410e+02
9.186631862870098253e-02 3.100578318969535303e+02
9.320743276809784206e-02 3.095579993264678933e+02
9.454854690749470159e-02 3.074495869227654907e+02
9.588966104689154724e-02 3.054016247997531082e+02
9.723077518628839289e-02 3.038729255373532965e+02
9.857188932568525241e-02 2.995655986566615638e+02
9.991300346508209806e-02 2.964389707993968273e+02
1.012541176044789437e-01 2.929516300373859394e+02
1.025952317438758032e-01 2.883189147383072850e+02
1.039363458832726350e-01 2.838495829620409836e+02
1.052774600226694945e-01 2.790433175597340778e+02
1.066185741620663541e-01 2.742310927129565243e+02
1.079596883014631858e-01 2.701498432561314758e+02
1.093008024408600454e-01 2.644635392480456062e+02
1.106419165802569049e-01 2.591821238341989897e+02
1.119830307196537506e-01 2.528323047759618589e+02
1.133241448590506101e-01 2.456812271958959855e+02
1.146652589984474419e-01 2.392244293427493744e+02
1.160063731378443014e-01 2.330548044321600116e+02
1.173474872772411609e-01 2.257489819567119866e+02
1.186886014166380066e-01 2.185796915636408642e+02
1.200297155560348661e-01 2.102852684995482946e+02
1.213708296954317256e-01 2.025734295636054298e+02
1.227119438348285574e-01 1.956579365362405838e+02
1.240530579742254169e-01 1.887826199650689318e+02
1.253941721136222764e-01 1.810667946815629534e+02
1.267352862530191082e-01 1.736381744638414375e+02
1.280764003924159677e-01 1.658283583004839556e+02
1.294175145318128273e-01 1.592416375302945255e+02
1.307586286712096590e-01 1.538447508479247006e+02
1.320997428106065186e-01 1.479140225214474640e+02
1.334408569500033781e-01 1.415388610869218837e+02
1.347819710894002376e-01 1.343839536769608571e+02
1.361230852287970972e-01 1.277687693976470200e+02
1.374641993681939289e-01 1.224263645734777128e+02
1.388053135075907885e-01 1.175900398095473065e+02
1.401464276469876480e-01 1.115576865567216487e+02
1.414875417863844798e-01 1.060657122070132914e+02
1.428286559257813393e-01 1.016756534903114755e+02
1.441697700651781988e-01 9.710373552665879515e+01
1.455108842045750306e-01 9.254909650040978875e+01
1.468519983439718901e-01 8.837489139596428345e+01
1.481931124833687219e-01 8.398903216948880868e+01
1.495342266227655814e-01 7.933754468794340653e+01
1.508753407621624687e-01 7.610513828811417625e+01
1.522164549015593005e-01 7.243271998092014030e+01
1.535575690409561600e-01 6.929730445853164156e+01
1.548986831803530195e-01 6.592891881657885733e+01
1.562397973197498513e-01 6.268403972891729126e+01
1.575809114591467108e-01 5.997768217880360453e+01
1.589220255985435704e-01 5.708742911279242804e+01
1.602631397379404021e-01 5.469935878570008470e+01
1.616042538773372617e-01 5.196039534106444080e+01
1.629453680167341212e-01 4.937498193059275309e+01
1.642864821561309530e-01 4.721083950601898493e+01
1.656275962955278125e-01 4.528933143072737977e+01
1.669687104349246720e-01 4.298996297864199789e+01
1.683098245743215315e-01 4.156709783563429284e+01
1.696509387137183911e-01 3.959868996186379775e+01
1.709920528531152228e-01 3.849325794589758942e+01
1.723331669925120824e-01 3.687461985365222006e+01
1.736742811319089419e-01 3.529680871067336767e+01
1.750153952713057737e-01 3.373497075896779052e+01
1.763565094107026332e-01 3.288850851706285994e+01
1.776976235500994927e-01 3.074478236513755292e+01
1.790387376894963245e-01 2.962135424706538345e+01
1.803798518288931840e-01 2.838462650720173741e+01
1.817209659682900158e-01 2.840568186516767213e+01
1.830620801076868753e-01 2.752886509479596810e+01
1.844031942470837349e-01 2.684014611915064563e+01
1.857443083864805944e-01 2.517952949989660283e+01
1.870854225258774539e-01 2.445288686584738258e+01
1.884265366652743134e-01 2.362589548477100720e+01
1.897676508046711452e-01 2.273757386498347444e+01
1.911087649440680047e-01 2.207070843600748589e+01
1.924498790834648643e-01 2.140030652545183187e+01
1.937909932228616960e-01 2.035447994212221090e+01
1.951321073622585556e-01 1.997571970603761571e+01
1.964732215016554151e-01 1.866445891735217089e+01
1.978143356410522469e-01 1.832298970516208669e+01
1.991554497804491064e-01 1.781850577042731487e+01
2.004965639198459382e-01 1.693956741468763028e+01
2.018376780592427977e-01 1.658721727426219417e+01
2.031787921986396572e-01 1.673398793968039655e+01
2.045199063380365168e-01 1.592792720511336313e+01
2.058610204774333763e-01 1.559222336984973367e+01
2.072021346168302081e-01 1.506778568900673321e+01
2.085432487562270676e-01 1.430256320976859286e+01
2.098843628956239271e-01 1.447282084247935785e+01
2.112254770350207866e-01 1.418286042715229911e+01
2.125665911744176462e-01 1.311477323024611508e+01
2.139077053138144502e-01 1.261291223349807211e+01
2.152488194532113097e-01 1.275139524143050807e+01
2.165899335926081692e-01 1.256525192444981798e+01
2.179310477320050288e-01 1.211303878199784378e+01
2.192721618714018883e-01 1.159783271979870989e+01
2.206132760107987478e-01 1.162168275925795058e+01
2.219543901501955796e-01 1.138873030767841499e+01
2.232955042895924391e-01 1.136841597744974308e+01
2.246366184289892987e-01 1.076725399800402272e+01
2.259777325683861582e-01 1.035874625305365271e+01
2.273188467077830177e-01 1.000179550554301500e+01
2.286599608471798217e-01 1.019655479533229681e+01
2.300010749865766813e-01 1.017248549003423364e+01
2.313421891259735408e-01 9.522952769235111248e+00
2.326833032653704003e-01 9.668129857354472279e+00
2.340244174047672598e-01 9.456514241468525483e+00
2.353655315441641194e-01 9.066142172177499958e+00
2.367066456835609234e-01 8.641192983132384597e+00
2.380477598229577829e-01 8.343780314779579044e+00
2.393888739623546424e-01 8.236522541214924331e+00
2.407299881017515020e-01 8.203035527949644745e+00
2.420711022411483615e-01 8.319871180452892645e+00
2.434122163805451933e-01 7.788724824345059972e+00
2.447533305199420528e-01 7.942154848907165388e+00
2.460944446593389123e-01 7.738105351551105571e+00
2.474355587987357719e-01 7.347637415738283551e+00
2.487766729381326314e-01 7.461170504850336727e+00
2.501177870775294632e-01 7.412538884885520929e+00
2.514589012169263227e-01 6.925496297893857900e+00
2.528000153563231822e-01 6.875089527630713349e+00
2.541411294957200417e-01 6.916586503603646463e+00
2.554822436351169013e-01 6.324501038452233104e+00
2.568233577745137608e-01 6.657531075441049495e+00
2.581644719139106203e-01 6.379876586609846356e+00
2.595055860533074243e-01 6.075981202885436971e+00
2.608467001927042839e-01 6.000318535798179198e+00
2.621878143321011434e-01 6.249055402886796173e+00
2.635289284714980029e-01 5.935739118861668828e+00
2.648700426108948625e-01 5.250987459328541718e+00
2.662111567502916665e-01 5.136421226009787233e+00
2.675522708896885260e-01 5.270845820534056259e+00
2.688933850290853855e-01 4.722256020790055686e+00
2.702344991684822451e-01 4.610876814379139432e+00
2.715756133078791046e-01 4.857838214670998411e+00
2.729167274472759641e-01 4.838449194587070679e+00
2.742578415866727681e-01 4.525139695765460601e+00
2.755989557260696277e-01 4.336496676489247193e+00
2.769400698654664872e-01 4.738154038609508234e+00
2.782811840048633467e-01 5.115256565488607521e+00
2.796222981442602062e-01 4.959549178770458866e+00
2.809634122836570103e-01 4.456449374713194800e+00
2.823045264230538698e-01 3.912209034174765065e+00
2.836456405624507293e-01 4.465830209964657627e+00
2.849867547018475888e-01 3.996187926950725000e+00
2.863278688412444484e-01 3.797633596046239290e+00
2.876689829806413079e-01 4.082919012478612331e+00
2.890100971200381674e-01 4.160553581258220390e+00
2.903512112594350270e-01 3.974975359314512957e+00
2.916923253988318865e-01 3.722329810097200209e+00
2.930334395382287460e-01 3.877278189955816856e+00
2.943745536776256055e-01 3.685028087953043041e+00
2.957156678170224096e-01 3.471684930749255216e+00
2.970567819564192691e-01 3.157610373477808707e+00
2.983978960958161286e-01 3.143413576217469085e+00
2.997390102352129881e-01 3.204071109699192732e+00
3.010801243746098477e-01 3.460862229724909866e+00
3.024212385140067072e-01 2.807783782767060643e+00
3.037623526534035112e-01 2.843131334112051434e+00
3.051034667928003707e-01 3.071085803042507223e+00
3.064445809321972303e-01 3.115909387723469592e+00
3.077856950715940898e-01 3.135575778031387983e+00
3.091268092109909493e-01 2.773638567050319637e+00
3.104679233503877533e-01 2.416088821846791745e+00
3.118090374897846129e-01 2.364219369519688030e+00
3.131501516291814724e-01 2.500005949272967598e+00
3.144912657685783319e-01 2.583267446570907566e+00
3.158323799079751915e-01 2.577615965726387515e+00
3.171734940473720510e-01 2.389907120374665794e+00
3.185146081867689105e-01 2.070080006875564038e+00
3.198557223261657700e-01 1.787286384742074574e+00
3.211968364655626296e-01 2.547046014840631756e+00
3.225379506049594891e-01 2.543409661066839078e+00
3.238790647443563486e-01 2.295944732211296468e+00
3.252201788837532082e-01 2.247359046021266238e+00
3.265612930231500122e-01 2.010422817244261751e+00
3.279024071625468717e-01 1.748329389953731550e+00
3.292435213019437312e-01 1.768904219902978525e+00
3.305846354413405908e-01 1.587165559462626163e+00
3.319257495807374503e-01 1.841242090986277447e+00
3.332668637201342543e-01 2.049007858770721668e+00
3.346079778595311138e-01 1.939623173046285842e+00
3.359490919989279734e-01 1.923470871119626224e+00
3.372902061383248329e-01 1.850799112852925532e+00
3.386313202777216924e-01 1.966400274806282766e+00
3.399724344171185519e-01 2.164653703140842822e+00
3.413135485565153560e-01 1.935147756612259684e+00
3.426546626959122155e-01 1.543397667758270586e+00
3.439957768353090750e-01 1.478018123717539822e+00
3.453368909747059345e-01 1.913790684303393164e+00
3.466780051141027941e-01 1.910041242134802530e+00
3.480191192534995981e-01 1.880198107900788784e+00
3.493602333928964576e-01 1.691169142995981645e+00
3.507013475322933171e-01 2.096206830810885435e+00
3.520424616716901767e-01 1.730853114112541391e+00
3.533835758110870362e-01 1.404975081105398260e+00
3.547246899504838957e-01 1.129116693422844264e+00
3.560658040898807553e-01 1.344381884197765942e+00
3.574069182292776148e-01 1.285074308312744051e+00
3.587480323686744743e-01 1.444318585840299818e+00
3.600891465080713338e-01 1.315328619880418159e+00
3.614302606474681934e-01 1.538654305127124644e+00
3.627713747868649974e-01 1.432651094998064423e+00
3.641124889262618569e-01 1.239580583736049846e+00
3.654536030656587164e-01 1.352515545715313294e+00
3.667947172050555760e-01 1.547616654563682914e+00
3.681358313444524355e-01 9.144094514561516007e-01
3.694769454838492950e-01 7.420649961145642237e-01
3.708180596232460990e-01 1.011354971602102637e+00
3.721591737626429586e-01 1.130520844953707638e+00
3.735002879020398181e-01 1.220889395229129093e+00
3.748414020414366776e-01 1.030624626780287656e+00
3.761825161808335372e-01 1.073798978193444498e+00
3.775236303202303967e-01 1.046357152366752530e+00
3.788647444596272007e-01 9.564693236058587900e-01
3.802058585990240602e-01 8.935429203803053610e-01
3.815469727384209198e-01 1.112009157415883465e+00
3.828880868778177793e-01 8.931895073628552950e-01
3.842292010172146388e-01 7.082557894829619727e-01
3.855703151566114428e-01 8.519404338020493128e-01
3.869114292960083024e-01 8.753078779389653619e-01
3.882525434354051619e-01 4.609670229867717239e-01
3.895936575748020214e-01 6.760059035281997808e-01
3.909347717141988809e-01 1.023031885456916257e+00
3.922758858535957405e-01 1.196445652917667246e+00
3.936169999929926000e-01 1.023628170081870792e+00
3.949581141323894595e-01 6.685815070805034566e-01
3.962992282717863191e-01 7.639309578623993957e-01
3.976403424111831786e-01 1.069890319633906017e+00
3.989814565505800381e-01 8.849349500170049510e-01
4.003225706899768976e-01 7.073545255656199515e-01
4.016636848293737572e-01 9.605123126742967088e-01
4.030047989687706167e-01 8.106886643522486224e-01
4.043459131081674207e-01 1.065976216436766322e+00
4.056870272475643358e-01 1.054394544198089534e+00
4.070281413869611398e-01 8.904830647305388425e-01
4.083692555263580548e-01 5.656210570597366427e-01
4.097103696657548588e-01 5.418633023153773820e-01
4.110514838051517739e-01 9.325675726083773043e-01
4.123925979445485779e-01 8.790005117642110122e-01
4.137337120839453819e-01 7.311720884855290592e-01
4.150748262233422969e-01 1.160720056967576852e+00
4.164159403627391010e-01 9.948003302179841967e-01
4.177570545021360160e-01 1.142497939654234074e+00
4.190981686415328200e-01 9.487291122583556557e-01
4.204392827809296240e-01 1.195112463456531771e+00
4.217803969203265391e-01 1.302378522741470590e+00
4.231215110597233431e-01 9.527694247286149221e-01
4.244626251991202581e-01 1.053343187617009846e+00
4.258037393385170621e-01 1.055309106088060389e+00
4.271448534779138662e-01 7.154633382892683358e-01
4.284859676173107812e-01 4.878542547987194666e-01
4.298270817567075852e-01 8.883230087968385646e-01
4.311681958961045003e-01 7.756947850616100482e-01
4.325093100355013043e-01 4.821913450141011026e-01
4.338504241748981638e-01 5.780426291068962996e-01
4.351915383142950233e-01 6.001506620417345061e-01
4.365326524536918829e-01 6.160278254512689955e-01
4.378737665930887424e-01 6.614761354941691707e-01
4.392148807324856019e-01 6.702529548224447353e-01
4.405559948718824614e-01 8.953934700837962168e-01
4.418971090112793210e-01 9.905521777910877290e-01
4.432382231506761250e-01 8.684159465852658855e-01
4.445793372900730400e-01 9.568912654299168707e-01
4.459204514294698440e-01 8.093073343192003222e-01
4.472615655688667591e-01 8.933078171782895538e-01
4.486026797082635631e-01 6.540447421682671347e-01
4.499437938476603671e-01 6.592397902184146119e-01
4.512849079870572822e-01 3.903979652751559115e-01
4.526260221264540862e-01 5.893232336891287559e-01
4.539671362658510012e-01 8.067605542742271041e-01
4.553082504052478052e-01 7.349864495496447603e-01
4.566493645446446092e-01 6.310886647073559175e-01
4.579904786840415243e-01 4.397382699828469299e-01
4.593315928234383283e-01 7.317353613552697311e-01
4.606727069628352433e-01 8.169025443461279679e-01
4.620138211022320474e-01 6.886764295420775284e-01
4.633549352416289624e-01 6.134306248738710110e-01
4.646960493810257664e-01 6.817764110169619585e-01
4.660371635204225704e-01 4.191952998444676837e-01
4.673782776598194855e-01 3.043020722377178799e-01
4.687193917992162895e-01 4.731253610311370039e-01
4.700605059386132045e-01 5.595912663044870783e-01
4.714016200780100085e-01 3.989386424730128056e-01
4.727427342174068681e-01 7.162465861818461121e-01
4.740838483568037276e-01 5.578171516350138859e-01
4.754249624962005871e-01 6.734069254987673503e-01
4.767660766355974467e-01 5.381074728000214691e-01
4.781071907749943062e-01 2.971549625083156343e-01
4.794483049143911102e-01 1.580215961314337392e-01
4.807894190537880252e-01 2.273626161093744713e-01
4.821305331931848293e-01 4.115127177024220373e-01
4.834716473325817443e-01 6.308377631524209050e-01
4.848127614719785483e-01 7.493103740053967954e-01
4.861538756113753523e-01 6.397363218474794166e-01
4.874949897507722674e-01 3.660167163774019627e-01
4.888361038901690714e-01 7.166064056839829277e-01
4.901772180295659864e-01 7.576023142025078982e-01
4.915183321689627904e-01 6.285258480268041126e-01
4.928594463083597055e-01 6.478082371312865462e-02
4.942005604477565095e-01 3.224015059625315871e-01
4.955416745871533135e-01 6.334750921857832395e-01
4.968827887265502286e-01 4.954882822109496487e-01
4.982239028659470326e-01 1.976625405044742934e-01
4.995650170053439476e-01 3.753894970119660002e-01
5.009061311447408071e-01 5.337613650884023286e-01
5.022472452841375556e-01 5.555857366184966395e-01
5.035883594235345262e-01 4.799265354335702227e-01
5.049294735629312747e-01 4.424153859616239970e-01
5.062705877023282452e-01 7.518457606694681772e-01
5.076117018417249938e-01 5.416037695106368233e-01
5.089528159811218533e-01 3.562304484196658905e-01
5.102939301205187128e-01 3.126144378259283485e-01
5.116350442599155723e-01 2.372072640647289177e-01
5.129761583993124319e-01 2.239411100110118014e-01
5.143172725387092914e-01 2.375456437106890917e-01
5.156583866781061509e-01 4.904954625380852917e-01
5.169995008175030105e-01 4.366643754478261030e-01
5.183406149568997590e-01 6.831242069276228790e-01
5.196817290962967295e-01 7.051986861557537623e-01
5.210228432356934780e-01 5.177868188196868005e-01
5.223639573750904486e-01 4.301645194577901066e-01
5.237050715144871971e-01 6.772648065032313980e-01
5.250461856538840566e-01 3.768954838372664540e-01
5.263872997932809161e-01 4.136719200324563417e-01
5.277284139326777757e-01 3.446627196906533186e-01
5.290695280720746352e-01 1.515468640685710966e-01
5.304106422114714947e-01 2.262176953170893512e-01
5.317517563508683542e-01 4.920259957976185206e-01
5.330928704902652138e-01 1.426207737454774360e-01
5.344339846296620733e-01 3.466632195439629527e-01
5.357750987690589328e-01 5.727965037002960003e-01
5.371162129084557924e-01 6.206021124985383608e-01
5.384573270478525409e-01 1.249652135052841118e-01
5.397984411872495114e-01 4.136886939249961870e-03
5.411395553266462599e-01 2.452376432818752505e-01
5.424806694660432305e-01 2.396280564235695465e-01
5.438217836054399790e-01 1.678416514083949096e-01
5.451628977448369495e-01 1.343486769278996462e-01
5.465040118842336980e-01 0.000000000000000000e+00
5.478451260236305576e-01 1.911957124015302156e-01
5.491862401630274171e-01 4.012569622280892645e-01
5.505273543024242766e-01 2.091046453561133944e-01
5.518684684418211361e-01 3.123436767431968519e-01
5.532095825812179957e-01 6.268268829334644465e-01
5.545506967206147442e-01 4.697892710927220605e-01
5.558918108600117147e-01 1.961877530934401648e-01
5.572329249994084632e-01 5.454307144488552694e-01
5.585740391388054338e-01 2.955412785856665892e-01
5.599151532782021823e-01 4.649956804659396425e-01
5.612562674175990418e-01 4.673657234585206766e-01
5.625973815569959013e-01 3.402314827526566887e-01
5.639384956963927609e-01 3.075983415444838442e-01
5.652796098357896204e-01 3.124360219433910402e-01
5.666207239751864799e-01 2.634048424099688646e-02
5.679618381145833395e-01 1.189650850726664544e-01
5.693029522539801990e-01 3.116679497819561107e-01
5.706440663933770585e-01 4.009696439800762846e-01
5.719851805327739180e-01 3.144578958585313444e-01
5.733262946721707776e-01 2.794425097146842063e-01
5.746674088115676371e-01 3.936118265842836195e-01
5.760085229509644966e-01 3.298841367677596281e-01
5.773496370903612451e-01 2.051994445217104612e-01
5.786907512297582157e-01 4.608685577740345707e-02
5.800318653691549642e-01 4.294475682008140893e-01
5.813729795085519347e-01 3.349553454530820318e-01
5.827140936479486832e-01 2.439125236221002524e-01
5.840552077873455428e-01 3.315747362773251439e-01
5.853963219267424023e-01 2.977950304216463451e-01
5.867374360661392618e-01 1.866528667124995877e-01
5.880785502055361214e-01 1.631734652534930774e-01
5.894196643449329809e-01 3.355967625395379628e-01
5.907607784843297294e-01 5.540600255126690854e-01
5.921018926237266999e-01 3.879100999467723909e-01
5.934430067631234484e-01 3.775837313696541742e-01
5.947841209025204190e-01 3.353654122416713790e-01
5.961252350419171675e-01 2.819639030168659133e-01
5.974663491813141381e-01 5.194257021345123349e-01
5.988074633207108866e-01 2.974770809420448359e-01
