# q (1/Angstrom), Intensity (arb)
2.078726924066784734e-02 6.492925650891180567e+00
2.212838338006469993e-02 1.255012669549512339e+01
2.346949751946154905e-02 1.308882366186151103e+01
2.481061165885840164e-02 1.888618803338331986e+01
2.615172579825525423e-02 2.387208503776304269e+01
2.749283993765210335e-02 2.591139229877256867e+01
2.883395407704895941e-02 2.646938855310108352e+01
3.017506821644580506e-02 2.471894170645518329e+01
3.151618235584265765e-02 1.980958690123347310e+01
3.285729649523951718e-02 1.664761984486978008e+01
3.419841063463636283e-02 1.523827627285643871e+01
3.553952477403321542e-02 1.450039318869808369e+01
3.688063891343006800e-02 1.286740956875975428e+01
3.822175305282692059e-02 1.246501092681764078e+01
3.956286719222376624e-02 1.234921731176021353e+01
4.090398133162062577e-02 1.035798435643316395e+01
4.224509547101747142e-02 1.082330430986911551e+01
4.358620961041432401e-02 9.959968953766889399e+00
4.492732374981117660e-02 9.020936515039778669e+00
4.626843788920802919e-02 8.788065934627397269e+00
4.760955202860488178e-02 8.586177190492186639e+00
4.895066616800172743e-02 8.022989544534041784e+00
5.029178030739858696e-02 8.920201121988114323e+00
5.163289444679544649e-02 8.416477751122975803e+00
5.297400858619229214e-02 6.867379419922421846e+00
5.431512272558913779e-02 7.079468443948023548e+00
5.565623686498599731e-02 6.905795097713415487e+00
5.699735100438284990e-02 7.723628228281100405e+00
5.833846514377969555e-02 7.297303474442578874e+00
5.967957928317654814e-02 6.535690644840713048e+00
6.102069342257340767e-02 6.638643157118053750e+00
6.236180756197025332e-02 6.880270081547479322e+00
6.370292170136709897e-02 6.223560222314326040e+00
6.504403584076395850e-02 6.677711322432301699e+00
6.638514998016080415e-02 6.945775851554131464e+00
6.772626411955766368e-02 6.224291932098694247e+00
6.906737825895450933e-02 6.888055528099634728e+00
7.040849239835136886e-02 5.955008632005984737e+00
7.174960653774821451e-02 5.558163177279865863e+00
7.309072067714506016e-02 6.689470853606806600e+00
7.443183481654190581e-02 6.310978373791328977e+00
7.577294895593877921e-02 6.166873927005745770e+00
7.711406309533562486e-02 5.929355466095771021e+00
7.845517723473247051e-02 6.263782639341997083e+00
7.979629137412933004e-02 6.684919743154495109e+00
8.113740551352617569e-02 6.782823781397333107e+00
8.247851965292302134e-02 6.786444127836304574e+00
8.381963379231988087e-02 6.686344622264265070e+00
8.516074793171674040e-02 6.281186447848440935e+00
8.650186207111358605e-02 6.347959805041675452e+00
8.784297621051043170e-02 5.629143994625927405e+00
8.918409034990729123e-02 5.496311379118616003e+00
9.052520448930413688e-02 6.728930630637286470e+00
9.186631862870098253e-02 6.594664620074574657e+00
9.320743276809784206e-02 6.184770568089803078e+00
9.454854690749470159e-02 5.991712843598641314e+00
9.588966104689154724e-02 5.629189332221983477e+00
9.723077518628839289e-02 5.590715581356050734e+00
9.857188932568525241e-02 6.248665163257975053e+00
9.991300346508209806e-02 6.118204258621780411e+00
1.012541176044789437e-01 6.293125058555489204e+00
1.025952317438758032e-01 6.090541616706175887e+00
1.039363458832726350e-01 6.504179281154087278e+00
1.052774600226694945e-01 6.261422471349739283e+00
1.066185741620663541e-01 6.155292819515643998e+00
1.079596883014631858e-01 6.277506965283905060e+00
1.093008024408600454e-01 6.469120900732107771e+00
1.106419165802569049e-01 6.346647097398211201e+00
1.119830307196537506e-01 6.294561189351895791e+00
1.133241448590506101e-01 5.915127884429494998e+00
1.146652589984474419e-01 5.685018711328858387e+00
1.160063731378443014e-01 5.922790796898723897e+00
1.173474872772411609e-01 5.771381498872187876e+00
1.186886014166380066e-01 5.625377164056281742e+00
1.200297155560348661e-01 4.980678756428595477e+00
1.213708296954317256e-01 5.583727688207879680e+00
1.227119438348285574e-01 5.604896926299147708e+00
1.240530579742254169e-01 6.095816971149787378e+00
1.253941721136222764e-01 6.008011459012138289e+00
1.267352862530191082e-01 5.855586644290283971e+00
1.280764003924159677e-01 6.274070505945331888e+00
1.294175145318128273e-01 6.095887009073564400e+00
1.307586286712096590e-01 5.794099798844804639e+00
1.320997428106065186e-01 5.665395144951460793e+00
1.334408569500033781e-01 6.292848219963858014e+00
1.347819710894002376e-01 6.429867889094104783e+00
1.361230852287970972e-01 5.707809318176437330e+00
1.374641993681939289e-01 5.684456007914327813e+00
1.388053135075907885e-01 6.045282232894351182e+00
1.401464276469876480e-01 5.951734244884896441e+00
1.414875417863844798e-01 5.633292735136222973e+00
1.428286559257813393e-01 5.711353029390068059e+00
1.441697700651781988e-01 6.535060160954550668e+00
1.455108842045750306e-01 6.440221386230319922e+00
1.468519983439718901e-01 5.766508985205085480e+00
1.481931124833687219e-01 5.410815444047784695e+00
1.495342266227655814e-01 5.887493303770462205e+00
1.508753407621624687e-01 6.057750776604805765e+00
1.522164549015593005e-01 6.197182707676851976e+00
1.535575690409561600e-01 5.948869136775087441e+00
1.548986831803530195e-01 5.734974082282278118e+00
1.562397973197498513e-01 5.532758673182733844e+00
1.575809114591467108e-01 6.197536432919257265e+00
1.589220255985435704e-01 6.138131752393093166e+00
1.602631397379404021e-01 5.224682870295822568e+00
1.616042538773372617e-01 5.226626338688134865e+00
1.629453680167341212e-01 4.964094599215954418e+00
1.642864821561309530e-01 5.416336143079945487e+00
1.656275962955278125e-01 5.996782172864193683e+00
1.669687104349246720e-01 5.955875407292168688e+00
1.683098245743215315e-01 5.270798634423911722e+00
1.696509387137183911e-01 5.400085463769286775e+00
1.709920528531152228e-01 5.955721259038355697e+00
1.723331669925120824e-01 6.046489149880002856e+00
1.736742811319089419e-01 5.491772157436898283e+00
1.750153952713057737e-01 5.051873916264142395e+00
1.763565094107026332e-01 5.527411806679410233e+00
1.776976235500994927e-01 6.029559667540773660e+00
1.790387376894963245e-01 5.607858416051065831e+00
1.803798518288931840e-01 5.131327046837128592e+00
1.817209659682900158e-01 5.437828185088321220e+00
1.830620801076868753e-01 5.384206819223301466e+00
1.844031942470837349e-01 5.338430594188920963e+00
1.857443083864805944e-01 5.848837015649856141e+00
1.870854225258774539e-01 5.645712519163403442e+00
1.884265366652743134e-01 5.182145168200598562e+00
1.897676508046711452e-01 4.857661207132565551e+00
1.911087649440680047e-01 5.002308991627501200e+00
1.924498790834648643e-01 5.085692417822613720e+00
1.937909932228616960e-01 4.997148906107128141e+00
1.951321073622585556e-01 5.278263256634637912e+00
1.964732215016554151e-01 5.116406533177901395e+00
1.978143356410522469e-01 4.470627747845007605e+00
1.991554497804491064e-01 4.300757207082654077e+00
2.004965639198459382e-01 4.588505617262477188e+00
2.018376780592427977e-01 4.579050151106109467e+00
2.031787921986396572e-01 5.288721172079924315e+00
2.045199063380365168e-01 5.110805428921644022e+00
2.058610204774333763e-01 4.816627332639960457e+00
2.072021346168302081e-01 4.698511905373187858e+00
2.085432487562270676e-01 5.209105325724017632e+00
2.098843628956239271e-01 5.158151267350874036e+00
2.112254770350207866e-01 4.575098926068775995e+00
2.125665911744176462e-01 4.302192206515798034e+00
2.139077053138144502e-01 4.688783904980255102e+00
2.152488194532113097e-01 4.858570225500216111e+00
2.165899335926081692e-01 4.307079585783036180e+00
2.179310477320050288e-01 4.386445709975618001e+00
2.192721618714018883e-01 4.836440944411975806e+00
2.206132760107987478e-01 5.139381036024218474e+00
2.219543901501955796e-01 5.159974344593749151e+00
2.232955042895924391e-01 4.938103073594980685e+00
2.246366184289892987e-01 4.476936870013098257e+00
2.259777325683861582e-01 4.151903888001442056e+00
2.273188467077830177e-01 4.196091424152079696e+00
2.286599608471798217e-01 4.333324710484717457e+00
2.300010749865766813e-01 4.816283635832682819e+00
2.313421891259735408e-01 4.407918841172524083e+00
2.326833032653704003e-01 4.363789976797143311e+00
2.340244174047672598e-01 4.691182372644711052e+00
2.353655315441641194e-01 4.426193992200758487e+00
2.367066456835609234e-01 4.323475218707393708e+00
2.380477598229577829e-01 4.322748374498729618e+00
2.393888739623546424e-01 4.417741721225958429e+00
2.407299881017515020e-01 4.098408621507601879e+00
2.420711022411483615e-01 4.263926917186999788e+00
2.434122163805451933e-01 4.088469136064141196e+00
2.447533305199420528e-01 4.258745734179832709e+00
2.460944446593389123e-01 4.419123492177519097e+00
2.474355587987357719e-01 4.004791889376285496e+00
2.487766729381326314e-01 4.120804730523012438e+00
2.501177870775294632e-01 4.421044006125498527e+00
2.514589012169263227e-01 3.885257519153093142e+00
2.528000153563231822e-01 3.755203089653619486e+00
2.541411294957200417e-01 3.798470764821885837e+00
2.554822436351169013e-01 3.946094748216623316e+00
2.568233577745137608e-01 4.117956282108679034e+00
2.581644719139106203e-01 3.828668758203939149e+00
2.595055860533074243e-01 3.535749997788485643e+00
2.608467001927042839e-01 3.381076447028483756e+00
2.621878143321011434e-01 3.791971909578705890e+00
2.635289284714980029e-01 3.509220428700913885e+00
2.648700426108948625e-01 3.320700194149388551e+00
2.662111567502916665e-01 3.802150991507296851e+00
2.675522708896885260e-01 4.126020904716007465e+00
2.688933850290853855e-01 3.670817492897640477e+00
2.702344991684822451e-01 3.714057961889459136e+00
2.715756133078791046e-01 3.843922617820169307e+00
2.729167274472759641e-01 3.727840017133040362e+00
2.742578415866727681e-01 3.479294408953201412e+00
2.755989557260696277e-01 3.346907715764324109e+00
2.769400698654664872e-01 3.358717823576640171e+00
2.782811840048633467e-01 3.484385322767039384e+00
2.796222981442602062e-01 3.511667339223507156e+00
2.809634122836570103e-01 3.099681514354202250e+00
2.823045264230538698e-01 3.308776782469031730e+00
2.836456405624507293e-01 3.641853717548826808e+00
2.849867547018475888e-01 3.785333323797800631e+00
2.863278688412444484e-01 3.619354001082776051e+00
2.876689829806413079e-01 3.247965787022565110e+00
2.890100971200381674e-01 3.191465238607818833e+00
2.903512112594350270e-01 3.397852635164362312e+00
2.916923253988318865e-01 3.331069645775414756e+00
2.930334395382287460e-01 3.108196628860461885e+00
2.943745536776256055e-01 3.085458605003843502e+00
2.957156678170224096e-01 2.959284596899351527e+00
2.970567819564192691e-01 2.820283727610480184e+00
2.983978960958161286e-01 3.103383746737392812e+00
2.997390102352129881e-01 3.083713235699669042e+00
3.010801243746098477e-01 2.877762133156082314e+00
3.024212385140067072e-01 3.422186802784047188e+00
3.037623526534035112e-01 3.241685887015719914e+00
3.051034667928003707e-01 3.306090423477158424e+00
3.064445809321972303e-01 3.036398773466807199e+00
3.077856950715940898e-01 2.729783228033078046e+00
3.091268092109909493e-01 2.849554346487359169e+00
3.104679233503877533e-01 2.887108247527301330e+00
3.118090374897846129e-01 2.912676513085408203e+00
3.131501516291814724e-01 2.779927917320236475e+00
3.144912657685783319e-01 2.858789941301040471e+00
3.158323799079751915e-01 3.060614742045608239e+00
3.171734940473720510e-01 2.936971721294519000e+00
3.185146081867689105e-01 2.609693192766968650e+00
3.198557223261657700e-01 2.645437842096420411e+00
3.211968364655626296e-01 2.672063129563802875e+00
3.225379506049594891e-01 2.571794144710530361e+00
3.238790647443563486e-01 2.675613610954570731e+00
3.252201788837532082e-01 2.573654412150993664e+00
3.265612930231500122e-01 2.423093880944385603e+00
3.279024071625468717e-01 2.308268714661743104e+00
3.292435213019437312e-01 2.344642051623651469e+00
3.305846354413405908e-01 2.509605493306459323e+00
3.319257495807374503e-01 2.560059417472025700e+00
3.332668637201342543e-01 2.612056843905776304e+00
3.346079778595311138e-01 2.223548792208049463e+00
3.359490919989279734e-01 2.402391140492476040e+00
3.372902061383248329e-01 2.375432860255038747e+00
3.386313202777216924e-01 2.278043656493998981e+00
3.399724344171185519e-01 2.436350131785232520e+00
3.413135485565153560e-01 2.414329289769938214e+00
3.426546626959122155e-01 2.404520978509729900e+00
3.439957768353090750e-01 2.435503187007363124e+00
3.453368909747059345e-01 2.658662477060168783e+00
3.466780051141027941e-01 2.732976340690058237e+00
3.480191192534995981e-01 2.134277881259862397e+00
3.493602333928964576e-01 2.036122668297231542e+00
3.507013475322933171e-01 2.010931592473269802e+00
3.520424616716901767e-01 1.892223228543734592e+00
3.533835758110870362e-01 2.031968952337415146e+00
3.547246899504838957e-01 2.258648658369160955e+00
3.560658040898807553e-01 2.253225567217896241e+00
3.574069182292776148e-01 2.227168849966282949e+00
3.587480323686744743e-01 2.319265655558517381e+00
3.600891465080713338e-01 2.578656839881134033e+00
3.614302606474681934e-01 2.309409352777528568e+00
3.627713747868649974e-01 2.333747987216604258e+00
3.641124889262618569e-01 1.937246287197126549e+00
3.654536030656587164e-01 1.921839798906660235e+00
3.667947172050555760e-01 1.982867857251456201e+00
3.681358313444524355e-01 2.187366366530547168e+00
3.694769454838492950e-01 2.199371272223629603e+00
3.708180596232460990e-01 2.184312661783593512e+00
3.721591737626429586e-01 2.093746062843422351e+00
3.735002879020398181e-01 2.172789865451420610e+00
3.748414020414366776e-01 2.102897992257290127e+00
3.761825161808335372e-01 2.134353958895943038e+00
3.775236303202303967e-01 1.843238813215450023e+00
3.788647444596272007e-01 2.225289073226591086e+00
3.802058585990240602e-01 2.352223380363113847e+00
3.815469727384209198e-01 1.875079565150699068e+00
3.828880868778177793e-01 1.914227706948977925e+00
3.842292010172146388e-01 1.891435096750413436e+00
3.855703151566114428e-01 2.401639624802704986e+00
3.869114292960083024e-01 2.174319426303668479e+00
3.882525434354051619e-01 2.007133066079674677e+00
3.895936575748020214e-01 1.757519079661570061e+00
3.909347717141988809e-01 1.743790177055501545e+00
3.922758858535957405e-01 1.808820859973934603e+00
3.936169999929926000e-01 1.779104366405292126e+00
3.949581141323894595e-01 1.857670491248114786e+00
3.962992282717863191e-01 1.899097905980710266e+00
3.976403424111831786e-01 1.469504023517409053e+00
3.989814565505800381e-01 1.658312443806671865e+00
4.003225706899768976e-01 1.572070393466724170e+00
4.016636848293737572e-01 1.787085136549627862e+00
4.030047989687706167e-01 1.710798790356953702e+00
4.043459131081674207e-01 1.759183992968871735e+00
4.056870272475643358e-01 1.648470206904505631e+00
4.070281413869611398e-01 1.750000708183158338e+00
4.083692555263580548e-01 1.778332918332836243e+00
4.097103696657548588e-01 1.839343304085893749e+00
4.110514838051517739e-01 1.649656683739735286e+00
4.123925979445485779e-01 1.584251094352673306e+00
4.137337120839453819e-01 1.626349996211445159e+00
4.150748262233422969e-01 1.488633378536661667e+00
4.164159403627391010e-01 1.490104243661264150e+00
4.177570545021360160e-01 1.594275889842961647e+00
4.190981686415328200e-01 1.664478144101011026e+00
4.204392827809296240e-01 1.958321388792093387e+00
4.217803969203265391e-01 1.804307534323157824e+00
4.231215110597233431e-01 1.505189822140003741e+00
4.244626251991202581e-01 1.671112051653942387e+00
4.258037393385170621e-01 1.661696214738753952e+00
4.271448534779138662e-01 1.391427432858080238e+00
4.284859676173107812e-01 1.372801702131646095e+00
4.298270817567075852e-01 1.237747415390124672e+00
4.311681958961045003e-01 1.296226793679295497e+00
4.325093100355013043e-01 1.000235404831009589e+00
4.338504241748981638e-01 1.337645107705505154e+00
4.351915383142950233e-01 1.430711311480408199e+00
4.365326524536918829e-01 1.425253960092398131e+00
4.378737665930887424e-01 1.586305643648870500e+00
4.392148807324856019e-01 1.495631036862619112e+00
4.405559948718824614e-01 1.488387129657439800e+00
4.418971090112793210e-01 1.460821334858529497e+00
4.432382231506761250e-01 1.335875317709003696e+00
4.445793372900730400e-01 1.248200250208938655e+00
4.459204514294698440e-01 1.163802641377891689e+00
4.472615655688667591e-01 1.122101273151763223e+00
4.486026797082635631e-01 1.208466453818211050e+00
4.499437938476603671e-01 1.276968051797688020e+00
4.512849079870572822e-01 1.589139030446801826e+00
4.526260221264540862e-01 1.582957265931767665e+00
4.539671362658510012e-01 1.503986840781799117e+00
4.553082504052478052e-01 1.351822300941719845e+00
4.566493645446446092e-01 1.349243745665312133e+00
4.579904786840415243e-01 1.406615748783053732e+00
4.593315928234383283e-01 1.129547283667676538e+00
4.606727069628352433e-01 1.034783593618698205e+00
4.620138211022320474e-01 1.464189308875297968e+00
4.633549352416289624e-01 1.400867167930364587e+00
4.646960493810257664e-01 1.584107290118915046e+00
4.660371635204225704e-01 1.349296166827585353e+00
4.673782776598194855e-01 9.597757372752511174e-01
4.687193917992162895e-01 1.104941313601280228e+00
4.700605059386132045e-01 1.276225005994525930e+00
4.714016200780100085e-01 1.173717382920415275e+00
4.727427342174068681e-01 1.167791963746815043e+00
4.740838483568037276e-01 1.278383829861788001e+00
4.754249624962005871e-01 1.162736924615032308e+00
4.767660766355974467e-01 9.123452617093477102e-01
4.781071907749943062e-01 8.467456853847821208e-01
4.794483049143911102e-01 1.190452757937372041e+00
4.807894190537880252e-01 1.099251906083161145e+00
4.821305331931848293e-01 1.064237116665218252e+00
4.834716473325817443e-01 1.204957945120597174e+00
4.848127614719785483e-01 1.007761565468911158e+00
4.861538756113753523e-01 1.018655554842588629e+00
4.874949897507722674e-01 8.728723068285688669e-01
4.888361038901690714e-01 1.131899245818708266e+00
4.901772180295659864e-01 1.411116447874128710e+00
4.915183321689627904e-01 1.251375540110792883e+00
4.928594463083597055e-01 8.131271520870981817e-01
4.942005604477565095e-01 7.153173104787100556e-01
4.955416745871533135e-01 9.157810983360761270e-01
4.968827887265502286e-01 8.840449485485706305e-01
4.982239028659470326e-01 7.469503235858425683e-01
4.995650170053439476e-01 7.106854097611758903e-01
5.009061311447408071e-01 6.498340682755525677e-01
5.022472452841375556e-01 1.022752799067561114e+00
5.035883594235345262e-01 1.065940744517192229e+00
5.049294735629312747e-01 7.798973092079464209e-01
5.062705877023282452e-01 8.769030039956220435e-01
5.076117018417249938e-01 9.688139309768217800e-01
5.089528159811218533e-01 1.057863317707081308e+00
5.102939301205187128e-01 9.515966298685469837e-01
5.116350442599155723e-01 1.083727038198823323e+00
5.129761583993124319e-01 8.716183405777471194e-01
5.143172725387092914e-01 7.850160745867924561e-01
5.156583866781061509e-01 7.296046949817380778e-01
5.169995008175030105e-01 7.784720045708155567e-01
5.183406149568997590e-01 6.819923806687455681e-01
5.196817290962967295e-01 9.229068555487032199e-01
5.210228432356934780e-01 8.771842542249004282e-01
5.223639573750904486e-01 8.076214780260002613e-01
5.237050715144871971e-01 9.002302273980689051e-01
5.250461856538840566e-01 9.563601148388158890e-01
5.263872997932809161e-01 7.587553498460977153e-01
5.277284139326777757e-01 7.620152985198487272e-01
5.290695280720746352e-01 8.596422568615196269e-01
5.304106422114714947e-01 6.768150409273445689e-01
5.317517563508683542e-01 4.762098336527174069e-01
5.330928704902652138e-01 6.753321795484907852e-01
5.344339846296620733e-01 5.841735339455667031e-01
5.357750987690589328e-01 5.615304933029960921e-01
5.371162129084557924e-01 5.492685149615894602e-01
5.384573270478525409e-01 5.132451888856763844e-01
5.397984411872495114e-01 7.137863328863858214e-01
5.411395553266462599e-01 6.825343511094459359e-01
5.424806694660432305e-01 7.125530518323444085e-01
5.438217836054399790e-01 6.401652964181963057e-01
5.451628977448369495e-01 5.124809047493670278e-01
5.465040118842336980e-01 4.786597519645283683e-01
5.478451260236305576e-01 6.926742879923750706e-01
5.491862401630274171e-01 7.118957366006810616e-01
5.505273543024242766e-01 5.725456467990071019e-01
5.518684684418211361e-01 3.654652533330562392e-01
5.532095825812179957e-01 4.541408135194515694e-01
5.545506967206147442e-01 6.165914047070870652e-01
5.558918108600117147e-01 4.228690777287766878e-01
5.572329249994084632e-01 5.013408710684146286e-01
5.585740391388054338e-01 5.142809948228901362e-01
5.599151532782021823e-01 6.331520902960008357e-01
5.612562674175990418e-01 7.037002882961189698e-01
5.625973815569959013e-01 3.586592121747287365e-01
5.639384956963927609e-01 4.795493960284105128e-01
5.652796098357896204e-01 2.967490831789660888e-01
5.666207239751864799e-01 2.953879864191932825e-01
5.679618381145833395e-01 2.957258321804872025e-01
5.693029522539801990e-01 3.524881768594312348e-01
5.706440663933770585e-01 5.322097168000610168e-01
5.719851805327739180e-01 2.134144697452668993e-01
5.733262946721707776e-01 1.720878447137508260e-01
5.746674088115676371e-01 2.229399083388656777e-01
5.760085229509644966e-01 5.074664999981948199e-01
5.773496370903612451e-01 7.581382855698990397e-01
5.786907512297582157e-01 5.782596158193058500e-01
5.800318653691549642e-01 4.334590445065629183e-01
5.813729795085519347e-01 1.624842939016986065e-01
5.827140936479486832e-01 4.306917817797426551e-01
5.840552077873455428e-01 2.052812414303559763e-01
5.853963219267424023e-01 4.188180302378370357e-01
5.867374360661392618e-01 5.589817138138570840e-01
5.880785502055361214e-01 4.577248508668816385e-01
5.894196643449329809e-01 2.509135611277528710e-01
5.907607784843297294e-01 1.695815862748091263e-01
5.921018926237266999e-01 2.072179791341994815e-01
5.934430067631234484e-01 1.584657622040381852e-01
5.947841209025204190e-01 8.193060026800225160e-02
5.961252350419171675e-01 1.674358947979754930e-01
5.974663491813141381e-01 0.000000000000000000e+00
5.988074633207108866e-01 1.758608544998025991e-01
