# q (1/Angstrom), Intensity (arb)
2.078726924066784734e-02 0.000000000000000000e+00
2.212838338006469993e-02 1.363096892267478211e+01
2.346949751946154905e-02 2.523645688620518968e+01
2.481061165885840164e-02 3.195589931973398734e+01
2.615172579825525423e-02 3.248237423128352930e+01
2.749283993765210335e-02 3.646934680763484948e+01
2.883395407704895941e-02 3.665516592108235727e+01
3.017506821644580506e-02 3.691052364567377708e+01
3.151618235584265765e-02 3.816311150077757475e+01
3.285729649523951718e-02 3.489259536840049236e+01
3.419841063463636283e-02 3.300706331393143955e+01
3.553952477403321542e-02 3.089972397703584761e+01
3.688063891343006800e-02 3.139760454588045491e+01
3.822175305282692059e-02 2.899535316120153539e+01
3.956286719222376624e-02 2.826641766668976175e+01
4.090398133162062577e-02 2.887026049544402895e+01
4.224509547101747142e-02 2.781797757572999785e+01
4.358620961041432401e-02 2.441642340753696772e+01
4.492732374981117660e-02 2.378984127971531848e+01
4.626843788920802919e-02 2.444705806024491324e+01
4.760955202860488178e-02 2.369258093170894597e+01
4.895066616800172743e-02 2.216746163065077724e+01
5.029178030739858696e-02 2.144272811977006654e+01
5.163289444679544649e-02 2.260405944266418032e+01
5.297400858619229214e-02 2.122697936920400252e+01
5.431512272558913779e-02 2.042061518383695784e+01
5.565623686498599731e-02 2.038360196863305873e+01
5.699735100438284990e-02 2.102236791730101118e+01
5.833846514377969555e-02 2.149485313151181742e+01
5.967957928317654814e-02 1.998902056132541816e+01
6.102069342257340767e-02 2.010780514479181136e+01
6.236180756197025332e-02 2.002258420238943870e+01
6.370292170136709897e-02 2.047607318360947204e+01
6.504403584076395850e-02 2.070579675813986853e+01
6.638514998016080415e-02 2.031112054843909220e+01
6.772626411955766368e-02 2.029088868488786090e+01
6.906737825895450933e-02 2.072859512980036811e+01
7.040849239835136886e-02 1.985250700455637229e+01
7.174960653774821451e-02 1.890337264007889928e+01
7.309072067714506016e-02 1.958521459125154252e+01
7.443183481654190581e-02 1.950476116910431301e+01
7.577294895593877921e-02 1.990952353913625927e+01
7.711406309533562486e-02 2.011830426528499061e+01
7.845517723473247051e-02 1.917210536698959800e+01
7.979629137412933004e-02 2.045404200668151873e+01
8.113740551352617569e-02 1.929338124193685644e+01
8.247851965292302134e-02 1.860868101714581258e+01
8.381963379231988087e-02 1.913149562939354098e+01
8.516074793171674040e-02 2.019921300227534289e+01
8.650186207111358605e-02 1.902990779458306747e+01
8.784297621051043170e-02 1.882772067269580418e+01
8.918409034990729123e-02 1.872954859074728517e+01
9.052520448930413688e-02 1.896733128521671574e+01
9.186631862870098253e-02 1.861725402627858728e+01
9.320743276809784206e-02 1.897938761771749228e+01
9.454854690749470159e-02 1.905908667508502674e+01
9.588966104689154724e-02 1.822263155723943839e+01
9.723077518628839289e-02 1.855596411036552240e+01
9.857188932568525241e-02 1.899187151228009895e+01
9.991300346508209806e-02 1.921988058490767060e+01
1.012541176044789437e-01 1.927541616867247853e+01
1.025952317438758032e-01 1.875605422308834136e+01
1.039363458832726350e-01 1.853713947709408671e+01
1.052774600226694945e-01 1.889833893991787761e+01
1.066185741620663541e-01 1.885360195394633820e+01
1.079596883014631858e-01 1.894235086601112528e+01
1.093008024408600454e-01 1.956796613117349182e+01
1.106419165802569049e-01 1.987486157702731759e+01
1.119830307196537506e-01 1.922029123409478757e+01
1.133241448590506101e-01 1.875158645326443718e+01
1.146652589984474419e-01 1.883646396520133237e+01
1.160063731378443014e-01 1.880716967027623809e+01
1.173474872772411609e-01 1.886718382718878217e+01
1.186886014166380066e-01 1.971975963011870192e+01
1.200297155560348661e-01 1.997358294077464791e+01
1.213708296954317256e-01 1.930304444611830661e+01
1.227119438348285574e-01 1.965889783403450508e+01
1.240530579742254169e-01 1.919402533037501257e+01
1.253941721136222764e-01 1.930612870921358137e+01
1.267352862530191082e-01 2.045972589786053675e+01
1.280764003924159677e-01 1.948924857450533921e+01
1.294175145318128273e-01 1.899582415114346645e+01
1.307586286712096590e-01 1.838878924418231975e+01
1.320997428106065186e-01 1.859532105839357996e+01
1.334408569500033781e-01 1.933928955965714636e+01
1.347819710894002376e-01 1.901786291824518571e+01
1.361230852287970972e-01 1.855169196438830426e+01
1.374641993681939289e-01 1.893978924532488151e+01
1.388053135075907885e-01 1.896199125814204223e+01
1.401464276469876480e-01 1.950066496066417443e+01
1.414875417863844798e-01 1.937788586213189035e+01
1.428286559257813393e-01 1.906067162674108317e+01
1.441697700651781988e-01 1.851922739647439897e+01
1.455108842045750306e-01 1.857822231634000332e+01
1.468519983439718901e-01 1.885406143486571295e+01
1.481931124833687219e-01 1.810223112287254565e+01
1.495342266227655814e-01 1.843010748551635203e+01
1.508753407621624687e-01 1.852171748286015429e+01
1.522164549015593005e-01 1.866422498127236906e+01
1.535575690409561600e-01 1.916057501184828737e+01
1.548986831803530195e-01 1.895658064016043198e+01
1.562397973197498513e-01 1.820409762213851934e+01
1.575809114591467108e-01 1.813510058937060876e+01
1.589220255985435704e-01 1.839393825443602992e+01
1.602631397379404021e-01 1.851348781796008325e+01
1.616042538773372617e-01 1.775368922982002573e+01
1.629453680167341212e-01 1.822587025636011759e+01
1.642864821561309530e-01 1.838241147204055892e+01
1.656275962955278125e-01 1.784849315244478873e+01
1.669687104349246720e-01 1.850603874396637849e+01
1.683098245743215315e-01 1.857524897830127486e+01
1.696509387137183911e-01 1.832664415081276843e+01
1.709920528531152228e-01 1.826741709625658672e+01
1.723331669925120824e-01 1.837741552787451838e+01
1.736742811319089419e-01 1.852668518623999461e+01
1.750153952713057737e-01 1.833136789531064181e+01
1.763565094107026332e-01 1.824638635408422971e+01
1.776976235500994927e-01 1.841682451640552642e+01
1.790387376894963245e-01 1.790822992847976280e+01
1.803798518288931840e-01 1.797704859097454744e+01
1.817209659682900158e-01 1.760007651498300874e+01
1.830620801076868753e-01 1.792925561494919862e+01
1.844031942470837349e-01 1.740912815969355876e+01
1.857443083864805944e-01 1.720020860728308065e+01
1.870854225258774539e-01 1.772957218224353682e+01
1.884265366652743134e-01 1.798468981679292256e+01
1.897676508046711452e-01 1.772367768643049857e+01
1.911087649440680047e-01 1.743783379203570405e+01
1.924498790834648643e-01 1.731589877101161790e+01
1.937909932228616960e-01 1.732246929067121499e+01
1.951321073622585556e-01 1.730280840499408868e+01
1.964732215016554151e-01 1.715409893493101379e+01
1.978143356410522469e-01 1.690649441952228926e+01
1.991554497804491064e-01 1.700548056492151971e+01
2.004965639198459382e-01 1.681521797786059835e+01
2.018376780592427977e-01 1.691579441079276336e+01
2.031787921986396572e-01 1.683639087906234266e+01
2.045199063380365168e-01 1.649811309903726197e+01
2.058610204774333763e-01 1.664044723834649631e+01
2.072021346168302081e-01 1.538636299396083018e+01
2.085432487562270676e-01 1.470946198227638035e+01
2.098843628956239271e-01 1.591735005351947052e+01
2.112254770350207866e-01 1.580318869260543124e+01
2.125665911744176462e-01 1.591994057456361134e+01
2.139077053138144502e-01 1.597867186887236812e+01
2.152488194532113097e-01 1.565169309316623725e+01
2.165899335926081692e-01 1.576801327519990537e+01
2.179310477320050288e-01 1.593480410794850144e+01
2.192721618714018883e-01 1.580355903204450385e+01
2.206132760107987478e-01 1.543862564426399331e+01
2.219543901501955796e-01 1.521555315897568761e+01
2.232955042895924391e-01 1.564474199027544898e+01
2.246366184289892987e-01 1.531736615647214705e+01
2.259777325683861582e-01 1.506624188649669804e+01
2.273188467077830177e-01 1.496310180816956859e+01
2.286599608471798217e-01 1.510171333880284550e+01
2.300010749865766813e-01 1.475869994122819406e+01
2.313421891259735408e-01 1.493366722017018589e+01
2.326833032653704003e-01 1.461296510987060060e+01
2.340244174047672598e-01 1.454815062541806014e+01
2.353655315441641194e-01 1.497067462463684251e+01
2.367066456835609234e-01 1.471925119064053433e+01
2.380477598229577829e-01 1.469678406999435083e+01
2.393888739623546424e-01 1.419217993173970171e+01
2.407299881017515020e-01 1.392582264296021322e+01
2.420711022411483615e-01 1.388920608806060386e+01
2.434122163805451933e-01 1.396186919185853981e+01
2.447533305199420528e-01 1.387226682116630627e+01
2.460944446593389123e-01 1.410210564511309883e+01
2.474355587987357719e-01 1.377362212667905794e+01
2.487766729381326314e-01 1.324992761461081159e+01
2.501177870775294632e-01 1.327090615121633732e+01
2.514589012169263227e-01 1.364494115430890986e+01
2.528000153563231822e-01 1.377728515311199686e+01
2.541411294957200417e-01 1.393660558672063843e+01
2.554822436351169013e-01 1.363653619557096164e+01
2.568233577745137608e-01 1.298444667916329109e+01
2.581644719139106203e-01 1.305831674679467369e+01
2.595055860533074243e-01 1.294398524758240399e+01
2.608467001927042839e-01 1.271607723551856139e+01
2.621878143321011434e-01 1.242388066519361445e+01
2.635289284714980029e-01 1.206154496191319936e+01
2.648700426108948625e-01 1.227103655816339511e+01
2.662111567502916665e-01 1.242672120169871164e+01
2.675522708896885260e-01 1.232463809378295849e+01
2.688933850290853855e-01 1.227758250634407489e+01
2.702344991684822451e-01 1.245797246152928750e+01
2.715756133078791046e-01 1.179859978895740369e+01
2.729167274472759641e-01 1.154120244409709528e+01
2.742578415866727681e-01 1.121888115646188311e+01
2.755989557260696277e-01 1.109727776482197470e+01
2.769400698654664872e-01 1.031759240590388060e+01
2.782811840048633467e-01 1.125381364102421600e+01
2.796222981442602062e-01 1.147541965464523628e+01
2.809634122836570103e-01 1.167701785867998865e+01
2.823045264230538698e-01 1.124839700327397907e+01
2.836456405624507293e-01 1.092621967113420567e+01
2.849867547018475888e-01 1.088818490414837470e+01
2.863278688412444484e-01 1.104883753193721674e+01
2.876689829806413079e-01 1.123632942937076251e+01
2.890100971200381674e-01 1.093766155611832858e+01
2.903512112594350270e-01 1.054810457087553743e+01
2.916923253988318865e-01 1.065526728840125514e+01
2.930334395382287460e-01 1.092258449775120255e+01
2.943745536776256055e-01 1.041136752415639677e+01
2.957156678170224096e-01 9.982477478793455816e+00
2.970567819564192691e-01 1.003728855201006098e+01
2.983978960958161286e-01 9.982538473247963395e+00
2.997390102352129881e-01 1.056476865619113426e+01
3.010801243746098477e-01 1.040000524837082452e+01
3.024212385140067072e-01 9.866631750010476765e+00
3.037623526534035112e-01 1.009875367645767597e+01
3.051034667928003707e-01 1.001444521985388292e+01
3.064445809321972303e-01 9.618919447875185824e+00
3.077856950715940898e-01 9.851025539614610693e+00
3.091268092109909493e-01 9.579539405588789691e+00
3.104679233503877533e-01 9.379481562092600200e+00
3.118090374897846129e-01 9.082817322069480781e+00
3.131501516291814724e-01 9.403009224028650692e+00
3.144912657685783319e-01 9.490392797815601966e+00
3.158323799079751915e-01 9.195975575337925534e+00
3.171734940473720510e-01 8.800718311105434566e+00
3.185146081867689105e-01 8.909815417278352356e+00
3.198557223261657700e-01 9.423564368414005799e+00
3.211968364655626296e-01 9.472446424890783589e+00
3.225379506049594891e-01 8.457248063229776847e+00
3.238790647443563486e-01 8.937218379166104398e+00
3.252201788837532082e-01 8.805408476341398227e+00
3.265612930231500122e-01 8.700507911698430519e+00
3.279024071625468717e-01 8.776048768584288950e+00
3.292435213019437312e-01 8.749447786782241110e+00
3.305846354413405908e-01 8.830664350683456121e+00
3.319257495807374503e-01 8.262614513894646961e+00
3.332668637201342543e-01 8.079009761243526100e+00
3.346079778595311138e-01 8.133468321475170626e+00
3.359490919989279734e-01 8.309842896217354280e+00
3.372902061383248329e-01 7.958703726321552097e+00
3.386313202777216924e-01 8.383124119597908930e+00
3.399724344171185519e-01 8.112271423081928390e+00
3.413135485565153560e-01 7.660250116276323240e+00
3.426546626959122155e-01 7.646821598221542615e+00
3.439957768353090750e-01 7.503212909116328433e+00
3.453368909747059345e-01 7.799250491683174857e+00
3.466780051141027941e-01 7.620381338005479677e+00
3.480191192534995981e-01 7.639648715756841568e+00
3.493602333928964576e-01 7.378806724190184241e+00
3.507013475322933171e-01 7.341030885787041882e+00
3.520424616716901767e-01 7.509680550473774474e+00
3.533835758110870362e-01 7.281485421450796025e+00
3.547246899504838957e-01 7.403416330139044987e+00
3.560658040898807553e-01 7.812722453784857635e+00
3.574069182292776148e-01 7.619399089285984417e+00
3.587480323686744743e-01 7.129200292387857019e+00
3.600891465080713338e-01 7.295374014155498799e+00
3.614302606474681934e-01 7.075436665868068076e+00
3.627713747868649974e-01 6.772486778182248202e+00
3.641124889262618569e-01 6.908330689950410886e+00
3.654536030656587164e-01 6.988127637069915465e+00
3.667947172050555760e-01 6.871855986125645188e+00
3.681358313444524355e-01 7.229764772424147168e+00
3.694769454838492950e-01 7.227672949008351111e+00
3.708180596232460990e-01 6.569481528015856497e+00
3.721591737626429586e-01 6.930066280820092572e+00
3.735002879020398181e-01 7.222893478907131737e+00
3.748414020414366776e-01 6.573390446371909945e+00
3.761825161808335372e-01 6.519500518149406787e+00
3.775236303202303967e-01 6.711426333497563235e+00
3.788647444596272007e-01 6.502178262315801760e+00
3.802058585990240602e-01 6.714370517662921145e+00
3.815469727384209198e-01 6.535880453315620287e+00
3.828880868778177793e-01 6.209062168105184298e+00
3.842292010172146388e-01 6.145226421694623298e+00
3.855703151566114428e-01 6.589980162338967773e+00
3.869114292960083024e-01 6.551987576733509400e+00
3.882525434354051619e-01 6.298547647282852324e+00
3.895936575748020214e-01 5.915427306904604166e+00
3.909347717141988809e-01 5.694001893202191411e+00
3.922758858535957405e-01 6.036083859235212401e+00
3.936169999929926000e-01 5.918110803177746959e+00
3.949581141323894595e-01 5.965981391832379188e+00
3.962992282717863191e-01 6.382839925840947615e+00
3.976403424111831786e-01 6.153366495398721270e+00
3.989814565505800381e-01 5.853230078038436091e+00
4.003225706899768976e-01 6.323942444039488464e+00
4.016636848293737572e-01 5.943643185157668540e+00
4.030047989687706167e-01 5.529359961197414464e+00
4.043459131081674207e-01 6.006382638804780072e+00
4.056870272475643358e-01 6.171186285183985376e+00
4.070281413869611398e-01 5.892567711399394170e+00
4.083692555263580548e-01 5.327061058239294766e+00
4.097103696657548588e-01 5.534790432193339882e+00
4.110514838051517739e-01 5.598412201652244846e+00
4.123925979445485779e-01 5.723415614475776181e+00
4.137337120839453819e-01 5.439783148392415058e+00
4.150748262233422969e-01 5.393102753084356493e+00
4.164159403627391010e-01 5.744359781543529664e+00
4.177570545021360160e-01 5.882634652052317392e+00
4.190981686415328200e-01 5.745453423536226012e+00
4.204392827809296240e-01 5.391274356612669294e+00
4.217803969203265391e-01 5.071963524391101430e+00
4.231215110597233431e-01 5.371904895371066857e+00
4.244626251991202581e-01 5.652625402484687811e+00
4.258037393385170621e-01 5.265982676340179580e+00
4.271448534779138662e-01 4.952108458551933268e+00
4.284859676173107812e-01 5.248140972653487779e+00
4.298270817567075852e-01 5.081678863459423212e+00
4.311681958961045003e-01 5.005728270185677786e+00
4.325093100355013043e-01 5.028023685881208849e+00
4.338504241748981638e-01 5.321461499806787288e+00
4.351915383142950233e-01 5.263664233706911944e+00
4.365326524536918829e-01 5.356947516567252876e+00
4.378737665930887424e-01 5.304904205025962938e+00
4.392148807324856019e-01 5.112270221612497778e+00
4.405559948718824614e-01 4.647257846216760413e+00
4.418971090112793210e-01 4.937593905917360360e+00
4.432382231506761250e-01 5.043730495582259721e+00
4.445793372900730400e-01 4.772756200933791604e+00
4.459204514294698440e-01 4.601115146696848512e+00
4.472615655688667591e-01 4.512128876682766077e+00
4.486026797082635631e-01 4.916967325949308076e+00
4.499437938476603671e-01 5.279988525737145721e+00
4.512849079870572822e-01 5.305114826306322584e+00
4.526260221264540862e-01 5.269670698995561509e+00
4.539671362658510012e-01 5.424158605397543909e+00
4.553082504052478052e-01 5.369276834188056569e+00
4.566493645446446092e-01 4.904355717611181831e+00
4.579904786840415243e-01 5.050800239723244545e+00
4.593315928234383283e-01 4.891996191431729812e+00
4.606727069628352433e-01 4.665256263602600484e+00
4.620138211022320474e-01 4.618569602752970127e+00
4.633549352416289624e-01 4.360560933324656219e+00
4.646960493810257664e-01 4.331687339785574409e+00
4.660371635204225704e-01 4.960686992166401410e+00
4.673782776598194855e-01 4.961350387786154670e+00
4.687193917992162895e-01 4.739931004705049133e+00
4.700605059386132045e-01 4.824198067155592184e+00
4.714016200780100085e-01 5.263881506057941806e+00
4.727427342174068681e-01 4.928532123496466966e+00
4.740838483568037276e-01 4.645158766811505302e+00
4.754249624962005871e-01 4.811840905276447700e+00
4.767660766355974467e-01 4.756495838756251260e+00
4.781071907749943062e-01 4.496085909952327597e+00
4.794483049143911102e-01 4.472895465127635362e+00
4.807894190537880252e-01 4.103191528520888198e+00
4.821305331931848293e-01 4.342273486791711434e+00
4.834716473325817443e-01 4.368855968579737237e+00
4.848127614719785483e-01 4.326156286147735841e+00
4.861538756113753523e-01 4.189685948900681467e+00
4.874949897507722674e-01 4.439392085817928546e+00
4.888361038901690714e-01 4.668582212190216296e+00
4.901772180295659864e-01 4.365519214538402082e+00
4.915183321689627904e-01 4.383256137590436197e+00
4.928594463083597055e-01 4.101559120874583186e+00
4.942005604477565095e-01 4.109137130250800851e+00
4.955416745871533135e-01 4.084784397460893501e+00
4.968827887265502286e-01 4.270375564572105986e+00
4.982239028659470326e-01 4.391510292706726659e+00
4.995650170053439476e-01 4.469504100731249707e+00
5.009061311447408071e-01 4.103701527256163217e+00
5.022472452841375556e-01 3.979307997219542870e+00
5.035883594235345262e-01 4.219187202223444899e+00
5.049294735629312747e-01 4.291129795844028649e+00
5.062705877023282452e-01 3.987788527486827661e+00
5.076117018417249938e-01 3.865172674952631837e+00
5.089528159811218533e-01 3.789131681420251141e+00
5.102939301205187128e-01 3.989768978050683756e+00
5.116350442599155723e-01 4.133454219207784774e+00
5.129761583993124319e-01 3.883902626013764348e+00
5.143172725387092914e-01 4.189960691095549805e+00
5.156583866781061509e-01 4.136562811418748709e+00
5.169995008175030105e-01 4.160947861372498835e+00
5.183406149568997590e-01 3.909351480039482851e+00
5.196817290962967295e-01 3.879653879556371976e+00
5.210228432356934780e-01 4.118954764116722345e+00
5.223639573750904486e-01 3.981862402464564354e+00
5.237050715144871971e-01 3.946787522533014680e+00
5.250461856538840566e-01 4.080621434981146933e+00
5.263872997932809161e-01 4.361588813475492543e+00
5.277284139326777757e-01 4.014491355733198930e+00
5.290695280720746352e-01 3.723280604864385168e+00
5.304106422114714947e-01 3.633395245857506950e+00
5.317517563508683542e-01 3.763296528944835018e+00
5.330928704902652138e-01 3.815692334750977466e+00
5.344339846296620733e-01 3.398436545412913290e+00
5.357750987690589328e-01 3.263466078845695506e+00
5.371162129084557924e-01 3.417007780249988969e+00
5.384573270478525409e-01 3.437012872661192375e+00
5.397984411872495114e-01 3.631366670864935031e+00
5.411395553266462599e-01 3.270846242411934668e+00
5.424806694660432305e-01 3.491075122630519445e+00
5.438217836054399790e-01 3.306501072511338180e+00
5.451628977448369495e-01 3.403422992277278070e+00
5.465040118842336980e-01 3.202195747564630324e+00
5.478451260236305576e-01 3.223364234679330309e+00
5.491862401630274171e-01 3.081914585625064262e+00
5.505273543024242766e-01 3.102107801659741426e+00
5.518684684418211361e-01 3.157086026121412203e+00
5.532095825812179957e-01 3.215261725825847350e+00
5.545506967206147442e-01 3.102188370463103695e+00
5.558918108600117147e-01 3.332630462715250985e+00
5.572329249994084632e-01 3.028623384340200175e+00
5.585740391388054338e-01 3.390903519895452689e+00
5.599151532782021823e-01 3.261486776786810537e+00
5.612562674175990418e-01 3.054076763211149625e+00
5.625973815569959013e-01 3.035771534682773165e+00
5.639384956963927609e-01 3.153693013494446973e+00
5.652796098357896204e-01 3.036632225403067764e+00
5.666207239751864799e-01 3.116399435504561666e+00
5.679618381145833395e-01 3.246017323616555927e+00
5.693029522539801990e-01 2.891056854169598012e+00
5.706440663933770585e-01 2.949467192092839696e+00
5.719851805327739180e-01 3.296487605395789444e+00
5.733262946721707776e-01 2.945736781077258115e+00
5.746674088115676371e-01 3.107970295426959240e+00
5.760085229509644966e-01 2.841274860210170061e+00
5.773496370903612451e-01 2.502621520466149718e+00
5.786907512297582157e-01 2.662405500685331106e+00
5.800318653691549642e-01 2.863588776912685319e+00
5.813729795085519347e-01 2.881348791159489053e+00
5.827140936479486832e-01 2.824976907265615012e+00
5.840552077873455428e-01 2.750072499867265208e+00
5.853963219267424023e-01 2.641413519554873801e+00
5.867374360661392618e-01 2.795662273812176579e+00
5.880785502055361214e-01 2.922925871808459419e+00
5.894196643449329809e-01 2.908610365287785271e+00
5.907607784843297294e-01 2.966028512701498698e+00
5.921018926237266999e-01 2.713309019470834471e+00
5.934430067631234484e-01 2.545154458135932884e+00
5.947841209025204190e-01 2.453283414104461713e+00
5.961252350419171675e-01 2.360166720362855131e+00
5.974663491813141381e-01 2.575349804729150094e+00
5.988074633207108866e-01 2.788126203238199707e+00
